melodic_000	melodic_001	melodic_002	melodic_003	melodic_004	melodic_005	melodic_006	melodic_007	melodic_008	melodic_009	melodic_010	melodic_011	melodic_012	melodic_013	melodic_014	melodic_015	melodic_016	melodic_017	melodic_018	melodic_019	melodic_020	melodic_021	melodic_022	melodic_023	melodic_024	melodic_025	melodic_026	melodic_027	melodic_028	melodic_029	melodic_030	melodic_031	melodic_032	melodic_033	melodic_034	melodic_035	melodic_036	melodic_037	melodic_038	melodic_039	melodic_040	melodic_041	melodic_042	melodic_043	melodic_044	melodic_045	melodic_046	melodic_047	melodic_048	melodic_049	melodic_050	melodic_051	melodic_052	melodic_053	melodic_054	melodic_055	melodic_056	melodic_057	melodic_058	melodic_059	melodic_060	melodic_061	melodic_062	melodic_063	melodic_064	melodic_065	melodic_066	melodic_067	melodic_068	melodic_069	melodic_070	melodic_071	melodic_072	melodic_073	melodic_074	melodic_075	melodic_076	melodic_077	melodic_078	melodic_079	melodic_080	melodic_081	melodic_082	melodic_083	melodic_084	melodic_085	melodic_086	melodic_087	melodic_088	melodic_089	melodic_090	melodic_091	melodic_092	melodic_093	melodic_094	melodic_095	melodic_096	melodic_097	melodic_098	melodic_099	melodic_100	melodic_101	melodic_102	melodic_103	melodic_104	melodic_105	melodic_106	melodic_107	melodic_108	melodic_109	melodic_110	melodic_111	melodic_112	melodic_113	melodic_114	melodic_115	melodic_116	melodic_117	melodic_118	melodic_119	melodic_120	melodic_121	melodic_122	melodic_123	melodic_124	melodic_125	melodic_126	melodic_127	melodic_128	melodic_129	melodic_130	melodic_131	melodic_132	melodic_133	melodic_134	melodic_135	melodic_136	melodic_137	melodic_138	melodic_139	melodic_140	melodic_141	melodic_142	melodic_143	melodic_144	melodic_145	melodic_146	melodic_147	melodic_148	melodic_149	melodic_150	melodic_151	melodic_152	melodic_153	melodic_154	melodic_155	melodic_156	melodic_157	melodic_158	melodic_159
-0.2421846433	-0.385048468	-1.008616624	-1.956881236	-0.4606797397	0.1348075856	-0.3557639307	0.6840164853	0.2768131594	-3.293530276	-2.833395547	2.710967349	-1.233939192	0.3437953189	-1.931729313	-0.5640940304	-2.219746162	0.8465826731	-0.7959230803	-2.923505028	-1.07667971	0.04477769337	0.3158108034	0.07365533785	-0.2603275388	-1.775590854	-0.9277317854	0.13484016	-2.591790147	-0.9863237362	2.824689377	0.5747348738	0.2176300759	-1.80301323	-0.6013556785	1.235268932	0.9258006393	-0.5839125408	0.008754833709	1.261308606	0.9926923942	-1.427656844	-0.9562461326	0.537398969	1.650391311	-1.05479331	-0.7436457013	2.685289299	-1.32791743	-0.2730220223	-2.063238849	-1.782981214	-1.033775923	-2.848214219	-1.220978681	0.4777221585	-1.19131407	-0.5319492475	-0.4276957338	0.7886116787	-2.355456171	-0.478677489	-2.636165303	-0.3640780367	-0.2512019916	-0.1419911062	-3.270710628	-0.2579006335	-0.03600428623	2.405852427	0.9272667009	1.072730748	5.262089298	-1.9416311	-1.901961701	-1.750991175	-0.5143412157	1.194620354	-0.448737567	-0.677928278	0.6194388115	0.87587603	-0.8385951375	0.8069018933	-0.4683864546	-1.143537119	-0.294105185	-2.561806658	1.927049262	0.9761843682	2.007445236	0.4780904296	0.4118916801	-1.008148379	-1.367470478	-0.03222056379	-0.1720672159	-0.1089812846	-0.6981538341	-0.456053589	0.3430139096	0.5728518382	-2.565489427	0.7900236628	3.703931527	1.108850279	-0.2492670016	-0.6558221974	-0.182891698	0.5517263714	1.583926435	1.706404773	1.325723381	0.1636024537	-0.128574156	-0.7799227525	0.2199364379	1.474697641	-1.714065703	0.08121438337	-0.2165691528	0.2160859339	0.5439482622	1.211438209	-2.570297499	-1.095944398	0.5347690542	1.070121705	-0.5481456718	-1.670571425	1.038718976	-0.2015335686	0.950088702	-0.1851596681	-1.000706881	0.360669521	1.28451994	-0.1355803325	-0.4941548562	-0.3226842673	-0.8582044273	0.5925615857	-1.140584696	2.384596957	-2.844308235	-0.008922686972	0.7354165465	-0.560742796	-2.08744936	0.09798402182	-0.0519772805	0.7151787903	1.221688112	0.2512631291	-0.02090534257	2.718091822	-1.178916752	-0.1225418917	-1.047887869	1.315839252
1.150995476	0.2909616608	0.823701005	-0.6989095815	0.6615606253	-0.009748305977	-1.220375173	-0.394418604	0.06731576311	-1.999996559	-2.190370173	0.895996748	-0.09760178477	-0.8231192203	-0.623296295	0.6342138579	-2.346352683	-1.01254314	-0.5331722407	-2.90479566	-0.3759104851	-0.5044896193	-0.04553273904	0.4268336999	0.1370928399	-1.75267302	0.0341142676	-0.2541524159	-1.780737012	-1.054491361	3.416838381	-0.2876057314	-0.7504393577	-1.068013861	-0.7672571286	-1.033319019	0.8114423483	0.8882877737	-0.2613962891	1.627677281	-1.020804312	1.36793548	-1.256492	-0.3421528385	0.4066627502	-2.666001392	1.311716674	2.268866707	-1.135216506	0.1505712977	-1.101530963	-1.851494864	1.008349425	-2.323203759	-0.8461698598	-0.1042244804	-1.612037008	-0.2952927221	-0.2217159886	0.2447079008	-1.139288806	-0.2629399627	-2.312221494	-0.8106080684	-0.3478609816	-0.3666195705	-2.844816749	-1.904207277	0.08052774351	2.157876934	-0.7429467637	-0.04104567936	4.159469139	-1.840744473	0.09408567444	0.6154374676	-0.7415392538	0.05929845601	-1.06087368	0.07760382228	-0.4618382257	0.5316615135	-1.394075614	0.1281240892	0.03332073089	-1.762319123	-0.2039671114	-2.786926595	1.391050727	-0.04366483145	1.414045537	0.05851851466	0.4797914923	-0.642400195	-0.8443629618	-0.9224508849	1.454482825	-0.09846812107	0.3136745305	1.069437687	-0.222419821	-0.8136213003	-2.791110963	1.180567233	0.4896156798	-0.2358129428	2.217146719	-1.224137569	-0.1012587961	0.7207111919	1.262101375	-0.06015104656	2.472110467	-0.1764707248	-1.184158323	0.5874317746	1.023853576	1.426352184	-0.3641808507	-0.5599970254	-1.006921123	0.544723944	-0.219412241	1.081084203	-1.576539749	-0.8091551254	-0.9514004032	0.8473302853	-0.5628336769	-0.7749095181	0.2771666	0.8552746326	2.054717023	-0.3995461765	1.385290079	0.03474740996	1.637221371	-1.222006883	0.9929709362	-1.016676561	-0.4241268171	0.1079581026	-0.2723326406	-0.3116537603	-0.2396858915	0.1424343888	-0.2788673476	-0.8884196494	-1.468288578	-0.7077122369	0.1210148021	-1.96707229	1.686604542	-1.141581276	1.768366536	1.750825966	-1.054917886	-0.6537324423	-0.1624421102	-0.2374561786
-0.8107717931	0.9842082856	-0.9382207397	2.375723631	-0.08379303985	-1.294498483	-0.2445719473	0.656187809	0.7542779386	-0.2685126939	-0.6948579678	-0.92533203	0.1435370078	-0.2719433662	0.3682164529	-0.5892895903	-1.530263504	-1.684262153	0.00711413593	-2.258869783	-0.502220702	-1.386832922	-0.08470926326	0.2396871865	-1.006996766	-1.471641172	-0.7906236652	0.5376434129	-0.7313870826	-1.340242927	2.59096415	-0.8125211178	0.8132374952	0.4705965183	-1.609508131	0.1609141902	-0.7721312791	-0.2237821833	-1.408888502	0.8214837344	-0.08960066983	2.8893112	-0.1969245055	0.1146096163	-2.148173091	-1.893515618	1.706772689	0.8739829357	0.03571381646	1.192908622	-0.05405123942	-1.167745523	-0.3169962822	-1.404379218	0.2102437122	-0.3842066765	-1.326103255	0.1691865504	-1.188003954	-0.1417676108	0.09215478397	-0.5143944666	-1.748042624	-0.4861417071	-1.117351737	3.017383133	-1.453370152	-0.2798261145	-2.47783438	1.009020268	-0.160172914	1.245360675	-0.02610164447	-1.328617262	-0.1615654114	-1.473938274	-0.463903125	-0.7329800307	-0.04887926585	0.7966584152	-0.1096921349	-0.4833355777	-0.9878817696	1.631537667	-0.5046242326	-1.461033471	1.310283858	-1.9531351	-1.407892727	-0.4291096822	0.9119524267	0.7365891543	-0.1059931947	-0.2006059612	-0.2222840134	0.90772365	1.800509278	0.1366050874	1.370884259	1.843660188	1.061636528	-2.00363833	-0.1520374925	-2.698851638	-1.668775705	0.1108728905	1.101272988	-1.272257706	0.6728997727	-1.631372854	0.3466744307	-0.4833039152	-0.7236182049	3.314474569	0.01446863658	0.8911279101	1.152852532	0.9822173822	1.252304101	-1.558726609	-0.9619538547	0.2670579859	-1.008689337	0.3085143445	-1.202338205	-0.04559147366	-0.5937536672	0.9446670284	-0.4595703749	-0.6134717505	-0.09869989063	0.4566921293	1.614323547	-0.8199216466	0.7013839635	-1.648254507	-0.2655824434	-0.9643522429	0.02946978859	-0.7560769943	1.068291998	-1.645651437	1.082539243	-1.542991977	1.176144202	0.4488429907	2.662171882	-0.1591690554	0.1159535102	-1.285291852	-0.6692546963	0.1789221304	-0.2482713825	-0.6756355258	-0.0975104241	-1.84412541	-1.381227824	0.8160368651	-1.594169232	1.252300292
1.165996763	1.711848642	0.01438946663	0.1213639057	1.783528677	-1.394088425	1.31921006	0.8244352599	1.108479841	0.4141131813	-0.9991997809	0.4976824423	0.0374913166	-0.9281552299	-0.5694492599	0.6213467772	-1.357987811	-1.404870851	0.1257708772	-0.835910432	0.5793974578	-1.552343908	-0.6395096729	-0.379959091	-0.3924505892	-1.883363074	0.4620663743	0.890867074	0.7997276552	-0.7289073987	0.5398989577	0.004784920524	-0.6340960944	0.05307201357	-1.646971432	-0.5314685042	-0.1933139913	-1.100275386	-0.449972181	0.3194183613	-0.3307688793	-0.6913506109	-1.335277239	-0.3439734981	-1.464255528	-2.035031009	-0.6053269285	-0.6171891372	-0.8874734078	0.2616863588	0.009509497621	-1.379038441	0.1424937625	-0.1645310519	-0.7520928635	-1.097161631	-0.941489801	0.06947104984	-1.346653356	-0.8883365972	0.4228368513	-0.087455912	-1.774745281	-0.02204832003	0.1796837711	-0.4242202954	0.4439050605	1.155373084	-1.430344155	0.5607857834	-0.003377933789	0.2960071899	-1.958957643	-1.958380531	0.164351404	-1.061932052	-0.2518156497	-0.2738970142	1.946590448	0.4359545642	0.1975292107	0.04783717119	-0.9435626862	-1.810984746	-1.773041147	-1.94218384	0.9185085538	-2.74758226	0.4311365838	1.956209359	0.7660444123	0.1283350583	-1.165040163	-0.6297036012	-1.56109626	1.937250926	-0.548055752	-0.005037320396	0.3774429811	0.806584479	1.004488397	-1.580179712	0.2206861947	-1.069123795	-0.3343056513	0.1830674018	-1.038494766	-2.804692069	-0.7194189901	-0.3046603806	-0.7253330493	-1.463542696	0.5421650213	0.1126327948	-0.8059935763	-0.5849188154	-0.4168926493	-0.08644257796	0.9443798151	-0.6533828912	0.9417967786	-0.8380510386	0.4515078141	0.04657321643	-2.248189916	-0.578215431	-0.7810904944	-0.8507999048	-0.1396536335	-0.7652422802	1.301215339	-0.2364768331	2.172251303	-0.6774951227	1.901002989	-0.7431970112	0.5270616041	-0.2635635115	-1.252354841	-0.5259893216	-0.3607585468	-1.010647981	1.059846403	-0.8967095	1.947754341	0.1968965199	0.1423320496	-0.5753185458	0.3404790027	1.182163419	0.9197979389	0.7917282999	1.235049764	-0.1122549809	-1.131263879	0.1560961363	-0.4935822121	2.668950496	-1.077512107	0.1828710472
-1.176617429	0.3705458496	-0.5296464115	0.5990597703	-0.8115067579	-1.532758879	-0.7938595862	-1.090120116	-0.5754715071	-0.3736950359	-1.707998197	0.3404078699	-0.1953290991	-0.3413313958	-0.8144138997	0.5124634493	-1.538622086	-0.2742759162	-0.7215574431	-0.9546284178	2.060636932	-0.7294303451	-1.018953588	-0.7834718272	-0.8827134747	-1.220407011	-1.958650283	-1.176627709	0.1360408304	0.795120461	0.1966350368	-0.165312165	-0.5325576736	-0.5959374809	-1.705111432	0.912218807	-1.484473456	1.467625203	-0.3270810349	0.9339411185	-0.06385921458	0.3306760853	1.094933556	0.6183023576	-0.323108071	-0.9186412127	0.1078305631	-0.5632206077	-1.823562291	2.7915661	0.5685243174	-2.166150722	2.038074519	-0.1548725681	-1.088910231	-0.27252045	0.1751497963	0.09811661099	-0.06479997499	-1.091709521	0.7880381446	-0.2272355068	-2.153594242	0.4390145985	0.569923513	-0.1015180889	0.4826967466	0.03914245021	-0.2646598462	0.8270013633	0.2377480214	-0.06088881021	-2.990286171	-1.781896231	-0.2578818251	0.09181554161	0.1549594764	-1.255621865	0.1325403072	0.6494631507	0.3029328649	-0.6122899996	-0.6698710406	0.3001618396	-0.3344377932	-1.505855147	-1.335706267	-2.146609687	-0.5517859759	1.015698455	0.8042924678	0.0221367245	-0.4338597969	-1.248116218	-1.525833167	-0.2647670747	0.7201117383	0.2482978455	-1.163638271	0.6947832724	2.339975677	-1.605759251	0.05637399107	-2.51018828	-0.5149466505	-1.214153924	0.3649788432	-3.528618873	-0.20701008	1.485260963	-0.9340326069	-1.037266611	0.5562359936	-2.020975367	0.6312296783	-0.1146411673	-0.1391702557	-0.6539872759	0.8247738385	0.05186996529	1.853879079	0.678715317	0.9204257598	-0.9828285105	-1.018285934	-1.67208825	0.3416304307	0.06950652833	0.7407355991	-1.044632157	-0.9817196158	-1.191888063	0.3737241834	2.091746058	1.390289773	2.138726347	0.9105130071	-1.13519247	-1.441896634	1.669351251	-0.5186190626	1.428655669	0.2934801137	0.8633393695	1.243760417	1.343246993	-1.951190031	0.0753206765	0.4912865877	2.694476491	0.02874595803	1.175179827	1.507799379	-0.9538128473	-1.577604761	1.197311322	-0.7874939127	-0.08622690946	-0.09199673852	1.665340081
-0.1602187043	-0.5734456037	-0.5234634228	-1.110744681	0.8830931457	-1.157670703	0.6453099477	-1.061400258	-1.149222517	-1.320400488	-1.023164543	-0.3275733258	-0.6165461137	0.9181336096	-0.1413977961	0.6858257013	-0.6612057287	-0.3897680039	-0.8631069901	-0.6285957956	1.415088174	-0.03096438455	-0.4797445291	0.1263514431	0.4736088096	-0.468700598	0.4823995349	-0.4200406064	-0.4944876744	-0.3424097302	0.1486898802	0.2863383077	-0.7043499446	-1.585295177	-0.8675378789	-1.466479175	-1.457993282	0.05538039364	-0.9634669048	-0.1965867582	2.436779613	-0.6465159018	1.358693875	-0.04322694747	1.049529276	-0.1429683469	-0.27798086	-0.6681961681	-0.8220281883	-0.7981707251	-0.9469628677	-1.910703131	-0.9830012399	0.3105322626	-1.934672601	-1.455682075	0.08838312835	-0.4488927113	0.01113151799	-0.920373622	0.8534004934	2.010116411	-1.908472603	1.159686959	-0.5535017171	-0.4998941587	0.915568997	0.6060854506	0.1248268576	0.005796585934	0.6222893011	-0.6170240685	-2.475039361	-0.3562415948	-1.003694957	1.784074124	0.6380409612	1.295942994	-0.3469163793	1.106375448	-0.8277801219	-1.137058642	0.004587525729	0.2107862704	1.1872276	-2.279625871	-2.216818179	-1.22292554	-2.579239078	1.862315859	2.186400453	0.1914080276	0.2233371014	-1.646992386	0.3588168324	-0.5255976193	-0.5273127406	-0.9912905306	0.2569815279	-1.234300163	1.959305007	-0.7491188331	0.7740242574	0.1894413906	0.1926607614	-1.528529803	2.563462481	-3.874946113	-1.128219937	1.402677832	-0.8050712646	-0.4438038706	-0.8205524982	-0.8196316499	-1.562829755	0.1011898169	-0.6235050803	0.5085690339	-0.1492067474	0.6870169613	1.607600864	-0.09845355359	1.53653005	-0.7500032849	-2.008275528	-0.7016516461	0.8288887698	-0.1559584125	0.9671753736	-0.7399777011	-0.9508427218	0.2379123839	-1.734305675	1.490901656	-0.8027470967	2.401482829	-0.3694249042	-0.769371536	-1.248917658	-0.6893319845	-0.9640303785	0.5603269943	-1.339865805	2.278946553	-0.9556965399	0.6539630087	-2.045073042	-0.1129666629	2.398758271	1.379891337	0.008143885605	0.4846778267	0.1307194444	-0.7995322531	0.3882827515	1.105093357	-0.03186092279	0.1830132537	-1.472920405	2.15294365
0.9384797101	0.0933792158	1.649377412	1.07790845	-0.8337752707	-0.6821830513	-0.9518956428	0.1108053778	-0.345687781	-1.34597593	0.4205402922	-0.08496429102	-0.5397187934	-1.167479761	-0.4085604908	0.9256831674	0.102654022	-0.7983926711	0.04478943609	-0.5338974305	0.6039558502	-0.2678975415	0.7263400225	0.4939307941	-1.218206005	-0.4855668758	1.293706786	-1.037920789	-0.8168364423	0.24872587	-0.4567242016	1.061447264	-0.09152065284	-2.268620132	0.1821230689	0.2586659984	-0.3200454654	-0.7140959887	-0.2154094154	-1.093931251	-0.9364657362	0.3009389142	0.3106256462	-0.9010926278	0.5616705787	-0.131208901	0.1742194384	-0.9726260094	0.07766720783	-0.5977455407	-1.111566602	-0.7591464003	-0.3734348228	0.3716590182	-1.429811847	-1.112329582	-0.6168249192	-0.115036642	0.5774300566	-0.8101161439	1.314045793	1.871372951	-1.621968102	1.549210038	-0.6696078019	0.476759396	1.567054049	2.235203979	-0.1777937687	-0.7091384839	0.4055730094	-0.1852283906	-1.780528716	1.436628923	-2.032364744	-0.2306962703	0.3359195507	0.9471141293	-0.5240351064	0.5714605807	-1.972336011	-1.171113941	0.4419749056	-0.6742826531	0.1957169297	-2.103794706	-0.6750452334	0.08571983123	-0.8340015569	1.160123229	1.636837601	1.210005899	-0.5536924615	-1.50866252	-0.2245914351	-1.086675823	0.4887331834	-1.782799316	1.900667025	-0.9678177639	0.6566592928	0.2679858898	1.234730685	-0.1160886997	0.9536032922	-1.130860436	0.8897285783	-1.400589888	0.1446858541	1.298766801	-0.3038948568	-0.172889654	-0.6175791177	0.3103451895	-1.723755271	-0.03431954909	-1.46113916	0.2483047745	-0.8962702931	0.753963462	0.8322715523	1.157480255	0.05308801612	-1.129738819	-1.797529415	0.2297609122	0.6120824516	0.349857867	0.3997894983	-0.7639370382	0.4053164106	1.143230309	-0.2578342054	0.4799637976	-2.646406858	0.2336149398	0.316138407	0.01670164172	0.5330622862	0.965302378	-0.3957988256	-0.2952612428	-0.5826730127	1.221266397	-1.832168589	-0.1888701336	-0.6343072618	0.5057865152	0.7171644571	-0.5537953875	0.8491910431	-0.6953911155	0.6234826926	-1.236037441	1.590285836	1.761111296	-0.3313966122	0.20038956	-0.5612186217	-0.6034464793
-0.790528898	-0.4470046071	-0.8649398125	-1.01128569	-0.6677882109	-0.6537347943	0.03647972784	-0.7701064039	-0.8414205106	-0.6473986747	1.03061651	0.2133812962	-0.3457425795	0.241256004	-1.101496812	0.193833531	0.252719147	0.4769375749	0.4449070676	-0.3425620668	1.33850926	-1.221657458	0.6327142169	1.128333819	0.1237187137	-0.3919652035	1.018161296	-0.05929968927	-0.7219654484	1.094278228	-1.145294673	0.9129370655	0.5789465075	-2.515000364	0.965532164	1.846394964	0.2333033146	-0.03211025207	-0.2413567923	-0.645694971	0.133789573	-1.526136914	0.4507739639	-0.02765764897	-0.1277101501	-1.352016266	-0.971640995	-0.6974137384	0.1759505486	-0.9280850734	0.4579024187	-0.1537385314	-1.691022083	0.4521625902	-1.048946443	-0.4371110512	-0.5426663479	0.7810926023	0.1251719268	-1.04756423	1.53340569	-1.662565558	-1.663596231	1.991402761	-0.9142776384	0.9038760977	1.235080409	-0.3544101635	-0.396967835	-0.5757853519	0.03705297259	-0.5305174725	-1.180644972	2.491628929	-0.7191522627	-0.9155923996	0.3297190115	2.26443743	0.3076614558	-0.5405499232	0.02304865757	-0.6093548613	0.2501229125	0.1246454241	0.6230838098	-0.631343855	-1.207720916	0.4233934844	1.869884234	1.648237645	0.2897373917	0.8321759559	-0.4855340917	-1.487938605	-0.8823752726	-0.5861458154	0.3689738125	-1.203779794	0.0599444607	0.2690206816	0.182936208	0.2000931323	1.304789437	0.370200552	0.873934606	-0.325668583	-1.874603567	-0.3149753649	0.2288501146	0.9186060052	-0.2307606439	1.582344224	2.109019428	0.8296177082	-0.687078828	-0.5180795282	-1.136925601	0.3699222118	0.12242414	1.413542421	0.7568496188	0.4681642249	0.5028358384	-1.181055682	-0.9848385357	-0.741889459	0.1618392549	-0.9874803166	0.6606651407	0.4556290143	1.086016663	-0.5029470066	0.6475278153	-0.2670669454	-2.590892893	0.8944586551	0.8995454741	0.5928981107	0.1740608021	0.3998720022	-0.8264207911	-0.5927978158	-1.28842947	1.741078632	-0.3810576345	-0.1968305349	0.625520016	0.4381374989	0.7876458199	-1.23430164	0.8573574744	-0.8974162045	1.723790543	-0.3722334702	1.384542884	2.652322797	0.5027576618	-0.1367015371	-0.06449231854	-0.4155510537
1.010658321	-2.313655077	0.7230703079	-1.112395634	0.8420958857	-0.4343007103	-0.8675545962	-1.604169329	-2.363462595	0.2409282562	0.9600257419	1.518125161	-0.4262122178	-1.216191482	-2.735866849	2.985412154	0.01689499184	1.619029262	-0.1861778199	0.7795417557	1.236963261	-1.862737344	0.548681753	0.8480102245	3.362607638	0.502551239	-0.9425110248	0.6190183352	-0.4986247825	1.220909108	-0.9736106626	-0.8806353503	-1.213809073	2.147428283	0.7568826557	-0.311857855	0.3139128263	1.969303168	0.3031721682	-0.419124115	-2.147721198	0.6721477028	-1.660676874	-1.074191968	0.9792166228	-3.422242833	0.263515192	0.1059199763	-0.3040246718	0.1850369998	-0.5756313443	0.1090573119	0.1659023149	1.141166821	-0.8190078697	-0.6973832802	-2.311474461	0.3215757245	2.579189174	-1.501221837	0.9580542392	-0.3789285736	-1.694783845	1.664100687	0.9080791845	0.2464175139	1.407489403	-0.5500610121	1.963928	0.06421910422	-0.4524970213	-0.1625165471	-1.297854293	2.78986186	-0.822159528	0.3714009277	-0.1100397513	0.193063245	-0.03000156465	-1.098295258	-0.0424665389	-1.447004067	-0.5299206874	0.6866636305	0.6715053129	-0.8670953836	-1.651885217	2.278219945	0.7679025568	0.3340845009	0.05296809197	0.1457688098	-0.3080099893	-1.040723097	-0.06944119401	0.2513522623	4.136780028	0.6174079608	-1.867028672	-0.8590802447	-0.5418287437	-0.31633297	1.456370523	-0.9303216359	1.100231645	-0.4359629958	-0.4947070755	-0.1257807646	0.2568425891	0.8715067128	-0.4224257105	-1.347709562	1.769226011	-0.5290359601	0.495432572	-1.191137667	0.4670128414	0.5703416497	-1.206139977	-0.4759045198	-0.230603202	-0.07549974633	-0.4066310993	-2.779286993	-0.9644798786	-1.186605333	1.936541883	-1.993443794	0.05971000075	2.060335583	1.795624254	0.2925568912	0.2199730944	-0.2980696036	0.999719173	0.5989809951	0.8007499115	0.4727993219	0.2262733642	1.303020902	-1.181544748	-1.043775779	1.973938244	0.2834556517	-0.4136606371	-0.5894978684	-0.9262280329	-0.5119016841	-0.9506628441	-0.3078012135	-0.7519588562	-0.5158403501	-0.4824590291	-0.1088403067	0.6490775026	-1.19680577	2.667206633	0.05630067866	1.063238096	0.5149167135
-0.08941944328	-5.943743014	2.08274354	1.7093694	-0.2263638766	-0.8222953481	-0.3462143728	-3.559265	-2.008373544	-0.1308832595	0.7742280938	1.713439624	-1.08206938	0.1286818613	-0.4664423572	0.8487431352	0.560977098	2.513031074	-0.4230800098	1.401019655	-2.494424001	-0.7325140553	0.3333808479	-0.09819403887	-0.334631482	-0.2309487284	-2.337122055	-1.551969552	-0.7027342839	-0.5170760392	-1.81990153	-1.061818853	-0.1852886086	4.075525622	0.03831651362	1.40152741	-1.117197864	-0.4239924849	0.1096534796	-0.9626626814	0.3605804176	1.172673386	-0.2421633017	-2.075224272	0.5658271536	-0.9996399637	0.4278822127	-0.2093120784	-0.2156762934	0.2745735119	-0.6413224595	0.1635137917	1.327868632	0.5054261847	-1.421582915	0.6185288439	-2.334212411	-2.362782855	-0.1978640385	-1.357975352	0.2598250011	-0.1032216887	-1.588401986	0.6510366129	2.748116109	-0.9660053307	1.795740917	2.752046225	0.5602649951	-0.1537928692	-1.095029241	2.64784905	-0.8072954895	3.519156886	-0.9016090766	0.1032638322	0.3243892201	1.270441807	1.819754226	-1.976337875	-0.2353287297	-0.8844645797	-0.1322629306	0.377701962	0.6328336025	-1.549653206	2.147471402	3.130780033	0.3666653836	-1.446747208	1.644926275	2.445636646	-0.08007514847	1.960475134	-0.05714995942	0.7237890061	2.548750947	0.1828762711	-0.1990284395	-1.442154141	0.1107581455	-0.1224676965	0.6689494554	-1.335112931	-1.406123505	0.1577875811	0.3447188486	0.4293251026	1.088313906	1.519990249	0.8914343105	-1.062408117	-0.0315872261	1.140314018	0.5078234901	4.738601944	-2.576846522	-1.691401061	-0.4399605125	-0.4189663962	0.5852409611	-0.3165661177	1.764678452	0.7005524221	-1.45223978	-0.9126916332	3.159418538	0.6954420739	-0.5372137891	3.167379769	0.856185273	-0.9050882874	-2.114011373	0.7308466221	4.629265599	0.1366792852	-1.147942057	1.190486316	-1.057515183	2.796455274	-0.1768171902	-0.7037109544	0.5875296217	1.007619157	-1.637692643	-0.5734350161	0.1137209618	0.2218223942	-0.2220672052	-0.2604779384	-0.8688328273	0.8445627192	-2.174273742	1.066858877	-0.9634212145	-2.424772801	1.971753112	1.097680812	0.7898544823	-0.690913247
-0.1319018213	-1.587120023	-1.375880763	-1.020146815	-0.4733270481	-1.374421524	0.06617276515	-1.620112526	-1.454098948	-0.4586869276	0.9673351616	-0.988015023	-0.5405052125	-0.1698439987	2.640881257	-1.089538745	0.5464101749	1.514382886	0.2211215465	0.9996342338	-2.093996619	-0.6335632475	0.5947238251	-0.5739077899	-0.2283581063	-0.03832993059	0.2879757661	0.5623020028	-0.2058257338	-2.376611438	-1.928876097	0.2553832226	0.3427968499	-0.1646276751	0.3917876945	0.786188743	1.788587968	-0.9164138373	0.2980375302	-0.8797510284	0.9354268058	-0.4801577365	0.6239769122	0.1011680868	0.648808329	1.19677861	-0.643919381	-0.4856881954	0.6242573737	-0.1359444796	-1.653309226	1.756684443	-1.747670459	-0.2505893602	-0.8006630681	0.6175129083	-1.317014161	-0.3204312341	-0.5258918046	-2.312576981	0.08376461451	0.126740022	-1.186782598	0.1569758643	-0.5516015484	0.0405752308	1.010898943	-0.5369891922	-0.425643251	0.5536914286	0.1812858969	2.115318962	-0.9347366296	2.846554105	-1.242637406	0.5840083179	1.09214914	0.2587980511	-0.2139183185	-1.680074132	-0.04820394659	0.074885013	-0.1537521335	1.089526943	1.393007799	-0.5542578918	-0.07700618899	2.543242159	2.132239578	-0.6512562146	2.465427345	2.390114445	-0.09318315717	-1.215979674	0.1519237939	-0.8395977852	-0.6128908529	0.1105408727	0.4379903668	0.07076136341	-0.1447084998	0.9280482797	0.5957743348	1.423369926	-0.6434488788	0.5405744292	-1.3544214	0.2980794302	1.112585814	-0.8394277792	0.733953941	0.7216598208	-0.3893667722	0.9101317772	0.548767143	1.855818621	-2.959033034	-0.3043003203	1.971024104	-0.7759111332	0.3810827878	0.2284943731	0.07001943661	0.7097459972	-1.924989575	-0.8935270667	-0.6013812728	3.081380706	1.582329346	0.3014858782	0.1946406875	-0.2361352647	0.5096750039	-0.4478288921	0.9158322662	0.4151875887	1.004597702	-0.5599510215	0.4673888179	-0.3172875256	0.262739625	-0.268550588	-0.2792428643	1.317746986	-0.8571762916	-0.4417145602	2.715852057	0.1978186813	0.4163982076	-0.3923491573	0.6389963916	0.9443500993	-0.3724637326	-0.7631268634	-0.8708083766	0.2407056984	1.10624434	0.4841027603	0.04863339708	-0.8430807867
-0.4794912486	-0.8608895292	1.272010287	0.8379136531	-1.356239176	-2.305642166	-0.9066208902	-0.177940879	-1.811266888	-0.7111182314	0.8702270247	-0.5135631327	0.4132238781	-0.74657352	1.601791279	-0.01333855877	-0.1991234264	0.7339065649	0.07795297937	1.356469311	0.701529063	-1.60214281	0.1908241325	-1.211307323	-0.766776283	-0.3980552204	1.438057043	0.8466658663	-0.02955221011	-0.9007383039	-0.6326067048	-0.3667945588	-0.6845186252	-0.9614926669	-0.7651644601	-1.204227791	0.3124103629	-0.1219735758	-0.3559787422	-1.086845399	-1.469925179	0.5223661226	-0.1181048999	1.514292464	1.014970416	0.379013832	-0.1580339641	-0.3239537549	0.5122450867	0.0985389896	-1.636678912	1.164721191	-0.1209660438	-0.2524406992	-0.7595081595	1.224008942	-1.322251629	-0.961281586	0.4395292283	-2.525040859	-0.1603042172	2.075108066	-1.220755364	-0.8110276722	1.674401416	-1.663925097	0.2945350478	0.8789481353	0.4833875822	0.7494971034	0.4328345162	-0.9158059707	-1.107248046	1.50681713	-0.879458104	-0.4396785489	0.5041392223	-1.209231205	0.8368432352	-2.263954346	-1.68471862	-0.583709494	-0.6544208899	1.129478026	0.3304407672	-1.049144852	-0.7626871995	1.218986409	0.5450127871	-1.036314453	1.892139074	1.343495524	-0.8352645291	-1.113672635	-1.485442604	-1.597025839	0.909283417	1.621239715	-0.7457739338	-1.686011437	-1.125075956	-0.0525029241	0.4992774279	0.6781974957	-0.997572825	0.269334276	-1.494640854	-0.230256138	0.4250322766	-0.5614472707	-0.7290010702	0.5763651799	0.2968085492	-1.179962356	0.8874397981	0.4527437662	-2.44158192	1.17435869	-0.1877855356	-2.028727862	-0.1509794633	1.106257811	-0.9534515521	-0.6556760984	-2.47080546	-0.1042681039	-1.82309131	0.427489632	1.014387677	-0.8275016455	-0.9495328587	0.06061139505	0.1537550314	-0.5911049528	1.942689256	0.7314617142	0.04038389658	-1.510358966	1.931334896	1.286493031	0.5012334878	-0.8282574136	0.6570038406	-0.1114745042	-0.5427206339	-0.3306917844	1.696088993	0.2891367796	1.137631393	-0.9796930102	0.6120504516	-0.1497711873	-0.06569116906	-0.9479837075	-1.82749159	0.2050080321	1.535418764	-0.3375520067	0.1588071425	-1.304815528
0.1065402872	0.1423088877	-0.4970745037	-0.8360307358	0.9045735129	-2.04061884	1.061030387	-0.7879045345	-1.421508735	-0.6042915201	0.5933832987	-0.6937049535	0.7541581219	1.880326794	0.2116382757	2.050672088	-0.719771761	-0.1910923953	-1.160245832	1.107981254	1.714311534	-1.00932205	-0.402960963	-1.554159547	1.127384614	-0.7090415798	0.07918850545	-0.6929058312	0.1827143483	-0.2555706894	-0.8154206575	-1.870856732	-1.0449019	-0.1998769479	-0.7290026914	-1.18518605	-0.9882158239	-0.6413727901	-0.607640761	-1.369826973	0.5350485321	-0.8181824097	0.3987004759	0.8408848445	0.2547776635	-0.4582456866	-0.06810860168	-1.060504109	0.1064404776	-1.502176039	-0.4696334075	1.080942081	0.1156468536	-0.4675864045	-0.2263185164	1.085792979	-0.7949298626	-1.146202744	1.368439788	-2.111439224	-1.160720624	-0.5244233943	-1.101797616	-1.177856642	-0.5407577306	-1.174212675	0.1006912973	0.240873036	0.303191448	0.5479057291	0.3812353508	-0.9636352208	-0.9483306158	-0.3203242575	0.2962005477	0.1184788581	0.6734273386	-0.7522270014	0.4448465715	-2.104205829	-0.2365054935	-1.241112954	-1.120765728	-0.6656798983	-0.4156063468	-1.840015397	0.08910291387	0.3149877733	-0.4920444313	0.01942643066	1.98819254	1.007714506	-1.962137645	-1.255490972	-2.017529852	-0.8723886486	-1.129068655	0.9104198965	-0.7936652411	-0.842093082	-1.483160603	-0.3997970364	-0.5592627129	-0.1695125033	-0.7175942185	1.187980953	0.8464449786	-0.119093145	0.8200530192	0.90264252	-1.412023801	-0.2741424623	-0.4017323738	-0.8629071271	-0.2348606083	0.9289388806	-2.907082796	-0.9282639066	0.1036158288	0.1580050783	-0.5475169446	-0.1189377157	-1.688145341	-0.3053870366	-2.757533692	-0.2500391231	-2.006529778	-0.8811430262	-0.3433789245	-2.988140917	-0.02555132634	0.3317440392	-0.2026837419	-0.1939255439	1.905033399	1.221562233	-1.435079936	-0.1895235876	-1.042592355	-0.7819164245	0.3016888644	-0.2482177223	-0.7083493601	0.8492831451	0.8986133051	1.289262593	0.4054590188	0.464229417	1.808710379	-1.658208376	1.694216616	-1.086648203	1.613936908	0.3613021597	-0.6647989884	0.2353416808	-0.6658114825	1.534020674	0.4824377964	-1.358876507
-0.8831256814	-0.5387064219	-0.1164925719	1.852648573	-1.126902021	-2.120671314	-0.6610790028	0.2263413726	-1.122190444	-0.8876935734	0.7126302329	-1.301542848	0.1415662829	-0.2980330216	-0.2119447692	0.02622521494	-0.5135824213	-1.876535819	-2.3388718	0.8046020391	-0.07185915121	0.003275537013	-0.5113751811	-2.051783481	-0.8523275874	-0.9688346772	-0.3401096454	-0.5806421043	-0.4000008456	-0.5936323778	-0.9786433653	-1.470676817	0.2996998905	-0.6512497397	-0.5798847937	0.2171551184	-1.341233621	-0.4547794097	-0.4569731257	-1.307201649	-0.5588687343	0.5704773556	-0.9756331443	-0.1645803853	-0.2094106531	-0.6437568424	0.6807154102	-1.21214725	-0.2229199432	2.725693583	-0.9081206746	0.4558951081	2.368769062	-0.5383644129	0.6459451202	-0.6748571023	0.1699385743	-0.7134662161	-0.2213575734	-1.566489071	-0.9073004071	-0.2818951438	-1.334955469	-1.261301727	0.4959999151	-0.008757383415	0.1019602773	-0.3526019626	2.077181091	0.04643019985	-0.3276056628	0.2247481139	-0.7841489977	-0.8497161832	-0.4106102331	0.404653552	1.038819576	-0.6803515341	0.05262198199	-1.485564598	-0.2311624789	-1.515323271	0.3125345746	1.360868529	-0.1227369013	-1.729841921	-0.3614388687	0.7155635113	-0.3773851663	0.4716861428	2.359009682	0.5117296086	-2.21805496	-1.723057931	-0.8663921851	-1.326002585	0.6077161377	0.7524219132	-1.104879822	-0.1734642803	-0.8219358014	0.188353407	-0.1566260392	-2.196248374	0.4830375462	1.083587799	1.305563539	0.00933001465	0.1065961555	1.674809834	-1.313138236	0.2726089384	-0.6705763992	-0.7506849185	1.601759966	1.846581759	-1.557887563	-0.6876252766	-0.1456470814	-0.02204033023	-0.557460269	-0.6492556617	-0.9139068019	-1.012033611	-1.558968104	-1.115570424	-0.9081475291	0.9023938204	-1.326731236	-1.341925347	0.8837139236	-0.2430168227	-0.4324490566	-0.1337353895	1.272287255	1.903524249	0.5190571907	0.9223658331	-0.09680438643	-0.1513958384	-0.009688875486	0.7120664053	-0.2686436696	1.32240019	-0.6230049199	-0.5528213377	-0.6881499054	0.7613420817	0.5346945673	0.5556478451	0.7472079717	-0.2924958192	0.9740907644	0.5917468405	-0.1721126527	0.2695799092	-1.745258005	0.5012318376	0.1181713965	-0.6244776219
0.02999654909	0.3886436175	-0.150710603	-0.5092091189	0.2587269803	-1.856888176	2.338283896	0.9146424593	0.5891999033	-1.243147465	0.4861636852	-2.576344451	0.7067537307	2.07260384	0.5178928615	-2.001594905	0.06338501964	-1.185565482	-1.833892259	0.5581741721	0.1927894968	0.6744098227	-0.2751923814	-1.552418088	2.044067474	-0.4617130075	1.540036444	0.4124719366	-0.7980526633	-0.375874802	-1.013346503	-0.4508924825	2.37284849	0.8948964402	-0.2431435874	-0.7278017563	-2.019268247	-0.08145946526	-0.3864410405	-1.266674665	1.282266484	-0.2640276058	-0.8272578016	-0.7667293169	-0.5651719858	-0.3734171643	-0.6604172074	-1.000120315	0.2742669413	-0.5154311124	-0.9534296555	-0.03187827545	-0.1504153357	-0.00660742307	1.355207295	-1.403597918	0.1806883925	0.4322606747	1.753061645	-1.398111472	-0.5162217762	1.267733175	-1.080389119	-1.537762409	-0.5507180224	-0.0995326664	0.9776916122	-0.7598782993	0.903670651	0.3793594238	0.9802731018	-0.01546149699	-0.07200264737	-1.238353756	2.041259784	-1.819653776	2.071877552	2.564194613	-0.424159809	-1.317782169	-1.047437575	-0.7781102602	0.4734207544	-0.3860506522	0.4904427508	-0.4375568376	1.548664681	0.2628454221	0.8908674085	1.105857077	1.700455786	0.5565113083	-1.857071659	-1.854610402	0.6807493168	0.06590639636	-0.4418104928	1.507206044	0.9623139012	1.662001946	-1.178048018	0.9032265639	0.3904864689	2.183053137	0.896020543	1.468236427	-1.805640936	0.9812044851	-1.574543049	1.21585876	-1.386123177	1.658972519	1.346456702	0.5551856957	0.7365025949	3.683962229	0.2136128434	0.7506963874	-1.092472031	0.9790594379	-0.4362824971	-1.039652113	-0.7370667635	-0.9415992648	-1.800260195	0.7967720193	-1.640313661	1.158724944	-1.24323191	1.196779871	-1.500433565	0.7948916377	0.6638249012	0.2299136138	1.730017995	0.4197082546	0.2185181173	3.1092203	0.8564942557	-1.664549345	0.04265218455	1.721089098	0.5225284506	0.1637399828	2.098449303	0.6219402277	-0.3817532679	1.005702493	-0.3485319501	-0.05153829854	0.8024918478	-0.7081437875	1.493212451	0.8079394152	0.2476723495	1.079835323	0.9616184995	-0.7543877658	0.5577848487	2.890097184
1.300493779	0.3472800771	0.3709937977	-0.7809710921	2.401307727	-0.2949254523	2.765300961	-1.534119471	-0.6900955215	0.08807881504	0.4951449151	-2.228830244	0.2095582444	0.7700907107	0.7142328377	2.160000685	0.4367215715	1.47622408	-0.629108743	0.3081049502	1.516545071	1.735395958	0.4078253411	-0.5941757793	0.6201600412	1.009171216	-0.1564326253	0.3704444077	-0.3025937362	1.811085722	-0.7999313543	-0.04333903554	-0.05040551612	1.615617688	0.649393412	-0.5130789915	0.3082367154	1.02821754	1.609648906	-0.3214091142	-1.481017662	1.592029562	1.591387494	-0.7723521333	1.246454879	4.597719551	0.1407838649	-0.1101851785	0.8443055857	0.4146318169	-1.392650476	0.5874342135	0.9437384742	0.774603758	2.296123609	-1.336784735	0.6462552704	-0.07741049703	-0.2721755899	0.1215801963	0.6682121337	0.4306254269	-0.5410674148	-1.031342403	-0.3562524673	0.3328415971	1.387428675	1.602074686	1.021805963	1.280116854	0.6104341885	0.5399786481	0.9306276214	-0.2052463168	2.699313306	1.024568762	1.633028573	-0.03137310396	-1.216467266	-0.8835207263	-0.01336674782	0.4680424555	0.5356193024	-0.9106304246	0.3211518638	0.5527141662	1.349624417	1.391202147	1.51551065	-0.9724988412	-0.59042576	1.51272402	-2.081956598	1.165826728	0.3399851848	2.707826782	0.9512069947	1.13478289	-0.4830371468	0.3307952799	-0.5127105752	1.081208154	0.8042384734	-0.8716613247	1.230598436	1.458769877	0.06671384284	0.575549602	1.181024534	-0.8136627825	1.022174187	-2.665016546	-0.2734056736	0.1573132949	-0.1825950268	-1.052433807	0.1373534676	0.3016585746	-0.06815729811	0.7339442291	-0.01591136244	0.3183083777	-0.7389212329	-0.2571446785	-0.5673607056	0.9877444395	-0.358989705	-1.327608807	-0.406652902	3.735282199	-1.260778807	0.8539535727	2.946266872	0.2289767451	-0.8708470566	1.78002737	-0.4452647664	0.1518438726	-0.8784955418	-0.175105983	0.6598012805	2.3111692	1.429580643	-1.093297471	1.679329035	0.787906472	0.3905848321	-1.43016311	0.2154682691	-0.9141220451	0.8622275531	-0.1639707014	1.384998926	2.277137288	-0.2954129654	0.9258111496	1.031115744	-0.8681908141	0.6275033466	0.5603655726
-0.7295111316	-0.939794278	1.469450231	1.814482922	-0.6693068166	1.134636923	0.7753422909	-2.848972481	-1.399952547	0.1606658439	1.060939174	-0.4743076737	-0.5131597059	-0.1356454792	1.810567834	0.3361826159	0.4036731399	0.7360534945	0.255986207	0.6260463534	0.535310365	1.508948621	0.6698210004	-0.7959597145	1.578255823	0.3103261687	0.1690220218	-2.077663928	0.2273310593	0.7093258515	-0.04301411751	0.8128042345	0.9973755762	1.867886702	0.6060006656	0.02456521435	0.3625677292	-0.01776555961	1.962951158	0.9682061134	0.4682755119	1.118245893	2.284216094	-1.018861025	-0.2655006774	6.313937782	-0.06782569653	0.4596296541	0.8094874201	0.1373459736	-1.394788245	0.4549269134	0.7450354573	1.57654965	1.908462716	-0.03950467999	0.455502094	-1.323338885	1.447713207	-0.1620019294	1.179083676	-1.279435916	3.947881547	-0.1567764124	0.2731320935	-0.0177337453	0.9031214755	2.385419877	0.1516883596	1.29611954	-1.027113322	1.981727998	1.245677584	0.9154441672	2.242711248	0.5744642193	-3.525776565	-0.4270342342	0.9080663298	0.763845385	-1.009669804	0.2932624453	1.721271007	1.59682619	0.5440516178	1.417520384	0.1151746766	1.394746567	1.487215601	-0.7585204299	0.3053696291	0.03179782043	0.05069460776	3.099276509	1.099747867	1.412294988	2.777385231	0.2903685318	-0.1719249606	-1.202145561	-0.7934606164	1.631571448	0.7811147462	-0.6810527859	-0.8242168919	1.466241912	1.676247426	0.9333394964	2.12604457	-3.220149396	1.449486231	-1.403934032	0.005625316372	1.210595466	1.959455827	1.406326325	-1.258222413	-0.208447319	0.6212619897	1.586270228	-0.08765541756	-0.5032467715	1.605318957	2.940029169	-0.04383050279	-1.023350403	1.71504991	0.5862680509	1.97644306	1.421384468	-1.112157686	0.151381024	0.1873898241	0.9353983743	-1.837510091	3.688482178	0.4921365462	-0.8403608952	-0.8271767465	2.837234159	0.4035934653	-0.2534576489	-0.2937638897	1.871713067	-1.987870892	0.1713011601	1.102164427	-1.572466322	2.446293467	-0.1393334395	-0.9807405028	1.314545656	-1.365981028	2.933288041	1.56608609	1.110062119	0.4362741858	1.315683533	-0.7100214166	-2.073574323
-0.3920075881	-0.999771341	-0.8245150646	-1.0626824	-0.2028818637	1.344815906	0.9516226931	-0.5514352322	-0.08633843157	0.1903389043	1.536220162	-0.9194222277	-0.1200200174	1.096247507	2.758261929	-2.199270488	0.712935186	1.053714976	1.303103235	0.9587758858	0.7557393861	1.76359155	0.8005530001	-0.1723111557	0.9734711108	1.721277446	0.07365407236	-0.4078714887	0.8603970703	-1.992114149	1.098900793	1.296803697	0.6484249929	0.3639359416	1.163487415	2.195753513	1.364677132	-1.873246102	0.5749349764	1.403234594	1.799694558	-1.267847615	-0.5466017973	-1.012584869	-2.541882302	0.2668057652	-0.8214393763	0.7047465365	0.9271312363	-0.9596703582	1.213297073	1.265100213	-0.2800878363	0.8001932404	1.541198651	0.8685579344	0.7756171346	0.2256869992	-0.06707008049	0.8340214032	0.9478044863	-1.495835447	3.175953286	-0.6393082142	-0.5560473151	0.2701952193	0.7228800079	-0.7541041792	0.2763482056	1.740106142	-0.01048083652	2.228994118	1.601657951	2.556401778	2.214695355	2.516398657	-3.632058601	0.5681712241	-0.04460080067	2.026191261	-0.8384392336	0.6089502215	2.194177585	1.065990857	0.4875718711	3.046947032	1.867214107	1.063034831	0.6092935523	-1.732463507	-2.028604906	-0.1621786569	0.4588135739	1.189924159	2.229678919	-1.343691526	0.9857347957	-0.1653973702	0.3968787089	0.7670246558	-0.9825291991	1.523879265	1.351040171	1.431344559	-2.065947552	-1.356398986	1.137722929	4.333108045	1.194725146	-2.364599875	1.238381896	2.307663758	-0.06635290515	1.224374093	0.9024265145	-0.5367235608	1.702353806	-0.3267165583	0.7993935177	-0.1031291333	0.3622281793	-0.7860668565	0.5601248245	3.292448794	0.1923354684	-1.888857831	0.4342234594	1.152785069	3.415939187	-0.1110421107	-2.709892992	-0.2387129612	-1.548368599	0.4705942754	-2.694112275	2.155810126	0.7065446941	0.03850572492	0.9362765965	-0.8452926567	1.051847464	0.7020332135	1.603080291	-1.78892033	1.215899667	-0.3355529149	0.4570212996	-0.7318359117	-0.7977973392	2.07058215	-0.8691176236	1.449660162	-1.700648315	1.012045964	-0.3002817408	0.7513157674	1.223561222	2.098430882	1.591920796	-0.6457177586
-1.320861762	1.583849126	-0.7036201333	0.2307469927	-0.7415020057	1.434626308	-1.087549757	0.06005867304	0.7161260876	0.1450273733	1.198618239	-0.6755889702	0.877695249	-1.077602645	2.282788747	-1.039987997	0.6176866976	0.766776992	2.633202522	0.8925181519	0.1316709704	0.347885026	0.2632080486	0.5347934618	-1.336179568	1.201917972	0.7634572885	2.76570392	0.4419973965	-1.069639209	1.535671337	1.726683601	-0.379533117	1.38943535	0.3288728521	-0.7509373984	1.463557999	-0.7790216269	0.318435277	0.1926480121	-0.4649388578	0.1463966422	-1.119183939	1.739959336	-2.612412476	-0.5414448266	0.680859796	0.7912616012	0.3159644008	0.1521040895	1.115443865	0.01071444241	2.230470446	0.411517836	0.4150920352	1.401341029	-0.07071185434	-0.2480159659	-0.7229675435	1.63294458	1.17965246	-1.272322966	1.834727815	-0.02814662831	-1.144896243	1.877735186	0.5034059021	-0.5215066995	1.57819509	-0.3347990543	0.6433606131	-0.8971728279	0.7611870369	1.32014591	1.248089641	1.251812627	-1.029771994	-0.8411191412	-0.1854190473	1.238170588	-1.02930381	0.6221110161	2.01874981	1.776734027	-0.7041454987	3.152834082	2.812021146	0.1420264217	1.031714666	-1.658542091	-1.134451365	-0.9224970699	0.1605081793	1.092001969	2.125478662	1.155011658	-0.6550882696	0.9557780973	-1.026747169	1.011988044	-0.9879113098	2.017864398	1.241844134	-1.438242745	-1.677221803	-0.9203326216	1.693140658	4.023668915	-0.4825407278	-1.894656401	1.129796515	1.610966205	-1.174879504	-0.3380362747	-1.091829502	-0.4126210381	1.361989365	-0.7874831036	-1.064643508	-0.7534711414	0.452134153	1.400179462	0.3414134498	1.385058147	-0.470619867	-0.7994732307	1.814045794	-1.630491729	2.287007081	-0.4898555076	-1.076798283	0.270451408	-1.98743551	0.4708077425	0.1611828937	-0.5339666762	-0.5813331871	-0.8724815522	0.07066054004	0.2974128338	1.136168304	0.3160472971	0.743591417	-1.807802922	-0.1380308731	-1.494990212	0.3310684529	-1.208970184	-1.247661172	1.359475846	-1.25773344	0.9911209979	-2.855394266	0.2482100682	-2.241916023	-1.266833085	-0.4254883409	1.213947156	1.949078617	-1.108581418
1.181060459	0.5546962184	1.545041123	0.3928218417	1.432810516	1.818203728	-0.9861394152	0.1067301795	0.8129874857	0.8449140977	0.1769819085	-1.227211699	1.285775017	-1.191924395	1.790034462	-0.6081913724	-0.5102489962	-0.7491887421	2.503554604	-0.1210584429	-0.80922997	0.0973168108	-0.7348061431	0.6916916754	0.9616923724	-0.1921546002	0.01519070823	1.253232963	0.3278212236	0.0042780942	0.5801701091	0.5988327121	-0.4155971511	2.064786374	-0.2584687403	-0.5228689108	0.6180010697	0.2462827168	-0.3801193813	-0.5402275581	-0.3341322824	-1.385212983	2.103658537	1.311227057	-2.2896076	-1.08009127	-1.112693048	0.6044933544	-0.6013218241	0.5617590824	0.8921699262	-0.3236598197	-0.6656902433	0.1092359577	0.7339461391	1.780359784	0.07286463393	-0.3746513581	1.582321851	1.832909713	0.4948450242	-0.883932286	1.534775051	0.387639777	-1.5512438	1.297250036	-0.07563857324	-1.437300282	-1.711592219	-2.338646175	0.7098313286	-1.86404508	-0.05542508056	-0.5221764966	0.8472026968	-0.6685962231	-0.1405888752	-1.126694342	-0.9872147942	-0.6836270952	-1.252239406	0.7875932018	1.137395611	-0.4951277489	-0.9497586908	2.745433309	0.7103182184	-0.7043557947	0.3031308805	-0.9100179296	-0.5292941811	-1.366370702	0.5987425614	1.102388375	2.127462247	3.049951167	-1.370675824	0.5783180833	-0.09322489742	1.309325741	-1.120860454	0.8382452845	0.6231266808	1.435661763	-2.460078358	-1.247901209	-0.3264652088	2.070765711	-1.181802109	-1.811494801	0.4040034145	1.107274932	-0.697225592	-0.3188409873	-0.615949965	-0.3992654463	0.3819049946	0.320163183	-1.398109864	-1.898307041	0.13008114	-1.11930348	-0.08584878627	0.1424149888	-2.014623616	0.006167139763	-0.2395494226	-0.5126701021	0.1656414822	-0.9788457557	1.064464252	0.1032475706	1.234429925	-2.301485293	-0.6076113219	-2.976454458	0.6250146558	-1.96932372	-0.753070181	0.04555321198	0.5870368189	0.8068911092	0.8929449199	-2.068972387	-0.1262806	-1.97183049	-0.8439192092	-1.260257078	-2.88862696	-0.5483883372	-0.7591133928	-1.414640056	-1.804884848	-1.102261041	-0.8019890644	-1.395118316	-0.5143374652	-0.5485547878	1.279183804	0.3649617956
-0.3626648231	-0.1841767432	-0.7652139192	-1.096522668	-0.4169900097	1.624841822	0.1316595187	1.354025419	0.8466806009	1.245681255	-0.4262982887	-0.6397664279	0.7045195664	0.3504817235	1.856838992	-1.045310152	-1.879200216	-0.5364455738	1.369584663	-0.8348771582	-2.205541332	0.3705391159	-1.404286512	0.8049828504	0.1182541918	-1.095403132	0.3546629788	-0.4517417399	-0.5427928285	-0.4647310057	-1.160379353	-0.4882189977	1.444036011	1.577546883	-1.33238333	2.049835085	1.68099622	-0.437858132	-0.8342129691	-1.488571793	0.3099388013	-0.9701958197	1.063583436	0.9311527311	-0.9513687301	-0.6879361483	-0.7161604563	0.5633533356	-0.7981881043	0.02552820358	-0.9564793124	-0.2376750292	-0.7186712441	-0.1031243209	0.434875852	0.901802313	0.646416875	-0.09964784189	-0.5113250921	1.546706147	-0.1888133375	0.453094294	1.994417317	-0.2750463946	-0.8486354474	0.5365517772	-0.9262866968	0.09703909997	-0.02148643109	-3.02724884	0.2956992009	-0.609423642	-0.8813714697	-2.438450382	-0.234603804	2.228927452	0.5530532488	-0.4353090509	-0.8173259136	-1.697232626	1.5008627	0.5372121771	0.1599317099	-1.029163471	-1.125621327	1.309770881	-0.8543385978	-0.833965028	-0.1938681392	-0.8098444398	-0.9591243336	-1.418169431	0.2358063713	0.5365129102	1.816136936	0.6727269258	-0.822976769	-0.06174285307	1.555357613	-0.2734789789	0.3370510132	0.9462037013	-0.02678779258	0.811053785	-1.2522645	-1.537808999	-1.26212766	-0.7465203139	-0.5319269582	0.1357005202	-0.2128515438	1.121989047	-1.229368691	0.6528924283	0.08486886742	-0.4551716852	0.6953727402	-0.3139638298	-2.093178674	-3.039283107	0.07766358971	-2.140811499	0.4828162084	-1.473507289	-2.220532247	0.3426510304	-0.3175188013	-0.1444639369	-0.9249091682	-0.1604667384	0.8173510388	-0.3588440139	0.7483862395	-2.799311154	-1.99130652	-2.740500307	0.4439336855	-1.141200142	-1.526673655	0.8457585095	-0.2127586678	1.161462948	-1.41033917	0.05073650059	-1.318681195	-1.166996521	0.3770390103	0.3060049448	-0.4575576647	-1.020245582	-0.6387210895	-1.074224267	0.3930262875	-0.4503651466	-0.4168966809	-1.444938485	-1.290980897	-0.2614505924	-1.192902076	1.782820843
-0.6760971196	0.7799157808	1.19651693	1.190396148	-0.9853367649	1.183471226	-1.288693982	1.498226745	0.5747455722	0.7645131693	-0.6111323027	-0.8034073883	0.7184546716	-1.028657413	1.968410002	-0.7387733249	-1.881654067	-0.3316540202	0.04725594107	-0.5770496326	-1.384567068	0.2715823275	-1.913819006	0.03959355434	-0.6042038338	0.3047807383	1.350086172	0.1339691408	-1.312976513	-0.6969165294	-1.830103997	-0.4202568621	-0.2541549895	1.444859323	-1.579386101	-1.624822881	-0.1906997294	-0.01335385067	-1.117649786	-1.680672728	-1.933883947	0.142660199	-1.032446255	0.8433045475	-0.441666636	-0.7320957431	-0.7595755929	-0.2959135309	-0.6409355322	0.1079967576	-0.4480194553	-1.328269411	-0.1561816525	-0.8083095894	0.001905131119	-0.02789383438	1.077831217	0.1113180305	-0.09085977263	0.7749205696	-0.8165011943	1.813804913	2.673127556	-1.535821146	1.744288153	-0.6373536121	-2.020076894	1.851177878	0.7981943066	-2.615342579	0.4751904307	-0.5822629477	-1.779942781	-2.796187542	-0.6794160163	0.9446715054	1.137268518	0.1808738592	-1.542100258	-1.411269012	-0.5208104751	0.3016581293	-1.067613705	-0.3461571324	-0.9181409376	0.7860904496	-0.8789487228	-0.2283974539	-0.3907410897	-1.193235893	-0.08242784412	-1.018943368	-0.04576625183	1.087634202	1.302366464	-1.461890616	-0.5810943202	0.2527044713	1.341890533	-1.599643591	-0.7567329265	0.1666240461	-0.6246063651	0.2201465212	-1.061458537	0.1945577972	-1.339892205	-1.060702584	-0.6979769554	-0.3389513736	-0.6318111205	0.3528222988	0.4223845981	0.4535693711	-0.2158266013	-1.308804484	0.9141578025	1.247267261	-2.067703788	-2.625468773	-0.5986465852	-0.9710694598	-0.2572038143	-0.9857034359	-1.670943362	0.4719653889	-1.553792779	-1.102759508	-0.5695904844	-0.0325232132	-0.3417659681	-0.4771667064	-0.5120162357	-2.465168314	-0.110573005	-1.77920192	-0.1669606529	-0.6869644433	0.3677978056	0.6451210417	-0.8062385463	0.1481373445	-0.2074670997	0.1318654	-0.8923348778	0.6604847665	0.1090041948	1.655900738	0.7833216918	-0.3055525207	-0.4837756719	-0.8207801811	0.8200767272	-0.008436285419	0.1289617692	-1.530057084	-1.367326827	-2.202941678	-1.500051549	-0.8703731403
0.07900639484	1.384396045	-0.3076560029	-0.5914474414	1.209043448	1.280160597	0.4952739802	0.7035599553	0.4673445276	0.4560961121	-0.4795015858	-0.1949240954	0.895456949	1.87726084	1.029554679	1.003562889	-1.505618739	-0.1732076815	-0.4806245142	-0.6079644051	-0.3830121205	-0.09365050027	-2.070368199	-0.7655434536	0.8153338544	0.7293729885	-0.5374713453	-1.164491371	-1.130499256	-0.4963061722	-2.086571545	-1.470222462	-0.7455907555	1.391003259	-0.811429096	-1.089246977	-1.433229604	-0.2061414341	-1.097786625	-0.8526925406	-0.6215381703	-0.5835443137	-1.144720212	0.5547842101	-0.974483042	-1.187054261	-0.3767019299	-1.566740622	-0.6768934112	-0.718834753	0.8757974392	-1.541440658	-1.080510776	-1.48640202	-0.4022275418	0.004063137327	1.023109145	0.2042723956	0.40767329	0.5041188052	-1.09971634	-0.6860923385	2.663319784	-2.266058651	-0.1080439594	0.1878063682	-2.426395919	0.118254792	-1.303278676	-1.838519241	0.2349559408	-0.9154917877	-1.947779772	-2.61487733	-0.2654245763	0.5952446786	1.439732048	0.3966415078	-0.6556223826	-0.4117428228	-0.578169348	0.3240545807	-2.181445905	-0.5153657547	-1.439654983	-0.1840613433	0.3863799463	-0.2299981689	0.3769521758	-0.6749913009	0.3216956464	-0.4574111897	-0.2034701801	1.632304671	0.3090418652	-1.488410792	-1.974775701	0.456647781	-0.1054981853	0.1689464283	-1.152394401	-0.6139258076	-0.5326598478	0.9314347669	-0.8043210546	1.226115376	-0.4310296982	-0.5695379201	-0.4917547231	-1.86565827	-0.6335535191	-1.385488397	0.09684375154	-0.6570685682	0.03073048111	-1.189727689	0.5735155006	-1.196093157	-1.098698965	-1.007091224	-1.609378708	-1.606386364	-0.03812398918	0.2509688213	-0.899484722	0.09712211977	-1.199000543	-0.9046993932	-0.4639277385	-1.414695816	-0.7640054341	-0.996389217	0.1790451077	-1.692555482	0.9733506768	-1.191394666	-1.328391942	-0.8277738692	-0.3451894408	-1.943243768	0.0760293563	-0.3163822328	0.0659951162	0.2648186058	1.039856439	2.075673602	0.2367865799	1.376282348	0.9877669158	0.3212533067	0.6188125406	-1.49956477	1.488802933	0.2058343924	1.374599526	-0.9051645672	-1.336775426	-0.03435419637	0.009772400513	-0.6743276059
-0.6553635331	0.9324476202	-0.8665208738	-1.621165798	-0.5594058518	0.4238467859	-0.1401467829	0.9289730643	0.9974055185	-0.3415390534	0.08033442378	-0.8056864989	0.3310111925	-0.2150769892	0.5272099926	-1.171678329	-0.6221894269	0.07617155235	-1.380229948	-1.846226548	-0.6949459624	-0.07570104606	-1.325085085	-0.6894194148	-0.012624345	0.3074254031	-2.500883998	0.9196941402	-1.232390187	-0.6561089953	-2.455052775	-2.673856834	0.7688933855	1.220009355	-0.4481140026	1.075637882	1.139668073	-1.185822787	-0.7469856618	-0.7488154944	-0.7315699788	0.5880735825	-1.561339206	-0.2537434341	-2.878700706	-1.415562388	1.698833804	-1.891626178	-0.3926755727	0.8870746993	1.032856854	-1.348719591	-0.5595762047	-1.849248295	-0.04891408474	-0.8442508473	0.7789516096	0.5763586191	0.3047769536	0.7039579184	-1.112797928	-1.308314032	2.414956423	-2.345993092	0.5913672729	1.047567499	-2.616104355	0.9240739464	-1.142109382	-1.096690226	0.9359996708	0.4684687779	-1.405383297	-2.019045353	-0.5362516231	-1.843866295	1.385773622	0.4427075574	-0.9826198882	0.1000940691	-0.8387305039	-0.06501739938	-1.556656626	0.6938304245	-1.60688825	-0.135520833	-0.2884070328	0.008688143963	0.391251032	-0.2685266763	-0.06331874372	-0.01079071643	-0.5992000885	1.105838534	-0.1323704941	-1.908214999	-0.1747614109	0.7724285748	0.2808913268	-0.08246912924	-1.124122659	-0.7734841973	-0.2364827146	0.005453958506	-1.220171124	1.072089562	-1.406100803	0.1227093233	2.556282517	-0.8208500352	-0.4942567822	-0.5729853865	-0.5652919613	0.09204179947	1.959503767	-0.7303014491	0.2151034734	-0.05146320529	-0.9147006305	-2.944870901	-1.136908364	-0.8108485698	-0.1278136509	0.8181432643	-0.03625957162	0.8502122822	1.066900297	1.853535345	0.008649273303	-0.4260453795	-0.7344578936	-0.6909284962	0.9839343138	-1.160708294	-0.7225413058	-1.337610057	-0.9039957701	-0.8000146116	-0.1864136727	-2.365091618	0.9465865871	-0.9911879708	1.689801015	0.426463612	-0.1212895527	0.7415838541	0.8594435076	-1.143660667	-0.6479827479	-0.5277203642	0.4770484954	-1.13839964	0.9753076813	-1.490663392	0.2779997633	-1.031635081	-1.070562187	-0.6963430323	0.08724094714	-0.1578642942
1.14637454	1.100578712	1.422418864	1.041375756	-1.300574803	-0.1449700342	-0.7169429438	0.8317461369	0.8191173975	-0.4650952077	-0.2823057436	-1.734766911	-0.6024694719	-1.004730579	0.5189490782	-0.751970674	-0.2690417278	-0.9737983929	-1.418593864	-1.368073229	-0.9140846888	-0.02296907588	-0.6448019247	-0.6134559785	-1.067137008	0.4909846976	-0.08217854654	-0.03844418883	-1.357232359	1.512022774	-1.451333981	-1.975939866	-0.1967008356	1.824610483	-0.9039511509	-1.064818174	0.7148507285	-0.4121325772	-0.122448114	-0.6676082022	-0.6389709497	-1.72020797	-1.174836455	-0.7010235347	-0.9744550174	-0.6281733613	-1.169341297	-1.566894941	-1.276167131	-1.10842666	-1.018416217	-1.614985218	-0.3559635392	-1.013380426	0.04022006772	-1.024772653	0.6977872397	0.4901807016	0.000632586392	0.7827592962	-0.6731301341	-0.3244204916	2.460833913	-1.668613553	-0.609496244	-0.7084890655	-1.686011741	1.908670993	-0.3759596501	-1.228213215	-0.2201774432	-0.4353667778	-1.002430538	-1.686268309	-1.996314788	-1.472535983	1.617987141	0.4292244373	-1.18124576	0.05456936166	0.1911566438	-0.134076485	-1.430886911	0.4365495832	-0.6927831866	-0.07327603841	-0.7097153561	-1.391782416	-0.4584409604	-0.9226889992	0.5791287821	-1.335084889	-0.7878482379	1.079581048	0.2443988582	-2.066257264	0.2524703689	-0.5473819013	0.5022757389	-0.1127821982	-0.729707163	-0.3134661112	-0.4596574026	1.246664301	0.2366752876	0.364749649	-0.1783981004	-0.695240491	-1.060355998	1.500793708	-0.497591353	0.5651962289	1.00435704	-0.2303001796	0.4179609502	-0.9876843623	0.05326012662	1.496261851	-1.625659801	-2.375682898	0.0240584552	0.3254088259	0.580753586	-0.8365031984	-0.187399759	0.640855006	-1.229377854	1.094759339	-0.1037692384	0.2952453332	1.533182924	0.4587764549	0.2300653754	-1.090251163	0.5189177818	-0.9528221416	-1.225769052	0.231676977	0.3225698924	0.9793673143	0.04626562507	-1.022147144	0.7505589366	-0.1626438393	-0.4930096757	2.048515659	1.215782955	0.1098466867	-0.9714300336	-0.2375253315	-0.350034497	-0.9566977143	1.584606237	0.2650126873	-0.1108680676	-0.08983354415	0.08317822267	-1.280732122	-0.23053047	-0.587285283
-0.09152691172	0.8095454983	-0.8338844294	-1.308451652	0.08754100895	0.2963961276	1.201849619	0.4420211748	1.06284781	-0.01818365119	-0.4162710305	-1.76212958	0.4300848444	0.8062632676	0.8271574667	-0.1397201193	-0.1989863919	-1.114516961	-0.8993990935	-0.872870519	-0.7661436307	0.2350846598	-0.6521253541	-0.1399463223	1.558748493	0.4143033753	0.9259102513	-1.318702022	-0.8706268635	1.078374275	-1.591859791	-1.622442833	2.198915992	0.7950709726	-0.5990228544	-1.300273589	-0.6824330102	0.3705644446	-0.7740675396	0.109580311	1.737033546	-0.8290907973	-0.7125602288	-0.9225118845	-0.9036559371	-1.749381251	-0.1576618019	-1.294904953	-0.905470173	-1.015726099	-0.3921892455	-0.901738472	0.4212411496	-0.258680201	0.2023671732	-1.101262775	1.265961608	0.2065131653	1.573639587	0.664743989	-0.4976618762	1.467967559	2.682843147	-1.452670258	-0.6905243373	-0.7257628022	-1.222912904	-0.5168650165	-0.6637594818	-0.6303491988	-0.3819322267	-0.7005192497	-0.7300926736	-1.417575572	-1.53113309	1.436061853	1.475979414	-0.4348627804	-1.029717383	0.05713505083	1.914922971	0.06882183858	-1.7355	-0.3279103971	-1.402644932	0.657369128	-0.455507988	-1.711262769	-1.21126287	-0.8405435083	-0.2907851766	-1.157634436	-0.6549800301	0.9159697239	0.321741282	-1.922548127	-0.9264309174	-0.5019602228	0.2240768047	0.6702968888	-0.1444279643	-0.3750388369	-0.8744337	0.9748880667	-0.3511969841	-1.391458214	-0.04557757403	-0.7101517931	-1.528882895	0.1355014649	-0.3612863737	0.7889385885	-0.1094132389	1.072624564	0.5206276842	0.5227253085	0.3122861858	-0.2324608852	-1.738793683	0.09853082472	-0.9271997645	-0.3140476673	-0.269635544	0.4654766762	0.1183058961	0.9546281131	-0.4895551127	-0.1136954773	-0.3763851985	0.8567882132	-0.6344620391	1.586595557	-0.8445377258	-0.0840265964	-0.0003685715766	-1.290241409	-1.683809633	1.202756686	-1.008153992	-1.943976399	-0.4199920875	0.4372440318	-0.5604839549	-0.6815026354	0.1371740904	1.688776756	0.9723399165	-0.3364809617	0.5126855645	-0.4869694612	-0.2463002422	-0.6931151195	1.105855179	0.5768467711	-0.6719041012	0.275513788	-0.2459699566	-0.4669591722	1.037749139	-0.9054306389
1.024396806	0.723436223	1.217949265	2.033753032	-0.9968858472	0.6834022735	-0.6940028451	1.838204926	1.690755937	0.1358137974	0.2150982156	-2.500543341	0.5641623414	-1.054846348	0.8353707084	-0.7662334002	0.5592782697	-1.612523827	-0.6183224	-0.7658658372	-1.543375217	1.085684183	-0.3043250583	0.5908928536	-0.6485794615	0.4597989134	-0.1163853067	-1.152566336	-0.3932814515	0.9059908852	-1.195048545	-0.7923334299	0.09099889634	0.5987003488	0.1791869264	0.387338739	0.5303044393	-1.042170416	-0.66027667	0.5771182481	-1.143479232	-0.3707275558	-0.1974789625	-1.233518462	-1.789014598	-1.38267056	0.2699979023	-0.5683802226	0.002184744198	-0.6429075513	-0.3446845847	-0.1898654293	0.8468516152	0.3374987619	0.8440999077	-1.429961748	1.50852012	-0.1117392236	0.350003473	1.608957179	-0.5542280564	1.48786128	2.896595513	-0.9390284792	0.7885795995	0.7772832169	0.05407934259	2.127305834	-0.1043151458	0.03670630617	-0.05226501253	0.2044439113	0.06066818216	-0.3670707465	-1.3144193	-0.7222064084	1.588604004	1.153463199	-2.262603388	0.1612434485	0.5064892175	0.9375093047	-1.041270581	0.2245926628	-0.4673419711	0.9261920087	-0.2234870233	-0.9396740554	0.2297108019	0.6922330013	-0.04408142971	-0.826191799	-0.09683070781	1.326447156	1.491608683	-1.430743875	0.06913935312	-0.6735549421	2.163326527	-0.8926109177	-0.2306225222	-0.0387791839	-0.02872219489	0.5201589432	-0.4300555437	1.115458544	-0.08108730503	0.025571147	-0.9294673594	-0.1678029079	0.09844832059	0.04317562339	-0.9089529661	2.187960173	1.619885429	-1.526526397	0.8136776477	0.5194130404	-1.772701868	0.01219754139	-0.9495340341	-0.5567705212	-0.939548648	1.228383038	0.9323910355	2.128242496	-0.4079444635	2.473746541	-0.4245793494	0.6447249246	0.2999814528	1.485012064	0.1562746429	0.497295352	-1.713773846	-1.185529576	-1.127699347	-1.146281695	-1.236070643	-2.068280657	-0.5094304365	-0.7663723633	-0.2002788979	-0.8743131887	-0.6949652275	-0.3798120393	1.347773225	0.319763902	-0.1632183104	-0.1539562093	0.2351485864	0.1883059903	-1.317557394	-0.2228287322	0.0155916343	0.6874105008	-0.4174638879	-0.5261981614	1.459666985	0.5246737734
-0.1115355442	0.9249742959	-1.08112828	-0.7646550912	-0.1225865921	1.37508293	0.6829494375	2.322905085	2.191691631	1.035919624	0.431297972	-1.83435362	0.5837548783	0.8402980701	1.406844598	-0.7109285173	0.5761844185	-0.02409259881	0.03015511351	-0.3081379024	-1.837686525	0.8763314239	-0.125115223	0.9566769649	0.1241642632	-0.2754470334	1.187574044	-1.252702433	0.3691942414	0.6691924582	-0.2396000487	-0.06501039002	1.194131246	1.105876299	1.158517175	2.764112515	0.813787004	-0.6354099975	0.03176414964	0.9526307388	0.693517683	-0.9952492508	-0.5028639444	-0.7715931798	-0.5457435129	-1.029910972	-0.2059052739	-0.2739578247	0.4374312447	-1.320256698	-0.2147888969	0.9935508446	-0.2481592141	0.847745001	1.163284474	-0.5853637986	1.206792826	-0.1420896015	-0.08201855484	2.086102976	-0.5490202757	-0.5376394572	2.734363069	-0.4905317096	-0.3423032454	-0.3673095497	0.786420854	-1.380991998	0.5116083377	0.6991221882	0.5018481246	-1.159857014	0.2477751379	-0.5328352953	-1.55862134	1.416853816	1.190461553	0.5230698444	-0.4277417671	0.02314176361	1.418515828	0.5936999396	-0.8107940363	0.09509221512	-0.5488550741	0.77777531	2.303534451	-1.161983288	-0.5968368612	-0.107478151	-0.4110873385	-1.186949127	-0.1313121248	1.776949694	0.7421527489	-1.246218863	-0.4511898545	-0.1294760346	1.070783149	0.6942889327	0.3322533409	0.5401634483	0.6029861482	1.124505479	0.4468486123	-0.6642892608	0.2568243447	0.3687661389	-1.129339126	-0.7109949762	0.631317864	0.2159851167	-1.046518062	1.822018271	0.3902795124	-0.5761349909	1.71982745	0.8262675138	-0.9733798131	0.1308623502	-0.01377960338	-1.870734972	0.08688138208	0.5565164679	1.354679141	1.622642565	-0.6429468044	1.397695597	1.296377822	1.879512751	-0.04735643157	-0.02621622003	0.04054654168	-0.01784342117	-1.470100276	-0.4956840115	-0.2672355433	-1.517876699	-1.338498647	-2.334960654	0.7209337667	0.4613246409	-0.6075594111	-0.5162535974	1.141287229	-0.2164879784	0.5057981663	1.069494397	-0.5079426857	-0.4522234211	0.5527283981	0.759449607	-0.5231558346	0.05168805727	-0.06494528553	1.284363842	0.7488131013	-0.2723684298	2.312786129	1.33512448
-1.075415369	2.295992967	-0.3464852751	0.6184596298	-0.7701163943	1.70217503	-1.093382593	1.282351322	2.311921539	1.61831142	0.6112192417	-1.305863972	1.821368598	-0.5860171026	1.633874451	-0.1892536997	0.7872325382	-0.04490566897	0.1977703515	-0.224482581	-0.8830780899	0.3774152097	-0.7474808902	0.9606528331	-0.9712953855	-0.3177939542	1.390286114	0.1990028016	0.8688448248	0.5018654303	0.4085236689	0.06397892279	-0.07483192962	0.5052998746	0.9176096091	-0.3412845585	-0.6013848977	1.086478276	-0.1905228646	0.9928777557	-1.054063695	0.58211316	0.3887822083	0.7831638238	-0.8409707842	-1.626675233	0.6284271701	-0.6637677533	0.7583068736	0.9917417988	0.4784374482	0.782952868	1.131746009	0.5514863279	1.033475147	0.2229048983	0.9602295057	-0.801026046	0.3870342169	2.319985845	0.001199938288	1.141348827	2.428021741	-0.5840452592	1.828729321	-1.45330911	-0.1952031393	-0.06915349484	2.740366378	-0.03674967405	0.7177621934	-0.6495838177	0.1469427276	-0.9063701719	-1.52768452	0.9301968321	0.8252856112	0.3285727459	-0.2277684257	0.3501161194	0.4805153271	0.4358675304	-0.6749561912	-0.7312294473	-0.2213504782	1.587590898	0.493733508	-1.29109429	-1.305204559	-0.8720990986	0.1479020676	-1.192764464	0.03908849472	2.186231074	0.01891487309	-1.080055971	-1.144361239	1.948504733	-0.3879494466	0.8492823569	-0.8864368321	-0.5813141299	0.2812908303	-0.369660683	-0.9480578626	-0.1926276643	-0.7776352764	0.02367497203	1.159153448	-2.578768421	0.7245175685	0.3301174532	-0.4668454783	0.1930035885	-1.665150817	-0.7899902329	1.468208029	0.1391821753	-0.5325141365	-0.2009539148	0.1001989135	0.2068478504	-0.3713716382	0.08015888533	1.909984145	1.857130871	0.7068151766	-0.5961843589	1.919283128	1.401345277	-0.8923505021	-0.2580981993	0.7664561139	0.6226925802	-0.5004176965	-1.291618054	-0.64524752	-0.5335052971	-0.09954265187	-1.766870238	0.2806754282	1.110298852	0.214406166	1.206395338	-0.3477589271	-0.5349165409	0.7235349273	1.145544758	-0.696911747	-0.3315045953	-1.065634998	0.3063974126	-1.23282527	-0.001474773448	-0.8389515074	-0.1673268869	-0.4113212152	0.1824125892	3.127231468	-0.4577028393
0.9491340722	0.8280372663	-0.1384634219	-0.1743333283	1.666719121	1.872370605	1.228031698	1.731285688	1.623602335	2.016645815	0.1462895736	-1.446095302	1.213420031	2.76089308	1.228648048	-0.2773523943	0.5325216538	-0.7810146805	-0.3002070095	-0.3678393859	-1.704546174	0.5455939469	-1.218072221	0.8689730475	1.032064181	0.4450746848	-0.7821605437	-0.2461910385	0.9558823841	-0.07190685317	-0.1888808621	-0.03926878663	-0.6663332343	0.6219740188	1.193002378	-0.9717483114	-0.680092413	0.3643761797	-0.5354153387	1.19822294	-0.7349293941	-0.09609722176	-1.071784062	1.129349016	-1.801944933	-0.6498845924	-0.5160014611	-0.6704807594	0.4689348801	0.4380165159	0.2587893775	0.3618779503	0.04172198331	0.4030657473	0.8699114594	0.08657696959	0.735490389	-0.8265165951	1.04937984	2.009416031	0.01687855217	-0.8182953084	2.025710148	0.02325578867	0.1610394356	-0.1831665901	0.354581505	1.663572054	-0.7840959187	-0.7929250917	0.8490589382	-0.8287262795	0.2306466962	0.3231976924	-0.5528683643	-0.04179004624	1.274034579	0.721886765	0.4665780814	0.09838564923	0.1989113676	0.7381565865	-0.03947014575	-1.127980266	-1.563431238	1.510228157	0.001504820893	-1.238165892	0.8058019615	0.4206828422	0.1009421059	-1.277480052	-0.07736406028	1.783917907	-0.3710297295	-0.5682738796	-1.840081891	1.76513167	-0.06228532999	-0.7150386219	-1.658328494	-1.643020038	0.141545325	0.9758335742	-1.190660145	1.856116283	-1.409221545	0.3628148268	-1.04055452	-3.422398521	1.467184668	-1.988705255	0.3200141756	-0.3536483719	-0.3709090229	-2.443207955	0.9976660059	0.0950266117	-0.2020000756	0.01898653519	-0.02409289796	0.5352312068	0.3285947854	-0.1689543709	1.742493347	1.628661198	-0.291926567	-0.3195612145	0.5278011906	-0.8897710212	-0.6641273519	-0.505686921	-0.4878647533	-1.331598118	1.307537997	-1.103320622	0.03221392177	-0.1148379233	-1.876194909	-1.396948989	-0.9824707422	0.6134071215	1.565384978	-0.7474556267	0.4667246923	-0.5929083496	-0.7279547791	0.2751143032	0.3531242689	-1.33368182	0.6489528476	0.2788271373	-0.3730200428	0.1843154673	-0.3078699942	-0.4151035471	-0.9622835745	-0.5051095719	2.121445534	-0.5368664386
-1.160584149	1.517321191	-1.079250763	0.5669119307	-0.9614856517	0.904421368	-0.7804693223	2.411507048	1.630414191	1.036641975	0.4122674089	-1.502529737	0.3062831151	-0.2406010622	1.022903994	-1.154563952	0.6460960009	-0.4040024942	-0.7532144666	-0.229243763	-2.639335041	0.2861494205	-0.6992394616	0.4214566387	-0.8882093683	1.223313191	-1.731612449	0.3947714267	0.2295259009	-0.1577233305	-0.9468278075	-0.05913972118	0.09206606057	1.048487072	0.8626729986	0.9996988732	-0.5495353824	-0.710661268	0.7462962068	0.884416889	-0.8969055111	1.754696498	-1.207254376	0.9199115878	-1.291926974	-0.652981126	0.5319737671	-0.6185906722	0.2806076324	-0.1983883464	-1.047792432	0.2092247136	0.8654038408	0.07558197705	0.8307439675	-0.3835961305	0.2515757061	-0.2151023361	-0.5942552334	1.785263093	0.1260733699	-1.130683077	1.83443255	-0.4310725794	-0.2484826834	2.519728638	0.8568301876	-0.9565592178	-0.3124616126	-0.4576375378	0.5258170758	-0.1494635198	0.1367937958	0.347375864	-0.4216072168	-0.794747145	1.212829233	-1.075610818	-0.9901695852	0.112610186	1.336035337	1.02541508	0.5515286684	1.885059848	-0.8120018664	0.5932409579	2.058040048	-0.5889355825	-0.1465423956	0.7962112539	-0.3867602363	-1.689120943	0.7381071669	1.400182023	-0.1159043436	1.291037837	-0.50753	-0.000237093759	1.193716394	0.2203666926	-0.4644973867	-0.1482764256	0.3233438919	-0.3102451241	0.9415677675	2.228346666	1.531881692	0.07284583363	-1.56140518	0.4559699418	2.443176195	-1.756156846	-0.09799831464	-0.6104974854	0.113188555	-2.13348084	0.7273929098	-0.2391447597	-0.9494276691	0.718232644	-0.192975017	0.4912928371	0.123738196	0.0607655268	2.287630365	0.801823951	0.3319891896	1.306721416	-0.3491764946	0.08979733872	0.4819441699	0.7939838046	-1.788336715	1.495314738	1.648304808	-1.880796611	0.8935513593	-0.6854183672	-0.921148475	-0.0618030867	-0.6607517993	0.597961988	1.056929492	-1.021509395	-0.6770686067	-0.8595454441	0.3487288193	0.03351550702	0.3035791624	-0.2890640952	0.04014519256	0.221102637	0.8542001608	0.19609101	-0.1246782172	-0.6286636471	-1.050911355	0.8435127809	0.685418312	0.3572559397
1.42469251	1.284061781	-0.224682147	-0.2967417892	1.110154979	1.170676338	1.887122963	2.144182981	1.235414577	1.072841188	0.5486652747	-1.611067238	1.10099694	0.07857953422	1.307992339	-1.029519263	1.018698316	-0.4986112678	-0.1344086572	0.6539147045	-1.944099282	0.1960451362	-0.05057325307	0.2956516074	0.2988525657	1.799425816	0.8366721026	-0.272616957	1.117151968	0.2749192948	-0.194851742	0.5264460607	-0.65164276	0.8237999559	0.9733370248	-0.2193726004	-1.811422152	1.642127422	0.1372197074	0.9794900954	-0.5830855308	-0.6454919217	-0.5406476553	-0.4517352668	-0.3205248229	-1.368731932	-1.246592868	0.0872269841	0.7229893559	0.4781018	-0.5160768836	1.47556683	-0.1009194862	0.552830344	0.8949398223	-0.1296961964	-0.02440109856	-0.2992682498	-1.307766809	1.416456571	0.79552703	-1.02529181	1.497533035	-0.1328736284	0.7455685981	-0.5224853794	0.8163984213	-0.124440957	-0.631867604	0.5271018286	0.3246003518	-0.309315744	0.7467434472	0.6138937518	-0.2655595312	-0.353451404	1.071487322	-0.2552271168	-0.09644193299	0.2397166277	0.2761295763	0.9133489931	0.4934756016	-0.125992788	-0.4034694991	0.3416513788	1.239444196	0.1625117796	-0.5244032062	0.2554228721	-0.1606178227	-1.002506143	0.4939497203	1.53460456	0.05014558159	0.9357033776	-1.024259042	-0.01429511272	0.001462937068	1.786772196	-1.453781885	0.2532705047	0.2295202515	2.352202302	0.5473261128	1.183867891	1.573180792	0.9404794258	-0.3414534948	-0.8441321083	1.70964476	-0.6619031909	-0.3188973917	-1.954025886	-1.138245931	-3.398820218	0.9279668954	0.09923182055	-0.8758027797	-0.1943093479	-0.7657406615	-0.2554885368	-0.9976911685	0.7879198826	2.323713503	0.7242257222	-0.9569037341	0.6965930643	-1.049559288	1.227752462	-0.7281090898	0.9931618257	0.7772866194	0.864349505	0.05946120554	-1.505225657	0.9090846239	-0.02252075129	-0.435789836	-1.972086178	0.04271177715	0.2382529797	2.122235198	-2.140647493	0.6487534458	-0.5937067712	-0.01104886968	-0.9801300789	-1.210003023	-0.1190934907	0.5683661275	-0.1587251496	-0.4879823688	-0.4829023505	-0.2815581894	-0.5027727391	0.00271320001	0.5442484051	-0.7571466815	0.248565112
-0.8469273748	1.525086365	-1.32501923	-0.9398551019	-0.8055614335	1.154005463	-0.3189551678	0.2269825943	0.5672118835	0.4681824527	-0.247822377	-1.267363611	0.2531647698	0.1939155389	1.520719441	-0.5447628181	1.489390708	2.352772723	0.2837158081	0.4599277303	0.07858841366	0.3489498902	0.9036335864	-0.6932115982	0.07101312342	2.137749089	0.1042205414	0.01984408127	1.810251159	0.1071957782	0.3745397769	0.5640632738	1.096928183	1.450681361	1.471081736	1.79334116	1.415324801	3.347252289	0.3389348726	1.116711138	1.450240703	-1.187735285	2.598757614	-0.5181686761	1.227941993	0.2229090293	-0.2844932741	0.143456513	0.9318600716	-1.49221753	0.9817889077	1.912512507	-1.644458647	0.6337030463	0.7951130367	-0.3673886239	0.0617432565	-0.06467600751	-0.5181167795	1.519512854	0.9552921471	-0.8310240112	1.288823454	-0.2115258547	-1.205268478	-0.7629864362	0.700312536	-2.327097613	-0.4005368924	1.113993427	1.33284199	1.917928505	0.7748820732	0.2228828993	-0.1906583346	-1.591514488	0.4815303551	1.504821281	-0.590299097	0.5143199215	2.371400598	0.7379562477	0.08065897224	-1.526297426	-1.208012627	0.9207271447	0.5327684894	0.01569686927	-2.538276934	-0.2457801701	-1.375190685	-1.057654369	0.7010274513	0.9017664266	0.3230255832	1.67660205	0.9009781385	1.029233907	-0.7828822238	1.246544124	-0.2339307409	1.161763269	-1.076525166	2.751031377	1.358957473	-2.8488629	-0.4053217185	1.782990341	2.435267091	0.5150905706	0.4647195121	0.9936424536	1.014748661	1.331820313	0.9156424168	-2.07503193	2.213302514	-1.837173185	0.8270710868	-1.739691451	0.2663910434	0.5174819923	-1.815872043	0.8142248454	1.736856179	0.5364963531	-1.187738919	1.123723078	-1.018532154	-0.8844412909	-2.608026192	0.4085330808	1.137150496	1.454888015	0.02640922042	-0.485633606	-0.136471022	-0.2535249576	-1.37250468	-1.431365058	0.3376709896	0.0433703222	0.0387413651	-1.171578784	0.3064138978	0.4849411198	-0.8636511836	-0.5583049523	0.3906088385	-2.963426542	1.245822414	0.8895041209	-0.6493755112	0.61299135	-0.3727754244	-0.8007052192	1.767143152	0.2999845989	-1.538640177	0.1771955886
1.806146472	0.4480995703	0.243202045	-0.4075463604	0.2387836499	1.192999302	0.004087617148	0.573719952	0.255001991	-0.01816264304	-0.1496258845	-0.6720801141	-0.9533953152	-0.5173249523	2.192047335	1.180650193	1.990692287	-1.44205156	0.3821244841	0.4103476394	-0.00525457444	0.3969394827	1.451707515	-0.5737110774	2.752719637	2.215825419	0.2171470492	-0.07268643882	1.593677895	-0.07537018505	1.704432465	0.5878021066	-0.4847728772	2.626405198	1.488995233	-0.7548857159	1.6846737	0.999392843	-0.3448738579	1.018008012	-1.196101805	0.160892891	1.351861546	0.3316669426	2.71251875	2.106912294	0.7515330718	0.641619676	1.125753888	0.4148418504	-0.9050025339	2.053471827	0.7673206495	0.7808537997	1.180292812	-1.026153114	0.02507074866	-2.212155067	-1.416070351	2.215388808	1.150000539	0.05024830901	0.9120179651	-0.01117341913	1.739691675	-2.350954386	1.445274762	-1.77350777	0.4619928986	0.3327075149	1.177729555	-0.3328350987	0.5421461325	1.186999617	0.6705715688	-0.7714383673	1.087829635	0.6205543886	-1.026484278	-0.7679120896	-3.066220683	1.02739804	0.4428774023	0.1408124892	-0.6590896441	-1.135661746	-0.02088730472	0.2865607197	-0.2388243115	1.159415033	4.198577546	-1.205090417	0.5176752836	-5.258029578	0.5462428363	2.551558277	1.308373894	0.7413184858	1.127462947	0.3440846392	-1.13482479	2.057561268	-1.326856615	-2.242248375	3.483792218	-3.063178842	-2.776823439	0.1180515519	2.085210168	0.06364463428	2.001363336	-2.480211216	1.737295615	-1.440797667	-1.319551731	2.084855502	1.986412974	-0.02773159423	1.073112401	0.09890164228	0.8565866265	0.1883403447	1.746422633	0.7454149989	1.639385453	0.07068210961	0.0719010141	-0.8429094289	-2.114673681	-1.570809773	-1.007707783	0.3055665993	2.194140288	1.023086665	-0.9798204595	0.6342672126	-0.1774040853	-0.3310264284	-2.588755781	-0.6784208644	0.6938225747	0.2786848217	0.5288971852	1.295523388	0.6065710292	-0.3296014568	-0.2690354948	-1.373688558	0.4050070047	-0.6666189478	0.6641935887	-1.603170157	-2.663405417	0.8912531741	-1.391812613	1.957171912	1.809009841	0.4606066149	-0.9689365579	1.413150907
-1.131290792	-0.01814091718	0.1530985504	1.550700367	-0.5795752945	1.324744607	-0.873213357	1.117341789	0.01539592421	0.2117452648	0.5005470486	0.177510909	-0.8143724244	-0.7998965196	2.285863381	0.4400634068	1.737363048	-1.380228454	1.408325238	0.6145488529	0.8403279586	0.08244262394	1.267904122	0.6711076124	-0.6046753714	1.267948788	0.3499070555	-1.994463127	0.6334568564	0.5952980221	1.495047482	1.196583703	1.085283053	0.9849924889	1.432665517	0.004655633399	-0.9148337657	-0.03270354078	1.009575136	0.9338284448	0.07403157514	0.1737345463	-0.89486011	0.03408744042	1.94430502	3.840994487	0.9699523024	1.80392455	1.61974455	1.669591088	0.2601965977	2.218263777	1.146232757	0.8756452493	0.1410831832	0.2457589134	0.2020221101	-1.184126711	-0.8392185365	1.807443813	1.39201669	-0.5828665185	0.7375469628	0.5722443923	1.126998163	-2.078293124	1.690600949	0.08165508438	0.1898723696	0.5763435667	-0.2396119419	0.4076057846	1.373961561	2.573080112	0.7026432445	-0.1972144646	1.244051464	0.8227117282	0.5090103066	-1.191827153	-2.718237724	1.453701943	0.9660950576	1.598844308	-0.5647924276	-1.112739247	-0.4790343208	1.22431952	0.8839045323	0.003754223232	3.487313156	0.06788198835	1.1226145	-5.238134331	0.08060356701	0.09884529262	0.9896472625	1.931923459	-0.621183715	-0.5195211519	-2.121002942	1.073446905	0.1674422007	-2.981051095	1.128205117	-1.472394214	-2.320286245	0.39614674	-0.5533368824	-0.2809888907	1.99539053	-0.8149484458	-1.565411326	-1.004100271	-1.649828259	1.980255484	0.3325448735	-0.8424460895	1.768272509	1.570207484	1.158321282	-1.664999983	1.183065822	1.274971866	2.458741595	0.5483027206	1.391227998	-0.9046673984	-0.9418929122	0.5511605022	0.02810255317	-0.2370805434	0.4920346494	1.079788848	-1.935342377	1.761207728	0.09416765054	-0.8739980038	-1.136668881	0.9248933637	0.7020888368	0.8772393712	-0.2172630166	2.38188607	-2.512809271	-1.01245598	0.1953622688	-1.082663061	0.2024143629	-0.3976647873	-0.8175423041	1.735366984	-1.713744938	0.7263872805	0.3046779703	1.310834853	-1.073172077	-0.5597645776	0.834731382	1.009715406
-0.02703984299	-1.156436197	-0.4240225779	-0.7096244511	0.7162662834	1.680265974	1.495208904	-0.9337393599	-0.9417718208	0.8467301274	0.8638665421	1.511534763	-0.6947433267	0.8917261112	1.226438968	1.686730386	1.26613414	1.295441167	1.743616387	1.091638995	1.569846507	-0.2990818193	1.001377103	1.534816608	0.7540936057	0.9760729473	0.1247913886	0.1042443583	0.7341424163	1.241220552	1.310221912	2.045313355	1.701562309	0.103337217	2.010201138	-1.005313795	-0.2956900811	-1.147190428	2.127021042	0.8570212073	2.403524876	-0.04875149023	-0.5081425735	-0.7179232876	1.149812224	3.033975744	-0.9745236835	2.53636489	1.249659385	-1.088647537	1.244102944	2.217112709	0.04561903466	1.485060508	-0.03084053177	0.9137896148	-0.0732778954	0.1601687249	0.351112653	0.6228334372	1.956038606	-0.2988951508	0.931229002	1.804326198	-0.5143585341	-0.6020727187	1.549339492	-0.5786988634	-1.023806099	0.9834337823	-0.9237685692	-0.5736431614	1.583598359	3.24454386	0.9169086076	0.1634825345	1.328382574	0.7207207565	2.420382283	-0.4737112622	-0.9117603292	1.427382854	0.3586299624	0.3448547716	1.077399256	0.1076522662	-0.732986523	1.890637107	-1.778672642	-0.9745095877	-0.6039547	1.380888412	2.095557752	-2.482034539	-1.126950488	-0.7852987011	0.1766983158	0.644417114	-1.529172014	-0.3905114131	-1.166795328	0.4402295753	0.2289631356	0.8229950467	-1.476989578	0.3339914088	0.2976366786	2.189757418	-2.003848984	-0.008754080025	-0.1791592949	-0.4012846789	-1.576827263	-0.754507633	0.07299095861	0.1687511325	0.5549587019	-1.798911297	1.568015779	0.3085468864	1.97779685	-1.721858211	-0.02471397141	1.058888678	2.849416798	-0.3718295395	2.093972331	-1.019438885	-0.1197686792	1.225965623	-1.092408202	-1.191494803	-0.7542306196	0.09432586957	0.1056481039	1.751581796	-0.02283888964	-0.7274221923	-0.05244878426	1.57885845	0.3526304926	1.392697405	-1.186278516	-1.058120347	-1.927381771	-0.04913075326	-1.150680509	-0.6199625476	-0.254928373	0.2061780997	1.408965999	1.102650235	0.3002837771	0.1870976492	1.018485133	0.7211444601	0.0006011593232	-0.8356272466	0.009292689333	0.2401964152
-1.125771694	0.4631853081	-0.45973739	-0.8137695184	-0.8524914612	0.9841815016	-0.7513217458	-1.670961044	-0.6662096815	0.2171584614	0.9773787764	1.610936565	0.02799822311	-0.6666133039	0.3404233772	0.740604994	1.111764601	1.924156974	0.9139529305	1.150315506	0.7705978695	-1.141550411	0.6133154296	1.101589986	-1.06093861	0.687030185	-1.165850467	2.701334175	1.095751099	0.3197861521	1.286859981	1.856378791	-0.07547724096	0.01306978452	0.8882472939	-0.03430281271	1.713248253	-0.4466536855	1.563239143	-0.1104361093	-1.035740172	2.306359219	0.2825079018	1.26237092	-0.3396788471	1.291444783	0.649305987	1.849323523	1.327679656	-2.11915082	1.661193646	1.52181445	1.178457019	0.9669721218	-0.281275531	1.80630681	-0.1098304115	-0.1727479581	-0.09518481833	-0.611201175	1.348058831	-0.266987455	0.4968393238	1.516249807	0.07746134532	0.2846606836	1.044378109	-0.2095701617	-0.1564625942	0.06543588214	-0.2519161717	0.5503119857	0.686370317	2.270290057	1.341153368	-0.9856338645	1.102485011	-1.584684404	1.826475977	0.285779731	-0.6773964636	0.2848960276	-0.4333281273	1.591641321	0.7250598682	-0.1018898648	0.4963207891	1.139389437	-0.9040724433	-1.265614583	-0.3481528845	1.159502341	1.774862604	-1.843952994	-1.978957353	1.761061216	1.078022189	-0.05534294717	0.2142194557	1.268062449	-0.6213129926	0.3448061321	-0.7987053054	0.2820349056	-0.8236620341	1.295458145	0.544148397	2.23053547	-0.0952192652	-0.6269940472	-1.30772177	-0.5284964899	-0.4460429233	0.661552934	1.639354542	1.817048356	0.3476201622	-1.01702227	1.639516916	0.6042795341	1.204152475	1.626241414	-2.064035666	0.3960335914	3.520498737	-1.731568363	1.938596805	-1.385047683	1.176599909	1.066502673	-1.072858599	-1.176752437	-2.011305601	1.11725461	0.7567511169	0.7427710751	1.071354945	-1.897696497	-0.1614144971	2.771230622	1.452325042	-0.06682881711	-2.344293789	-0.8958009179	-1.745598386	0.2246530263	-0.5504923512	-0.7468465426	0.8374738682	0.02710233997	-0.2501283092	-1.611922666	-0.5272030574	-0.3076501123	-1.589535095	-0.1273454339	1.849450768	0.5987132318	1.094667015	-0.09397455708
0.9772396488	-0.2894003382	1.698395688	0.2257530705	0.2513506998	0.1590828338	-0.7950779699	-1.849471854	-0.7507789035	-0.1769251665	0.3992078276	1.289178943	-0.09112378	-1.225041532	-0.1533519857	0.339981427	0.4294727234	0.2348532256	-0.2770647534	0.9027309207	0.8822137309	-1.596448074	-0.2714253236	-0.1958758098	-0.6399370459	-0.4164013913	0.3296130248	0.6700964552	1.96392526	1.254852966	0.3917536921	0.2125911439	-0.8492034891	-0.2997914336	-0.0930039776	-1.47229696	1.375945876	0.04718891934	0.8728376687	-0.6697026626	-1.516143379	-0.8921474639	2.154152869	0.510997051	-0.6722062398	0.5784941317	-1.011009142	0.5661190419	1.377151148	0.2071268772	2.66819929	1.356594853	-0.9979518306	0.4205878325	-0.5100574679	2.850656202	0.465241995	-0.4067961428	2.430409757	-0.5723564505	0.2260735615	0.1087401022	-0.1660438956	1.380655016	-1.738634471	1.027517605	0.8994774547	-0.8240638956	-0.242595313	-0.9728501583	-0.5692743774	-1.158143674	0.6623842477	1.070403432	1.111851554	-1.378739916	0.5396872982	-2.319212705	0.7395375404	-0.08282245286	-1.755507327	-0.4736327542	-1.049997007	-1.123411597	0.6241765421	0.2827167032	-0.2654177201	0.5962015018	0.0994968726	-0.3867186204	-0.440500554	1.349644408	1.271048242	-1.079105845	-1.907880097	2.45393704	0.6624114364	-1.045290261	0.09575096719	0.211108313	-0.6270491782	-1.258354787	-0.9962966342	1.860552946	-1.41422264	-0.1620258287	-1.217694098	0.7706974909	-1.882316939	-0.2938841064	-2.106023589	0.828247184	1.144498385	-0.1429565083	-0.5119306677	1.17357484	-0.6873883174	0.9518344758	1.952454597	0.5218853419	0.2159046911	-1.1300371	-1.86351579	0.001030211317	2.601396311	-2.031564583	-0.6079253266	-1.178739673	0.3149941472	-0.09642842382	-0.5452803218	-1.02748033	0.2078108087	0.08136881055	-0.3345702709	-0.2548461812	0.5140957889	-0.783632549	-1.336988469	1.116182442	1.948711438	-0.6578968516	-0.9732886074	-1.614245063	-1.05281523	0.2344156906	-1.342718606	-1.853697524	-0.1142650467	-0.5967850357	0.1586188358	-1.523252939	-1.03422838	-1.089448902	-1.448052779	0.2968556761	2.717301075	-0.3062269084	-0.141217018	-0.3294967872
-0.5765554995	-1.383666138	-0.7086046903	-1.35723933	-0.3311123462	-0.6331365316	0.7529890033	-0.7090939314	-0.937856746	0.02589312608	0.3724014018	0.8668844952	-0.4729870602	0.6899468145	-0.2306076922	0.2917859772	-0.5597134176	-0.1471782693	-0.6958791276	0.5788957889	0.1842422624	-1.10459251	-0.2659347673	-0.4723007148	0.346598728	-1.550969532	0.8601677213	-0.3663772351	2.377752893	0.5974878567	-0.7664366182	-1.075400924	1.860302005	-0.6460263935	-0.5496810822	1.157302259	0.8255682624	-0.7379758392	0.004834491882	-0.8908539673	0.4212158811	-1.503091051	1.52525187	-0.2414934439	0.2249234365	1.420592789	-0.3615010151	-0.3513551596	0.9352088201	-0.6246539612	1.10052951	1.692856916	-1.072912894	0.1854737299	-0.5898366956	1.696687927	1.186007479	-0.6616059464	0.03235833358	-0.7293375646	-0.6597686194	0.5073137923	-0.2828530411	1.185778732	-0.5937216148	0.1335740174	0.5669035226	0.1298280112	-0.1575221395	-1.62685245	-0.6148547827	-1.467457729	0.5664503354	-0.746130265	0.01608763793	1.192425969	0.3246176779	-1.289436447	-0.1323276707	-0.161094099	-0.02088107046	-2.027033732	-0.8799433116	-1.528351479	-0.494440096	-0.419916182	-0.4669030724	0.4043352455	-0.7176077932	-0.004919219525	-0.6905343393	1.111965472	-0.1641221977	-1.735594832	-2.090021098	0.01524098571	0.2659434496	-1.31099445	-0.2293048481	-1.923004187	-0.0950634612	-1.204594953	-0.3588125977	-0.001716601925	-0.9581274364	-1.476973431	0.4969876371	-0.5822593124	-1.032019699	0.2223432566	-1.584736118	1.977294256	-0.6932763944	-0.2669489525	-0.06349944278	0.9865911075	-0.2206584531	-1.089505951	1.101126652	0.05826173253	0.2691671938	-1.527673991	-0.5063782842	-0.605734499	2.430856564	-2.757663606	0.6502917088	-1.023314958	-0.4483954051	-0.6780715375	-0.8851666062	-0.8978607352	-0.3595375321	-0.8989234626	-1.142085863	-0.6125354984	-0.3818968276	0.8289433047	-0.8166295403	0.6675874537	1.080582377	0.2498136357	-1.100994121	-0.8477509309	-0.5115121892	-0.7799327102	0.4176742238	-0.7114322605	-0.2511564001	-0.6270762118	-0.1126529788	-0.1539668704	0.4218189441	-0.6678638182	-0.1105259511	-1.010143189	1.308251371	0.6871670785	-1.814721194	1.127236699
-1.354873067	-0.5339053911	0.2201385899	1.197114029	-0.8693829559	-1.187950188	-1.275189158	0.4132843415	-0.7894121265	-0.2844928633	0.4384227815	0.4259966017	0.006332403919	-0.8284041271	-0.7664756427	0.002944089885	-0.1043472993	0.1162751351	-1.135738063	0.8136412826	0.0599342511	-0.8594778088	0.04799465326	-0.7498847606	-1.456876843	-1.097393895	1.027042541	0.597776554	1.796314665	-0.3692931815	-1.694857129	-1.52598146	-0.6247185912	-0.6536535385	-1.09421685	-0.5459022958	-1.050128999	-0.5070670612	0.2332896543	-1.517436207	-1.10143679	0.5118967673	0.009956557135	0.1332669223	0.6748477615	1.307764126	0.3913709316	-0.4237617305	0.9237634645	1.501839808	-0.001717078759	1.068833331	0.5179140454	-0.4580060197	-0.5808601194	-0.1260620764	1.227585336	-0.7083008427	-1.008700114	-1.111477028	-1.050227797	2.286106252	-0.2200135803	0.6077276219	1.040285012	-1.349337715	-0.02460268416	-0.657331399	2.128573541	-1.315142332	-0.1234619017	-0.6377690698	0.0335661228	-1.345696648	-0.2022893798	0.4911342577	0.4874088297	0.01024640711	-0.4224746376	0.3672374257	0.1106440354	-1.512823163	-0.2911339261	-0.4852901956	0.7988604344	-0.5116739601	-0.4231999353	1.138402346	-1.031384294	-0.3229578853	0.03436008053	0.5656994027	-1.054296839	-1.965612886	-1.885463615	-0.7298650349	0.7944147592	-0.3787983884	-1.80169574	-1.032098422	-1.135834697	-1.353644511	-0.669148281	-1.107431158	0.1318356647	-0.3231739475	0.1429915023	-0.7701677809	0.3057957806	-0.1715989254	-1.417316462	1.434894615	0.1904011768	-1.25902673	-0.5533629131	-0.3050002878	-0.2784881198	0.3244714939	0.3129967609	-0.3739194927	0.102659357	0.3704745037	-0.9846902363	-1.385411046	2.696503982	-2.44281219	0.9568633431	-1.386285576	-0.4548500061	-0.2943612732	-0.9341732188	-0.5303252133	0.03390855113	-0.5133052978	-1.061813918	-0.2304416641	-0.74618531	0.4908740265	1.102503238	2.27557507	0.23543866	-0.2616130577	-0.1668539665	0.37495085	-0.4603788216	-0.4965858953	0.3534631296	1.385466296	-0.4985921853	0.975880013	-1.122333921	-1.269752034	0.3044139263	0.3901968076	-0.04710168007	-1.270120946	0.7144808876	0.1478529673	-2.033389428	0.3421363249
0.7969779217	-0.6043922189	-0.07639175263	-0.3666648174	1.660998555	-0.6852838366	1.509446167	0.03413955823	-1.067953837	0.100319353	0.6374094449	0.4785356515	0.3200618682	1.449165672	-0.719457245	1.04469774	0.09017457193	0.4880838673	-1.088220163	1.366493767	0.7466905945	-0.8626855279	0.04816111478	-0.1042983079	0.1403272814	-0.3009372921	-0.1000759293	-0.7780316489	1.82048159	-0.7470829037	-1.37598311	-1.282462808	-1.310396556	-1.047907226	-0.627543736	-1.066972046	-2.207863829	1.155511094	-0.009374480687	-0.9015061722	-0.892852232	-0.6649119625	-0.9067484431	-0.4169354911	0.1364256485	1.529698486	-0.592820121	-0.05489853545	1.407184105	-0.5731193466	0.2232004901	1.255035835	-0.8435754996	-0.2347302555	-0.6211470213	-0.6834793949	0.5136464509	-0.6572252375	-1.369517379	-1.283064676	-0.5288990031	-0.2200748836	-0.4341884768	0.5679206356	-0.6877464527	-0.9872739523	0.1761478363	0.2131791204	-0.584172383	-0.6781002669	0.01954196761	-0.1568993405	0.3858223475	-1.07198598	-0.3846685985	0.02368020794	0.7378318597	-0.5376848107	1.053802235	0.4766121748	-1.019680953	-0.6415761064	-0.5036798197	-1.389234157	0.7336640164	0.05794586588	0.2932886513	1.534204014	0.5023072886	-0.9481399838	-0.1238195764	0.5309596705	-1.634807655	-1.159015479	-1.687075306	-0.2191726103	-0.1328767668	-0.8504434884	-0.3988591175	1.556541174	-0.4727663653	-1.15007523	-0.6812245594	2.244789165	0.1199973329	-0.2373908417	-0.1899671763	-0.1696479499	-0.3495184391	-1.668067904	-0.7628406265	-0.8873688485	0.7917258619	-1.662613897	-0.7067556689	-0.8602696043	0.2039273521	-1.220568499	0.997913503	-0.507447373	-0.6833960882	-0.138567186	-0.6018436788	-1.044849421	2.387176603	-1.591002129	-0.7912056615	-1.296555071	-0.9676027915	-0.9647358022	-0.292982577	0.3545322006	0.3590120968	-1.43620698	-0.524451592	0.381488457	0.3680109379	0.7640684377	0.2740328873	0.2003183048	0.03605062042	-1.341361079	0.9098637774	-0.2033128831	0.9978217992	0.487166313	-1.117375656	1.769889976	-0.04473573191	0.3816801762	-0.6457458284	-1.512395358	1.015045744	0.1088256522	-0.1726308715	-0.7333817647	2.145762245	0.3105894483	-2.025715033	-1.117867446
-1.065729485	0.09364099064	-1.188988612	-1.775478712	-0.1942212583	-0.5565826291	-0.8058218478	-0.3048458376	-0.3027338445	0.1050329238	0.4279327192	0.5339677327	0.08616917612	-0.6129564573	-0.7155330396	0.1911315696	0.5240925621	0.3952104171	-0.7975690261	0.8897200647	0.7909517013	-0.840222264	-0.3602740066	0.3974108879	-0.2414060237	-0.03456841892	-0.3892760442	0.2095682052	1.858650296	-0.2992106876	-1.159414222	-0.6673919092	1.015814326	-0.9484808128	-0.2475104552	1.135526271	0.5218440278	0.5996117587	0.5408681493	-0.6868799254	1.09946653	-0.9702327914	-0.3074325655	-0.6241077322	0.3854976829	1.164745778	1.480729794	-0.4585838784	0.7216082073	-0.8249751999	0.01042969885	1.82987338	-1.161005761	-0.3026888036	-0.748250744	-0.5887426352	0.4638047922	-0.5097177499	-0.3697088305	-1.156150028	-0.5264245986	0.2854125258	-0.4806754084	-0.1402224454	-1.340109719	-0.09166273932	0.535158954	0.5040440131	0.6554861196	-0.3700159458	0.2118887401	1.920126382	0.6220754114	-1.264675194	-0.6059323658	2.167463598	0.2873624351	-0.7156519952	0.04360724875	0.1538652383	1.240481593	-0.7494451065	-0.4066954286	-1.986833628	0.2347361735	-0.09597855024	-0.1123563547	0.6194361983	1.84015109	0.009347878871	-0.9199721846	-0.1428517764	-1.274747167	-1.113477134	-0.6196514376	-0.7506475524	-0.2292794513	-0.4743883686	0.7784441876	0.7475341448	-0.3964965315	-0.7699072527	-1.121676807	0.6025881942	0.7540934781	-0.8109712675	-1.011409755	-1.172966461	2.462768577	0.9581738349	0.2457795596	0.420355132	-1.212275543	1.70507656	0.1248542937	-0.01019440118	-1.009131107	-3.118320044	0.8394007723	-0.743253684	-0.3536733387	0.05648846486	-1.089803861	-1.002029696	2.239500296	-0.7375387025	0.732009001	0.04300931978	-0.548699723	-1.141472177	-0.8020407125	-0.3789299263	-0.1477926389	-0.389921421	-0.7398095634	-0.1052956798	1.974277904	0.3026740421	-0.5829832985	-0.4842492346	0.4977538354	-0.8903028964	-1.26504359	-0.2736395502	-0.2686992082	-0.5195161072	0.1126505408	0.5759261175	0.2190571984	-0.6435684789	0.0310398496	-0.7631397904	0.5800075357	-0.1617053136	-0.1024414384	-0.8103741394	0.244836114	0.1465719355	-2.50348198	-0.9711680758
-1.136473752	-0.1723333632	-0.591779928	1.595040646	-0.6953999112	-1.01168759	-1.417826544	-0.1514680206	-0.2312130889	-0.8095204774	-0.6349673794	0.2857769192	0.09445308511	-0.8078699404	-1.157116882	-0.7450230368	0.8599755055	-1.582249452	-0.8257892092	0.2157424535	0.2306497415	-1.309839184	-0.7430945551	0.1036142448	-0.8273782987	0.4611306534	1.079860701	0.5274493479	1.514996561	1.329545295	-0.8975970077	-0.3351520023	-0.864714144	-0.5593305968	-0.7856556862	-0.3768921896	-0.6042401424	0.08216621038	0.2060345348	-0.4992223282	-0.219183945	0.553409758	0.8140415361	0.4028020315	0.4873555538	0.9409936464	1.132499652	-0.5997543536	0.1382056153	2.245347315	0.2251352413	1.21828844	0.4055790584	-1.185272188	-0.9220556488	-0.3477265065	0.7096015659	-0.5112597284	-0.7042979325	-0.138427654	-0.7880701111	1.517620074	-0.5544535912	-0.723378613	0.5162439036	-1.663919428	0.5426048598	-0.09262108621	1.881448004	-0.3943957059	-0.2223733309	-0.8475440476	0.3650522394	-1.3453827	0.01218216852	1.112861081	0.4610752461	0.2753567026	0.3573017495	-0.9888058076	0.2250834616	-0.4712684736	-0.05188011736	0.3954123828	0.9745898763	0.3441933225	-0.478242988	-0.3409757929	0.6367847693	0.2153732609	-0.4006744685	-0.2963044012	-0.5675330238	-1.233134733	-0.3924696485	-0.9764491614	-0.6207096062	0.3024490388	-1.693458744	-1.192100352	-1.248255987	-1.479819192	-1.077216118	-1.756651714	0.8541124422	-0.4420507616	0.4039066097	-1.095390741	0.2957269116	1.56336499	-0.06560393112	1.021665136	-0.1610624801	-0.3985383811	0.6887552578	0.5023206473	-0.7165028552	0.1759011937	-0.1877060041	-0.7827150813	-0.08807864748	0.8122313763	0.5386187489	-1.754307897	2.279289221	-0.6332885735	1.304678697	0.1184607078	-0.07377779757	-0.04801638096	-0.672763625	-1.384427062	-0.5848062687	0.9503898738	0.03598963918	0.3858694345	-0.1895922635	-0.1240566628	0.9602268579	0.294757384	0.03209949835	-0.4838016954	-0.694432419	0.4338636386	-0.09873053505	-2.133657744	0.2647332625	0.1689988917	-0.9477008875	1.161111216	-0.3053538307	-1.132874402	0.4787300921	-0.1612633567	0.1950774432	-1.0352903	-0.8131056475	-1.081553433	-2.842746044	-0.004714858347
0.5523469396	-0.7186444138	-0.7136691352	-0.418974813	1.214360703	-0.9407970329	0.9791517874	0.3957598569	-0.704025956	-0.7916014086	-0.5450067769	-0.08936005864	-0.3171740154	2.108688248	-1.479816661	0.5911218666	0.972707778	-1.098051469	-0.6128112062	0.06703086726	-0.4212722205	-1.170402109	-0.4434927917	0.3008083202	0.3769006902	0.5197159346	0.02936014727	-0.9007908105	1.321895257	1.195331897	-1.207635729	0.2549167157	-1.792461769	-1.337015812	-0.4039295965	-1.297994125	-1.553790347	-0.5482777073	0.3021792005	0.1551614388	2.8293095	-0.6568884992	0.8654157943	-0.6777648629	1.164340831	2.773155657	-0.9540317169	-0.7798036768	0.6412650853	-0.9242098925	-0.5847910195	1.256790577	-0.4703651887	-0.8720006267	-0.6571162725	-0.8327975713	0.7764474163	0.9823345769	-0.3201724608	0.1875405456	-0.8600559847	0.95164319	-0.586873138	-0.1713122037	-0.007723272819	-1.02842178	0.7911565879	-0.3937405572	0.1725488136	-0.1789558273	0.1140815021	-1.19820595	0.4144754606	-0.9796302494	0.7971553171	0.283168348	0.546737703	1.637458227	1.003402504	-1.306517948	-0.137252499	0.2539236489	-0.08436532822	-0.6306037194	0.5145224054	-0.3207583973	-0.7425522588	-0.7942044447	-1.798129954	0.8225060506	-1.152550798	0.286010595	-0.4495988572	-0.4756538926	0.2712405253	-0.5514110308	-0.5422305898	-0.1397988831	-0.3462371235	-1.555438568	0.5574464506	-1.450288131	-0.5536937345	-0.2415735728	0.8832887829	-1.159199496	1.9406363	-0.7187545132	-1.462439186	0.4336165558	-0.1741259747	-0.6261884404	-0.2311837343	-0.1450048253	-0.4062793769	0.7334155904	-0.2206577217	0.4165925924	-0.002473306178	-0.4177223583	-0.2664757484	0.5388542007	0.9581365864	-0.5707384301	1.448568548	-0.2533846393	0.623899362	-0.6326398133	-0.3635883328	-0.8218205338	1.378718338	-0.4146497612	-1.219269237	-0.04229491776	0.1637684413	0.4490396474	-1.140621861	0.5980930274	2.152432922	-1.128222784	-0.4682043487	-0.9966967131	-0.252719888	0.8112719859	0.7006960078	-0.8856425548	0.2173683708	-0.716496273	0.2950035974	0.9289745909	0.3847136693	-1.108960062	0.7933030372	0.3874722445	0.9342672949	-1.003816656	-0.3587107967	-0.3506584598	-1.611452145	0.7681410177
1.930921191	-0.4045285476	2.620526317	1.41368428	-0.3520428563	-0.1653008987	-0.4465826135	0.4830590042	-0.6557959635	-0.3351120732	0.3796267896	0.06641701639	-0.1989480433	0.160549511	-0.4194917898	-0.09568570807	1.937202539	0.2295351674	-0.2587261652	1.048468746	-0.2872466826	0.3004214274	0.719439731	1.608040503	-1.684401968	1.463926341	-0.7598600544	-1.45669781	1.194284897	-1.395027094	-0.9900802183	2.025329339	-0.3412837008	-1.911869619	-0.3688529031	-0.1530935582	-0.5085348269	-0.2695778945	-0.8103435887	0.7237316698	1.771367925	1.099765354	-0.9564257231	-2.705088856	1.095438834	3.555531707	0.7423853307	-0.1571400442	0.8468968677	1.554797041	1.195897757	1.090680653	0.6279018191	0.9271629941	-0.2636254935	-0.03434802924	-0.3741392657	3.914545527	-0.2455558866	0.1408610093	-0.4052854432	1.398984603	-0.7665793519	-0.2935005467	5.587941677	2.182771379	0.8300763188	-0.5814577194	1.368741158	0.8773033199	0.7569254628	-1.29519172	0.8653724995	0.4981531862	1.291711164	-1.120682169	0.1113130725	-0.07897462958	0.355586759	0.5109161759	-0.2811436507	0.6409725777	0.9884084943	0.7021269536	-0.2354364759	-0.1863276179	-0.6918602803	0.4624878642	0.04533465902	2.915560521	-2.306740785	0.7379336137	0.1770867263	0.7282198965	1.919263674	-0.1183120966	2.633945671	-1.23037029	-1.697963957	-1.224573814	1.181948121	1.18850319	-0.9160902077	-3.27708885	0.2072399053	-0.241499857	0.47671252	-0.2434136334	-0.4362769525	0.2377736911	1.015110433	-1.004279652	-1.875835199	5.058165785	1.579217668	0.1570750072	-0.1456692089	-0.2455332044	1.031938128	-0.1665209217	-0.4927300966	2.550056141	0.04594831484	0.1748051643	2.314441868	0.8548631261	0.121421368	-0.3507322012	-0.6390988927	-1.575655361	5.529161751	-0.6423493864	-0.5062960107	2.441581273	-0.3975800537	0.1246771607	4.060402371	3.614138099	1.785268911	0.6802009237	-0.4828062979	-0.3896439873	0.6069729841	0.6363019244	0.4360108588	3.139486352	1.05843759	0.006688877921	1.671976339	-1.13799575	-0.3730479169	0.3369645781	-0.31701906	-2.040366344	1.331552255	0.2064163587	0.08249974369	3.963883094	1.761265931	1.226898341
-0.7000390308	1.089102411	-0.935463547	0.4081937772	-0.2119251154	0.8668786374	-0.8260674621	-0.1624105668	1.029005188	1.080935582	1.026364145	1.593497423	-0.06374543022	-0.1773098971	0.5022501729	-0.6845719386	1.565174117	-0.6524522931	1.25129933	1.46694086	0.7529244083	1.058544106	1.403953031	1.958516321	-1.016891667	1.690627048	-1.420043069	0.6907086907	2.012888029	-0.7195355366	0.6646877465	1.712698325	1.141788766	0.2632603366	1.106260363	0.4107603525	-0.2237481697	-0.01384648447	0.1516058067	1.694388481	0.1013363555	1.752809444	-0.2296774737	-1.117006641	-0.5887550962	0.736498922	0.8989188376	1.054474564	0.5590301535	1.85436296	3.948911707	1.11345704	0.4556152813	1.194272793	1.785402901	0.6677589701	0.08409064501	-1.158514839	-1.991768252	1.703408451	0.4675354806	-1.162369848	-0.5375643227	0.8917736614	-0.1500072416	2.506840071	1.626704307	0.5055990302	-0.7872918201	0.7642850385	-0.4775179461	-0.02031573806	1.840465811	2.006698639	1.157662064	-0.1098183902	0.6912218244	-1.366299591	-0.3904515949	1.105518906	0.6553470077	1.763170203	1.26513944	2.574746228	0.8569716198	2.813495531	-0.5078532504	0.6055023394	0.2800165798	-0.6973219062	-1.619708899	-0.4514990439	1.616284986	0.6872989322	0.9096476003	1.831020702	-0.8306534746	-0.3112549474	-1.232085377	1.187343171	-0.4082580853	0.7628351975	-0.9601684587	0.1607304134	-0.4937639654	-0.5959896729	1.147420365	2.032695182	1.53322431	-0.1164567342	1.423987968	-0.8864211135	-1.627166655	-0.2939953921	1.351974918	1.415451735	0.2692984051	1.045717556	0.5485707345	2.651711942	0.6893016064	1.852753307	-0.6132656532	0.2328917497	2.299573936	2.139315121	-1.049867137	-0.1045575646	1.430489456	0.5843586626	-0.4306022639	-1.226049433	-1.28856647	3.680337291	-2.53287463	-0.01462539793	-0.4518457105	0.2711877483	1.433450742	0.3890152314	0.08672097109	0.5353077999	0.3698047555	0.8719441358	3.773421171	0.9021256107	-2.136926637	2.633974816	0.8136494904	-1.181642975	-2.064130339	2.671922599	0.3723283879	0.08552574155	2.082342177	-0.0190845235	0.5650928391	0.8460906991	0.5625597857	2.17061671
1.588669424	-0.03860727337	1.986039759	1.222937137	-0.5657727722	1.653429656	-0.7174894929	0.8245153936	0.5773048107	0.9244693263	1.031818265	2.145871321	-0.5755232677	-0.5552434476	-0.2105013011	-0.7807815332	1.44390599	-0.4583722242	1.315573623	1.091850918	0.4542441757	1.068427147	0.272789402	1.559774187	-0.7761925658	0.9915928996	-0.08536865588	1.573981168	1.251762759	1.975955801	1.58768124	1.552007682	-0.6497199417	-0.565013572	0.6248357249	-1.673745354	1.061868246	-0.9149585938	0.3961276922	0.8776959752	-0.5456994758	-0.8210932353	-0.7007161213	2.740334473	0.09408605688	0.7923900541	-1.767198948	1.285560623	0.03666884787	0.05430084431	1.204697336	-0.427841115	-1.406611768	1.322903065	1.475289899	0.6199638542	-0.656374359	-0.5844163489	0.4580372877	1.303324869	-0.5765682814	0.254044791	-0.7337521668	1.295230938	-1.916991146	0.7252768655	1.258654062	0.9745263381	-0.2526657114	-0.1530717579	0.4087998695	-0.8041340382	1.161833295	2.336787117	1.349301283	-1.024323293	0.9451797718	-0.4154563798	0.7798535489	1.198602001	0.6990308051	1.43928793	1.156585186	0.4976813077	1.159948508	2.041146726	-0.5046538419	0.4115522721	-0.5146092233	-0.8870045501	-1.714685497	-0.7343870402	2.804543084	1.052332719	0.1084740266	2.254309137	-0.4209647471	-0.6461490825	1.248481339	-0.2027921751	-0.53604443	0.5459974071	-0.2829463731	0.7199549904	0.2430799755	-0.3749086968	0.1341285707	0.6962616272	-0.3735930247	-0.6633131504	0.7344228381	1.323636043	-1.065985877	-1.204138565	0.2192686983	0.00979610136	0.02990450095	2.039853512	0.4662082427	0.4277662374	1.865845038	-0.5395562503	0.07823436367	-0.3517621213	1.789347601	1.049113524	-1.427715609	-0.1438540402	1.799331185	-0.2093864397	0.7480590146	-0.7939563974	0.3353189822	0.09372176556	-0.4332648089	-0.3096368402	-1.456366584	0.883220462	1.632591604	1.156580784	-0.3076134122	-1.24268799	-0.7817375255	-0.6958889125	1.390711673	0.2063981906	-1.764198835	2.198732602	-0.02998295749	0.2655434857	-1.232179752	1.626991191	-1.333484611	1.293252857	-0.4361833763	-0.5980797017	-0.894861394	0.5798702387	0.6934997068	0.5121422341
0.2799866453	0.5141694475	0.2139558614	-0.4297814271	0.7347513931	1.741295419	1.257321628	0.7694789982	0.1516845777	1.105805861	0.6646453229	1.780461503	-0.2574254903	2.129296232	-0.7149181339	0.7758286737	0.2799603573	0.1517877688	0.6152163441	0.9873046147	-0.05977638305	0.8199528313	-1.285132353	0.6232958682	1.148547241	0.2470361711	0.194855483	-0.6918122877	-0.5464623935	0.7812426642	0.5895658948	-0.07215145529	-1.427255297	-1.305361342	0.2901648997	-0.9020916256	0.8106268268	0.07359595205	-0.05725078166	0.1548010044	1.118837443	-0.2197699253	-1.424467275	3.10625639	0.7340098047	1.433139475	0.5053250142	0.1512190551	-0.3017943204	-0.201604661	1.112205211	-0.6069760301	-1.755501999	0.8266658313	1.151653102	2.403014462	-0.626679936	-0.3122232876	-0.3789324077	0.2296096993	-2.107731929	-0.6088634339	-0.6972771975	0.9650670172	-1.112767705	-0.5402502678	-0.2868511156	0.1655720503	-1.666336994	-0.3501504458	-0.4923619585	-0.3725099754	0.4719276562	1.240767794	1.037164431	0.1931438128	0.3866644164	-0.3861596235	1.173589301	-0.1531479712	0.4354953694	-0.04320304579	-0.4268810376	-1.64649852	-0.5168201749	-0.2797634997	0.1524041643	1.003245982	0.7472820481	-0.5583896669	-2.065779874	-0.8534600603	1.93555871	0.9363994836	-0.6461096185	-0.7427499695	-1.828249965	-0.8115813482	-0.3829887052	-0.4948027274	0.7850661923	0.1956386425	0.5216990285	1.271082959	0.4808791934	0.1883771814	-0.5460583448	0.3257061242	-1.104339108	0.7714822211	-0.4302871074	-0.5597246457	-0.9998170209	-0.8749160023	-0.7295696237	-0.4563916858	0.8535701423	-1.43119999	0.4919574095	0.3590798191	-0.1223865176	-2.172635769	0.1438645818	-0.9696227595	2.088925829	0.9306251768	-0.2426056912	-0.6107043268	0.5399098604	-1.290052708	0.2740891774	0.6455619672	-0.8405203909	-0.4694940893	0.8515710296	-0.4242080521	-2.909788828	0.2296214551	0.6579487116	0.302167635	-0.03896748732	-1.164912822	-1.092487307	0.35917092	2.92406294	0.3016826043	-0.9112802042	-0.6255071016	-1.48129895	0.970666036	0.3025977349	0.7738970543	-0.1531747379	-0.8392343535	0.2805750482	-1.669024093	-0.2059858532	0.8347650693	1.311446746	-0.9956333915
-0.875928769	1.602781593	-0.8972526676	-0.587917921	-0.8183255804	1.037294069	-0.1304945276	-0.2831697371	0.8075675625	0.5434650526	0.3781733092	0.5470467231	0.1566730143	-0.4766130291	-1.39667674	-0.08373984262	-0.04677008574	-0.1068593151	-0.7765084341	0.6079832113	0.4983829867	0.7130375505	-0.8645166634	-0.4699624667	-0.2774939677	-0.2669642714	-1.397563718	2.305393487	-1.581121513	0.6555769987	-0.6415562694	-1.215237796	-0.05122141815	-1.184537531	0.5524169354	0.8032001914	-0.3322215235	0.8723631885	0.4037595424	-0.4114305779	0.1022519547	2.00173691	0.369022189	1.071481208	-0.1635431476	-0.2885545547	2.61994096	-0.1337011834	-0.2223696994	-0.3071392662	1.377519897	-0.6433357176	-1.289753137	0.01919146194	1.140145744	1.408711641	-0.02660894771	-0.1786041665	-0.9519560723	-0.2860782523	-2.436309338	-1.233314975	-0.8162326345	0.5226338736	-0.2920587265	0.9289966538	-1.203611913	-0.2711910367	-1.393267042	-0.5706538215	0.2405217631	0.3521431993	0.5150678688	-0.3676606524	0.6093389271	-0.8454395557	0.1556233035	-2.662565378	-0.2313140148	0.06369489935	0.1784570637	-0.5125608236	-0.6772895032	-0.4854568575	0.3821213569	-0.561840242	-0.1952971664	0.8707719223	-0.3650517007	-0.5297374975	-1.9139662	-1.164204052	0.2672966113	0.5535492599	-0.7357335894	0.6715556927	-1.104439917	-0.3870109972	0.4063971293	0.756142487	1.543342983	-0.0942986282	-0.08355260318	0.0930615625	0.2853886955	0.8773403631	0.6251209804	-0.191187848	2.090313833	0.3390162025	-1.290230397	-1.148423628	-0.1751087108	-0.1919742716	-0.1522012406	1.044362628	0.5914666489	-0.2616312528	0.7563326399	1.621055103	-1.209090542	-0.9713910535	-1.231557165	0.00884982775	1.524445013	0.1890532278	1.251296747	0.09479944141	-0.7442176013	-1.036602576	0.0119841828	0.3169837784	-1.385119984	0.8001896839	-0.5869307054	-1.416447875	-1.014102044	0.8544849047	0.5538283348	-0.443103742	-0.07487854537	-0.9278686709	-0.9759026672	0.6799078307	0.9371991595	0.4246259091	-0.2150011645	-1.211291865	-2.126881725	0.3899236843	0.2702016988	0.4088090648	-0.868914117	-0.4441453665	-0.381957198	-3.480734351	-1.7295672	-0.3971681082	0.7016448225	-0.4096871581
1.491838473	-0.2359111256	0.9326939833	-0.06633177779	1.312266046	0.7041910906	0.8426125553	0.4691189172	0.302721188	0.5563499229	0.1310114331	-0.3330410897	0.3045270018	-1.114645278	-1.617163247	-1.117857954	0.1630801713	-1.083562871	-0.9356125098	0.5590913417	-0.4316199344	1.031971389	0.055356055	-0.9273817395	1.60862036	-0.2224866979	0.7343740708	1.193638383	-1.416792037	-0.2186356908	-0.08335553218	0.06404853384	-1.135889494	-1.404807238	0.8348065004	-0.4873498408	-1.030091539	0.8321711462	-0.2850907026	-0.5097544474	-0.5462266669	-0.5792511591	0.8988415838	-1.909333031	-0.1215628733	-0.181446254	-0.9074608148	-0.1281963139	-0.5191803428	0.4842909302	0.7391934423	-0.5138868899	-0.3583444362	0.435624583	1.500854611	0.1315259997	0.2610703887	-0.0918442591	-1.691331117	-0.1201689946	-1.532279629	-0.5315155612	-1.320565215	0.5297999755	0.4179270136	-0.5087773241	-0.4437878425	-0.398924944	-1.275314657	-0.9362060908	-0.08748846644	-0.5629406078	0.5936681641	0.1239062662	-0.1976248346	-0.5423201099	0.247314175	-1.35913343	0.06796953114	-0.05154967662	1.076424317	-0.175672762	0.3026457518	-0.7635842789	0.6522303662	-0.3208588656	-0.1838616711	0.8220865538	-1.126117086	0.2957996987	-1.66691172	-1.263704074	-0.7520422106	1.188235164	-0.3225128467	1.612091755	-0.798826402	-0.2412249926	-0.4404402398	0.5143819141	0.6770724769	-0.3204014463	-0.3193413169	-0.2518335262	0.537349934	1.348123006	-0.2437015461	0.08074776966	0.1817794148	0.4089763062	-0.1179111356	0.6516040625	0.4789087088	-1.551700949	-0.7725084731	-0.736553301	1.350496004	1.081870476	0.5095084509	0.6959686301	-1.310948958	0.7684694662	0.5138317463	0.3221806804	0.9731292396	0.102919529	-1.349067343	-2.255294344	-1.802267961	-0.23017648	0.3218320022	-0.2917615766	-0.8329326853	-0.4034266894	-0.9172906853	0.01968695963	-1.827745422	0.8701760493	1.34359185	-0.5469311311	-0.5664811932	-1.335196627	0.1969260338	-0.317788796	1.160453551	0.0090867802	-0.007720692729	-0.3865044512	-1.590019367	0.2676703087	-0.1850434497	0.5878576521	-1.419486951	-0.3625763125	-0.642410108	-0.9992265509	-2.056382086	-1.343594885	-1.026277441	0.6587881002
-0.4134873192	0.1698942553	-0.9447824183	-1.576692643	-0.5794389553	0.6968881537	0.140661585	0.7174064919	0.4810917955	0.6539819173	0.04088596833	0.6670817637	0.5508647505	0.4867819213	-1.160018832	-0.4003766647	0.5409569662	0.1340943076	0.01328217304	0.2194293127	-0.5995338742	1.258771176	0.8598385937	-0.09198710314	0.1328649144	0.1406233001	1.109035674	-1.4739098	-0.3080594026	-0.7338402446	0.1267631381	0.8180174714	1.253184685	-1.833074812	0.7063612478	2.488084049	0.4147940236	-0.1140689799	-0.2273860165	0.08720279287	1.274268486	-0.7908335933	0.1801395005	-1.391883502	-0.09075988847	0.4811142478	0.07450058958	-0.4690578523	-0.6069479178	-0.6178620406	1.285792795	-0.1203214262	-0.0241420281	0.97893148	1.182339315	-0.2221307956	0.4458824702	0.4567174084	-0.1732736168	-0.4550832163	-0.2053373212	-0.9881848077	-1.163125063	-0.06327419514	-1.188714623	-0.1161017955	-0.3054489283	-0.02953973052	0.2000470672	0.2590412885	-0.5095450398	1.073990335	0.6805466779	-0.1176497302	-0.916256421	1.790595403	-0.3366752414	-0.3871506852	0.5536149301	0.3383167009	1.209400608	0.1014630604	0.7509544306	-0.9855550404	-0.3385205619	-0.3646771236	0.4468887994	1.403278512	-1.517469645	0.2212820906	-2.286430737	-1.496003952	0.3218408394	0.9713169408	0.4227824509	-0.02817210953	-0.14366456	0.03154000855	0.2124655089	-0.7934139696	0.2355665373	0.114496969	-0.723466003	-0.2019347849	-0.2438393002	-1.412018626	-0.07971062388	0.449047675	0.6803517481	0.6919168295	0.1177936973	0.8591121244	-0.8288439459	0.4421566012	0.9537460997	0.02586427375	1.701092577	-1.108099938	0.3966019694	0.6318615173	-1.403720522	-0.615487337	0.1469744315	0.1806900657	1.658428268	1.5276341	-0.7569339197	-1.207517624	-1.233292731	0.3997962888	-0.542829715	-0.2568878196	-1.438450102	-0.2061483422	-1.465762886	-0.5955265211	-0.9169564065	0.3930622925	1.117093384	-1.249884589	0.2882553736	-0.285259702	-0.8151645511	-1.516256281	0.8629352812	-0.02568868732	-0.577654451	0.1265279918	-0.8436314589	-0.1973103486	-1.143766603	1.659511868	1.321350927	-0.3752121821	-1.279622865	0.5312691539	-1.647221024	-0.5399508072	0.5547568561	-2.406935511
-0.9874605214	1.339689485	-0.9941795463	0.006885597173	-1.036794727	0.3391814071	-1.076025207	-0.6766711733	0.5599233938	-0.1903791603	0.0007723458634	0.7393156473	0.3107609548	-1.019699645	-1.093759027	-0.547872772	1.004050621	-0.5587070197	0.3943570547	0.470537924	0.5232028396	0.5784865886	0.9175921099	-0.3097559428	-1.224214609	0.1376586968	0.6265634462	1.383346414	0.09637804283	1.366837498	1.100139632	0.7258396093	-0.6615402518	-1.499560034	-0.07617227304	-0.3255681497	-0.7446518545	-0.2620947311	-0.178557795	0.7493135041	-0.5979109369	0.7407889164	0.845436893	0.4595364291	-1.427714713	-0.2112791883	1.626317668	-0.2949592252	-0.5172742305	-0.242303843	1.552569709	-0.3551659591	2.398140619	0.6978183011	-0.08754557803	-0.2517794365	0.5169144171	0.2496758686	-1.136588386	-0.763341146	0.4726135337	-0.8179024999	-1.20235931	-0.4884895814	-1.13195432	1.589044318	-0.563590218	-1.496235101	1.096956289	-0.05257153353	-0.2900714804	0.2691635317	0.507497099	-0.367667585	-0.2276856775	0.3310859072	-0.0004850289546	-1.770177484	-0.1784578321	-0.02163277001	0.05116417436	0.3927457724	0.8560378216	1.512058757	0.1693949734	0.8936655913	1.018295441	1.140792376	-1.722127324	0.2127526167	-1.955222052	-1.373555598	0.8358318	1.312430911	-0.1397631144	0.7678798665	-0.2156768725	-0.2110112764	-1.336025832	-1.247994816	-0.4200878392	0.1126962013	-0.4604779169	-2.214012855	-1.656568569	-0.4690639979	0.5350091801	0.4736029825	1.052819627	-0.5423525766	-0.4984187252	-0.2377869848	0.09487244648	-0.718080273	0.6962725544	0.5446796238	1.189763938	-0.08757110147	0.6191381941	2.144913045	-1.005090215	2.233520716	0.7289251791	0.1844909304	1.905821049	1.314270215	0.1947804241	0.03468946385	-1.141156522	0.1304244986	-0.5550769638	-0.725701651	-1.295023424	1.875672561	-0.2342947868	-1.826537243	-1.179488304	1.143942253	0.8639149793	-1.112384364	0.0298223791	-0.02820903347	0.2508171314	-0.834787306	0.2377277422	-0.9450588105	0.1706794294	-0.7105614591	-0.4737150524	-0.04812512185	-1.753827652	0.9636519316	1.308168153	-0.359568175	-1.621779898	-0.5238016836	-1.649072225	-0.4540015397	0.5445772154	-1.568275615
1.503993445	-0.1165751934	0.3051351748	-0.2515263994	1.177496217	0.1533770442	1.966634115	0.6708392618	-0.2587057852	-0.5020310533	-0.1392856646	0.1117592935	-0.04654287344	-0.2689449024	-1.965722321	-0.6982697989	0.8765983733	-0.7134911854	0.4222042216	0.5882225002	-0.5173097828	0.6939934296	0.7874171991	-0.4652756757	0.4805352103	0.2851534919	-0.07033578434	0.7941743434	-0.08563916008	-0.1721269035	1.2294164	-0.3519487674	-1.390286628	-0.2190005065	-0.01604347148	-0.8098686559	-1.267843496	0.4610350822	-0.7878103354	0.5864546186	-0.7271904627	-0.04765777933	-0.8002387018	0.2453991573	-0.387777435	1.058371268	-0.4959003081	-0.4778586388	-0.4461076988	-0.443938555	-0.01637435938	-1.010157302	0.4086636426	0.757479415	-0.1753651423	-0.3090742968	0.3516154054	-0.09711190251	-1.425234795	-1.153597198	0.4331278683	-1.129121059	-1.522296332	0.3407441939	0.3265942162	-1.253079975	-0.5720805752	-0.8383564638	-2.044210025	-0.8142318009	-0.0513854062	-0.4031619667	0.3568077166	-0.0279030618	0.4105178087	0.05411029375	0.1086621877	-0.4553206809	0.1764547576	0.09462912158	0.1540267276	0.3582446738	0.9300313686	-0.5393050694	-0.3634433775	-0.2722520503	0.8008736739	1.111247757	0.1307832516	0.3129066306	-1.400814041	-1.675469985	0.1022423421	1.641968352	0.1454448827	1.219404348	-1.371379648	-0.589519987	-0.2132555514	-0.6303285203	-0.1713509251	0.5843696384	0.7454222952	-0.08908174406	0.3852455369	0.3442928679	-0.02259549707	0.1435520166	-0.4004498643	0.1693801051	0.1757377719	-2.525031378	-0.1023126871	-2.347291374	-0.9685820389	-1.513006503	1.117220415	0.6077038071	0.8793113497	2.467595438	-1.173131414	1.055392394	0.7650651625	-0.0507393364	1.819450081	0.4599890723	-1.277107696	-0.457967062	-1.390421287	-0.1662738551	1.126958492	-0.04424655791	-0.5986894911	-0.2229442415	0.07209170564	-0.4573310902	-0.7505207853	0.5060712916	1.892419552	-0.9198950145	-0.6957255357	-0.8295226032	0.344587102	-0.5120524428	1.392386014	-1.422164218	-0.1890700735	-0.3460608896	-0.4839155057	0.8571041766	0.003081499228	0.1890354549	0.6235848421	-0.3408565025	0.6561131587	-0.4256546182	-1.175509587	-0.829373429	-1.693364927	-0.5749262688
-1.272710989	1.471587537	-0.2580577511	0.8702289195	-1.028905558	0.2489596783	-0.9012301523	0.5330836024	0.2523246997	-0.05500891494	0.2457803242	0.4200730627	0.1937097095	-0.3538742056	-1.205485057	-0.3601842775	1.135903262	0.0877520398	1.057524648	0.1748082861	-0.002361355472	0.9854505612	0.7545825509	0.08793623343	-1.248139678	0.9248650613	0.1529019212	-2.166000094	-0.650079214	0.08385184321	0.9584817762	-0.2645743438	0.1227381095	-0.2324442082	-0.1906240528	0.417456172	-1.297113108	0.8071735676	-0.2769848186	0.6989093362	0.1822559102	1.789715469	-0.9361232924	-0.2822367865	0.7144995853	0.9442473579	0.3697593619	-0.4295920026	-0.2089762696	1.462171666	0.6676498872	-1.075620312	1.885576371	0.9924234478	-0.1225133044	0.1670815166	0.1604086782	0.5106863908	0.1153723152	-0.6811768139	0.959072039	-1.227142668	-1.073802374	0.2462156547	0.6588005719	-1.186456646	-1.069034353	-1.033018706	-1.33846567	-0.8995333869	0.2025624875	0.03908818439	0.4317384618	0.2590859064	0.5197285167	0.1473356695	0.2908369938	0.2613813468	-0.0728175488	0.7373145912	1.141609349	0.2715377948	0.8697307228	-0.1044401811	-0.1327690584	0.02226092649	-0.731482036	0.9182199055	-0.1512115791	-0.9089599538	-1.790671047	-1.272851554	-0.291090204	0.8326078399	0.7707036383	-0.3478894383	-0.5082796622	1.075376948	-0.6930881752	1.896542205	0.8123608212	0.8633829244	0.8308771235	-0.2949406848	1.259894498	-0.2584812999	-0.1761072609	1.263225758	0.09912982705	0.8972507161	0.6201736418	-0.9338582339	-0.2733470623	-1.461238654	1.186034485	-0.09483780629	0.381971413	-0.847919231	1.072564903	2.739243412	-0.2997860605	2.241927886	-0.8534712451	1.414238839	2.252315616	1.593578717	0.4463785976	0.3009338777	-0.6008333466	0.6143897412	0.4025340052	-0.2134930484	-0.6229883484	1.886599283	-0.5191988064	0.1679883895	-0.8944058444	-0.2888231221	3.324164596	0.6206923939	0.1530118672	0.9798205677	-1.300681217	-0.4660539851	1.06235102	-0.5625652869	-0.9277990872	0.7466369846	-0.04383935503	1.35210556	-0.1403171834	0.8670758998	0.574690903	0.496332289	1.078238639	1.092411688	-1.460129953	0.1143480311	0.067011095	-0.7683970567
0.1825840196	0.5788096122	-0.7586488139	-0.7805611681	1.188835128	1.381152967	0.8832053268	-0.3887483158	0.5811666421	1.631144601	0.6839997896	1.052151679	0.2462666322	1.286742997	-0.4014613385	0.7033733375	1.58361572	-0.9814606455	2.105151946	0.1996027875	1.478381713	1.622336891	0.8670522348	0.8022325141	0.9315026535	1.089345668	0.5544317314	-0.652517437	0.08494346605	1.473413889	1.417500096	0.596945295	-0.09179274162	-1.241737521	1.305161294	-1.413962172	-0.8279777985	-0.3151297498	-0.5283297168	1.542405763	2.499630774	-0.8392992596	0.3305767897	-1.357503895	0.4099972689	0.3327796859	-0.2788393571	0.3344400654	0.0472208891	-0.7079226023	2.050461121	0.05878189688	0.2614536162	1.108147828	0.3019684094	0.3566154534	0.5085501799	0.10655384	0.2658581594	0.586651046	0.9744825113	0.03470538274	-1.123296145	1.003934272	-0.679149341	-1.708784373	-0.8701794123	0.1664629596	0.73504617	-0.0736358007	0.3419017056	-1.263223851	1.446808488	0.9248547397	1.260059879	-0.3048025268	0.1784762206	0.06131382439	0.4627127259	1.509293465	-0.1172735032	0.831084079	0.9188041076	-1.729842021	0.02625723497	2.025604812	-1.833505786	0.3886989247	-2.985739793	-0.007910642702	-1.989321753	-0.5534073573	0.5871542447	0.5616209118	0.7371398844	-1.224162465	-1.78464647	1.037057384	-0.4285699251	0.06420999594	1.219056328	0.6929867191	0.4719092261	-0.5113067964	-0.9735112469	-0.01304046279	-0.2091410396	2.655396886	-0.5911138501	-0.2762138414	0.8101050302	-0.8274571622	0.6737970884	0.3057185331	0.7440696166	0.6880427573	-0.03036672179	0.2094367574	1.002342311	1.819963392	0.9656259152	0.6533549527	-0.2105482977	2.58909075	1.430898627	2.31835041	0.8365968276	0.9886627121	0.05561624132	-0.1472717042	-1.560002825	0.05341643073	0.6163710238	0.7127595011	-1.319843716	-0.7146560642	-1.65552205	0.9129204921	1.230392468	-1.728213599	1.21775201	2.003645146	-0.3405642856	-1.548664535	1.854495783	-0.5109733406	-2.825007049	-0.5949538272	-0.8106562963	0.2207538093	1.461478786	2.00693423	-0.9092070824	1.878225238	-0.08728813559	1.260540653	-1.779989689	-0.6645533384	0.7899317701	-0.5882877467
-0.8882291179	0.8896703117	-1.191591507	0.8946145411	-0.4991880067	1.713802263	-1.259542569	0.6577359978	0.434736801	1.040482538	0.7143872091	1.817519127	-0.0003332375678	-0.8827093033	-1.212677594	-0.3433071456	1.568621958	0.06697583508	2.742648053	0.2648358619	-0.2500189785	0.9135289332	1.166210596	0.8707604591	-1.311752368	0.6173146483	-0.5620536529	1.857962046	0.1333243739	0.5186405634	1.712956837	0.9043740383	-0.09759641128	-0.01344750365	1.141853434	-0.4361819591	2.165148751	-0.53596708	0.250217954	1.255106523	-0.6687745935	0.3834980652	-0.352867713	0.4274455052	0.1741231057	0.9845022915	0.8345775956	0.737386592	-0.02214881322	-0.2804178166	-0.3043349998	0.08269880543	1.110873628	0.1092993535	-0.06291631166	-0.03677230844	0.01218229526	-0.125724948	-0.9709569467	0.7540448427	1.746134491	-0.3213150953	-1.318155844	1.444954631	0.3008390263	1.458626346	0.3602970139	0.1287614743	1.953395335	-0.2600453512	-0.4254687441	-0.3266499467	1.054083915	0.001796324812	0.8876285418	0.4961184355	0.442878907	-1.067902514	-0.6019760058	2.401422994	1.574115482	1.339483458	1.478100715	1.071585991	0.2984732899	1.482391242	0.5527702908	0.7824704258	-1.503267772	-0.1420852072	-1.437309508	-0.3369615526	1.84432772	0.6010315064	1.163094889	1.153282321	-0.8115792898	-0.09093987207	-0.9286471414	0.7461696736	1.376566011	2.198932808	-0.03959973607	-2.364848315	1.182492311	0.5125811314	0.4858019378	1.553206827	-0.9068776001	0.8763219096	1.420879735	-0.2316175261	0.2887242131	-1.188715317	-0.04545684432	0.1546149915	0.3011172942	0.06295424231	0.5016751163	1.608947421	1.065335975	2.351044269	0.08843197064	0.5686771646	1.65970645	1.528401815	0.4969940914	0.5214614755	0.7057882413	0.02988616692	0.641790647	-0.7763111548	-1.798553551	0.8266604201	-0.4382178131	-0.5819354186	0.06632915214	1.083042975	1.171518836	0.5777928671	0.5162719136	0.5845847665	-0.8820856137	0.7212429549	-0.1539577804	-1.001271744	-1.795625819	-0.1554191225	-0.2197472045	1.341347984	0.8340284438	1.635133997	-0.899723649	2.996514708	-0.2412270877	-0.1769990118	-1.61676467	0.575138871	0.9161198356	-0.8525784813
1.319075169	0.7931483934	1.484971554	0.6029295256	0.1783401907	1.859998994	-0.9349941801	0.597711842	0.2692818177	0.4061044657	0.252938072	1.825025487	0.424010072	-0.8340220938	-1.471963506	-0.2397729772	1.077892603	-0.05399644345	2.163037886	0.42630675	-0.7024349785	-0.02291274127	0.8939681548	0.5055316469	-0.4444240439	0.2087925187	1.030761675	0.2074772353	-0.2276976873	0.5954303403	1.823173845	0.6882220805	-0.3889949205	0.3845336468	0.2150370323	-0.6701569389	1.557615641	0.8414545502	0.280029666	0.5257795967	-0.3411604247	-0.7238361151	1.949309652	0.6679320932	0.9822665357	-0.015150317	-0.7009199592	0.5077491762	-0.3259683891	-0.1532268581	0.8579107759	-0.2409989064	-1.026995618	-0.8368519319	0.3436537401	1.024128148	-0.6112670921	0.1794152481	1.48806326	0.14020625	1.53764285	-0.1336039659	-1.438009446	1.124124882	-1.515462434	1.097233558	0.8133388957	-1.900845267	-0.8269646349	-0.7967102244	-0.2359050942	-1.277150872	0.2830072232	-0.07481453224	1.222455626	0.3148969755	-0.09314437149	-0.0673958135	0.4413364139	2.169250238	0.778953722	1.437110288	0.6547613833	-0.3667543306	1.277787795	0.6365958147	0.4897453505	1.070735023	-0.7669091979	0.2573771214	-1.911580788	-0.316085	3.024443899	0.7620439649	1.6266046	1.589591324	-0.9140398352	-0.9495817971	0.1041967573	1.95176775	1.027670251	0.7753532778	-0.9747690551	2.108456926	1.871809016	0.2917178646	-0.4670356716	0.3043334071	-0.4513661198	0.4858396299	1.066727213	0.9104847981	0.3700740509	-1.930257408	0.6497976683	0.4162419172	-0.2997145245	1.490520702	0.2831253705	1.0060487	0.05282011416	0.07254999549	-0.3641052306	0.6343226124	1.573818394	0.03466694981	-1.156576899	1.010216171	0.4384264303	-0.3502812907	1.279188073	-1.242114087	-0.2724284883	-0.5503012444	0.0008261697349	-1.981780599	0.3205418641	0.5307950637	1.04055885	0.5198357461	-0.4538326574	-0.616765269	0.2766280243	-1.772937745	-0.6049818115	-0.7665304637	-1.757373692	-0.4589770484	-1.128521693	0.3490333936	1.149398944	-0.2306260618	-0.6451311811	1.972652442	0.5961232106	0.7069187617	-1.283421514	0.7265226251	-0.2271580582	-2.812351144
-0.5721124616	-0.3150169454	-0.8278542252	-1.244218871	-0.3451873878	1.30852386	0.5206222239	-0.3053046533	0.07176656961	-0.0776705537	0.102559623	1.331265596	0.370864118	0.9680950965	-1.070571152	-0.9570151583	0.191550111	-0.15234874	1.427939783	0.4192366878	0.517008077	0.6582395533	0.61252299	0.04080560014	-0.0444933398	-0.1165627839	0.8780840153	0.1271729496	-0.6001900702	0.7437104031	0.7767202552	-0.4676775851	0.9999100933	-1.045632642	-0.160724437	2.370024365	1.484676945	-0.04959430946	-0.7047742049	-0.02307684252	1.024796994	-1.206513405	1.323169401	0.2718458876	-0.4756037583	0.06702403278	-0.9015635721	1.403158573	-0.3764246569	-0.5554749891	2.115515605	0.1511306082	-1.454063636	-1.489316335	0.5560238726	1.571828945	0.05907641145	0.04403386415	0.1140255818	-0.05077110234	0.9435273968	-1.245017019	-1.70173972	1.205096178	-0.57748799	-0.5346106168	0.652249908	-0.2781479919	-0.9829580022	-0.3820503694	0.5142593085	-0.01352186128	0.1187411733	-0.1521035472	0.8448025656	0.2365776313	-0.7197877615	0.4708529558	-0.9027157354	0.7596021524	0.1480100073	0.4918650283	0.1269435307	-0.1062161258	-0.15937115	0.3159638699	-1.20372919	1.712518339	1.44365185	0.2830114752	-1.854673596	-0.5613071788	1.492252694	0.5182809266	0.8605938698	-0.1645504318	-1.77978799	-0.3491520973	-1.137916241	0.3946843641	0.9326303989	-0.1428701847	-0.6037330366	0.3956517047	-0.327865649	-0.4856661482	-2.931384625	-0.8523993857	1.741018151	-0.3906493655	-1.176117135	1.114986543	0.4122169716	0.3272427101	0.2441451028	0.6016031398	-0.05844966453	0.7938785486	0.3256851732	-0.700236155	-0.5816943522	-0.9757881461	-0.3645393891	0.8248944972	1.385171329	0.3454691573	-0.02151756989	0.3033619876	-0.2382125347	0.8361282428	0.07374899699	-0.6028185727	0.04010283705	-0.3715595498	-0.995555851	-1.51180932	0.1434563841	1.058690101	0.4091120991	-1.801265522	-0.6618361283	-0.0656267635	-0.5358034641	-1.187643229	0.1608056278	-1.11819743	-0.3558750406	0.5805224575	-0.6644233708	-1.169457822	-0.6618556191	-0.277344379	0.1167797167	-0.06786624672	-1.524295831	0.8317096657	-0.483072544	-0.3241365168	-1.064194091	-0.145419092
1.522365359	-0.1687049721	1.444922683	0.453119035	1.513811437	0.7561822117	-0.9570891605	0.9752323697	0.4762350301	-0.2698181341	-0.07931839084	0.6907846682	0.3255829285	-0.4967088553	-1.323767752	-0.8394760698	0.3761380365	-1.281029705	0.2364677726	1.009650693	-0.1323339889	1.36970087	0.1187849926	-0.05723915399	0.8986478769	-0.1307592482	-0.9502966957	0.4559239026	-1.558793213	-0.7445561816	0.8156920453	-0.5670788554	-0.5138615423	-0.179137349	0.1300633163	-0.4102365679	1.239029319	0.3551505364	0.4781339078	-0.08669340498	-0.3927051236	0.01822594458	-0.1566022831	-1.07601663	0.9591178632	0.5582307085	-0.7396896491	1.808102737	-1.013909551	0.3978073035	-0.3249859313	0.05182235048	-0.6874021099	-1.053576491	0.07457027245	0.2451821884	0.05551099237	0.02634200002	0.1620257735	-0.9112747529	-0.01999491448	-0.5992836438	-1.388758922	1.907443268	-0.1177221415	0.05099821159	0.6757151917	-2.222984901	0.5961239628	-0.1150926762	0.01663532341	0.1658905352	-0.1787844517	-0.02236159132	0.2065385995	0.01444965688	0.0729268284	-0.570339366	-1.028065772	1.41367049	0.7395870948	0.3817111362	0.2936793061	0.02732795655	0.4326732802	0.5979025537	-1.364881749	1.697507033	0.2178085209	-0.5256720749	-1.316758626	-1.485979056	0.5802152466	0.572230031	0.5829934723	-0.1153622389	-1.296072457	-0.04984429772	0.3240670733	0.7523814644	1.508499708	0.2747074504	-0.4118418928	0.341248666	1.93001785	1.225488976	0.09223560379	-1.88353832	0.001175713831	0.8621966869	-0.7343137666	1.036718943	1.009098456	-0.9876818744	-1.506101615	-0.5393439635	1.23815963	1.051019274	0.5770789905	-1.066718331	-0.5163611996	0.2121149399	0.1484422466	-0.04146346502	1.031437896	0.7973968531	-0.8711400025	-0.3670561663	-1.565056732	0.7158192059	0.6274777652	-0.3860538496	-0.4033852164	0.007105337615	0.1891241525	-0.9406651186	0.07844623906	0.3144389361	1.570316035	-0.1348179641	-0.9886803408	-0.8763790833	-0.1544631692	-1.325113974	0.05062826245	-0.8664835929	0.003977424455	1.5585968	-0.6242778401	1.355713304	-0.3688455254	-0.845026329	-0.8321086348	-0.5070486907	-0.5483406288	0.2095070665	-0.5477027148	-1.131093876	-1.525178959	0.9105743191
-0.8525522637	0.4791825287	-0.6188188881	-0.9008431289	-0.349616189	0.1743463186	-0.1510348103	1.108498901	0.6361252502	0.08259948346	-0.8662515052	1.466443789	0.5515500658	0.2226305546	-0.8254901825	-0.3758590477	0.8580858917	1.50282955	0.4865526212	0.8484049558	0.6466793625	1.260032098	0.4441381631	0.2183477801	0.2172579132	0.3378302835	-0.05330400176	-0.1121496916	-1.428324217	-0.5025129232	1.065669953	0.1471325403	0.6570007828	-1.541609189	1.005195246	0.895343905	0.954040658	0.09990685169	-0.1121806325	0.2087972118	0.8514674732	-0.8933174702	-0.1123320021	-0.386976478	0.388831661	1.079744844	-0.8352891511	1.203094819	-0.88341014	0.2033614976	1.579580829	0.6123645312	-0.9291473959	-1.203010692	-0.8090103364	0.4299835935	0.3681340546	0.2152229554	-0.4284587399	-1.236759332	-0.1236770502	-0.229304783	-1.324842775	1.186672418	-1.222682306	0.53808818	0.2701341344	-1.408624584	0.03461897828	0.1153186366	0.8447483657	2.327091523	0.1176234041	-0.7044673381	-0.7078865913	-1.107289168	0.0907688436	0.5425697554	0.3322337012	2.57677947	0.3180755001	0.2089860579	0.7814091085	0.4121424158	0.4622993903	0.5956903136	0.5051458392	0.7855147515	1.196184151	-0.6174658593	-2.085611627	-0.8177788949	0.008692111961	0.6024333225	0.1241576626	-0.3314402904	-1.242126865	0.09493628136	-0.1696009801	0.5797534736	1.283067575	0.1617925708	-0.6912275114	1.98141402	1.470745265	0.8885774664	-1.71105966	-0.9708195175	1.195465933	-0.3697227691	-0.9156115128	0.3957714459	0.6476638019	0.8248561718	1.253173439	-0.3587198526	2.227516125	-0.7796114795	0.900974147	-0.4656116346	-0.406955629	0.2272843784	-0.8355265236	1.218190238	1.009891747	1.225797844	0.4664704314	0.6873950124	-0.8446892033	1.305431321	0.005778573167	1.39136187	0.2274340135	-0.3212811587	-0.2864794347	-0.5942769019	0.1729595009	-0.5831924326	1.260551961	0.1786673593	-0.0569571379	-1.624138573	-0.5461908614	0.4499055918	0.1451239414	0.03286650965	0.2046431976	2.898182989	-0.5973800696	0.02697790628	-1.148184818	0.1460961473	-0.2108355984	0.1390633588	0.124474363	0.1949669693	-0.2507307434	-0.1034639394	-0.9495405622	-0.1364485514
1.181008865	0.9456282736	1.21734346	0.3720083778	-0.2102567087	-0.3529172619	-0.9746063232	-0.3594849384	0.767837708	0.14775596	-0.9024773015	1.416465805	0.8056665171	-1.289116034	-1.245870992	0.2832100181	1.307077725	-0.1424596616	-0.3569385578	0.6691093541	1.253825731	0.9987752238	0.349216602	-0.09160573692	-0.5928449744	0.694759613	-0.799249606	0.4716894761	-1.6211868	0.3002604428	1.833872765	0.1618402877	-0.2990172736	-0.2094931897	1.469435626	-0.5845446804	1.747811348	1.024877869	0.1941020279	-0.1563861191	-0.2111199998	-0.519645632	1.470249209	-0.1677727163	-0.08394224582	0.2839711855	0.6432043997	0.805000733	-1.31615983	0.209372426	1.288342814	1.14424281	0.3388008341	-1.082465774	-0.601536348	1.167682892	0.111442842	0.1837667581	1.754282603	-0.8804012887	-0.08111837732	0.5164112151	-1.064507278	0.8581150589	-2.122074037	0.136173572	0.4859261256	-1.595123813	0.2085132874	0.03952448132	0.1753309393	-0.4463344163	0.06145419166	-0.09041471267	0.07751308818	-0.7891709563	-1.537359461	-0.9253252456	-0.3572551233	2.152922329	-0.04948170599	-0.1047988947	0.1189940438	-1.813136745	0.4533374113	1.334818806	-1.333486556	0.4478499336	0.06754251746	-0.8996778383	-1.926445177	-1.134057435	1.169169917	0.295456133	0.5959432721	-1.109654925	-1.126844229	-0.4310037323	0.8898112043	-1.084076905	1.270044803	-0.379923125	-1.059864737	1.206045983	0.6216477965	0.4058625597	-1.108640201	-0.6156968574	-0.6966800023	0.8819537346	-0.7272275571	1.205228326	1.173781817	0.1198925435	0.03855014519	-0.2176741514	0.7084385697	1.209876704	0.4362404033	-0.5417473625	0.3290126711	-0.1901904299	-0.8934089504	0.4748093049	0.7069714166	0.9795291107	0.3288076766	0.1912319419	0.2194540342	0.1561258415	0.8797008444	1.285502359	3.031543046	0.78383958	0.7462521914	-2.203440711	0.2684028344	0.504896423	0.6770074255	-0.08914801864	-0.4583198096	-0.7942423063	-0.3672598274	-0.421505053	0.1344187193	-0.4307667928	-0.002246622492	-0.8626917965	-0.7267636732	-0.1375969556	-0.04650804954	-0.1571615778	-0.6297829603	-0.6401947859	0.3755791911	-0.3066349843	-0.1027440531	0.03195622063	0.1602696844	-0.2143736539
-0.4474681167	-0.3108793469	-1.245235619	0.2407067847	-0.01026554825	-1.030808113	-0.2002820957	0.9024532449	0.3678236533	-0.001129193337	-1.63390146	1.336765085	0.03262724499	0.01208465994	-1.705037767	-0.941100578	1.212697533	-0.6229104212	-0.6536018936	-0.06366042401	-0.8903698403	0.7096629029	0.2180540221	0.2231020396	-0.143159329	0.09291715675	-2.414297341	0.600462518	-1.594589913	-0.08786550461	1.010973208	0.4319532289	0.8706035392	-0.2327695313	1.0769641	0.7246314567	-1.18711686	-0.07122180172	-0.1610996078	-0.9813624056	0.9322284118	-1.476560771	1.459992662	0.06823624077	0.3289813837	0.928048277	1.78360066	0.6890259661	-1.339865643	0.7754452795	0.4426072809	0.9763388677	-1.22902973	-0.9747677988	-0.5569305188	0.749773148	0.4573487887	0.3233389875	0.04144844975	-0.2065490287	-0.01196719657	-0.1914538027	1.471501773	1.120879402	1.028403901	1.316531475	0.5547343522	0.2223039548	-1.221001523	-0.6409475861	0.2979262877	1.29548352	-0.3622316023	-0.5601984445	-0.7466884095	-1.334838711	-6.8208729	-1.859481832	0.4890130593	1.197324928	0.2313075812	-0.1315901256	0.05795443647	0.9025562521	-0.005420963233	1.113987262	1.012909806	-0.3987401941	-0.2216396788	-0.8707410686	-1.170085944	-1.173015599	1.102921288	0.3135694122	1.371727726	1.420257782	-1.586705345	-0.5716104019	1.741876002	-1.002300711	1.507565261	-0.3194769413	0.1758225179	0.09918857201	1.741695527	1.605749561	1.491158494	-0.7611891725	-0.2840730827	0.5599213948	-1.056139126	0.6136590146	-1.010152422	-0.7145300713	-1.2455145	-0.9367170992	0.4179184856	1.479838511	0.3941827388	0.8884474507	0.3116186129	-0.8962436836	0.1200239692	-0.7512902455	0.2880007988	0.3606921746	-0.9829317584	-1.71844598	-0.3153928235	-0.3088707559	1.194570954	0.5465353697	0.5197739214	0.3398051254	-0.2465693334	-1.827817752	-0.3375305422	0.2053755098	-0.2066339001	-0.4610691445	-0.5247765439	-1.091641189	-0.4308581785	0.2942541864	-0.3068035576	-1.022744571	0.2762947665	0.2274529707	0.3307504551	1.294023145	-0.6266652047	0.3173206548	-0.0366749374	0.1969768366	1.106817186	0.1368565395	-0.0691675082	0.2453440542	0.3399899222	0.4028303859
0.6767842967	0.1869165879	0.1799272231	-0.7743645756	1.580390925	-0.6197499759	1.066231383	1.071328024	0.1037225345	0.2276421198	-1.080772624	1.082494191	-0.7623441148	1.950064902	-1.716638448	1.071139689	0.2785563874	0.6926457358	0.01316054596	-0.1237669666	-0.6888902067	0.604159474	-0.00299143509	0.4035246894	-0.1288747179	-0.72828986	1.214149886	0.6918657057	-0.7401140549	0.1748338577	-0.1215220215	0.4843974529	-1.426671194	0.02756244019	1.444929112	-1.306848291	-0.7316715376	-1.846709587	0.02518556655	-1.189942692	-0.7362459034	-0.211039941	-0.9970628154	0.2778335834	1.356382173	0.56779873	-0.09870283411	0.2203125969	-0.2927415196	-0.3165150818	-0.03289238023	0.03059518394	0.5587969917	-0.6435632098	-0.3565955723	-0.5190503975	0.1981764242	0.7650128039	-1.119220806	-0.2850741601	-0.1872940267	-0.7448241929	2.943476544	0.8846054035	-0.0532563668	0.1327726143	-0.1071152453	0.0523502896	0.6108586141	-0.5345129412	0.222490962	0.1380879439	-0.3483024154	-0.5726582014	-0.7148018461	0.527333743	-7.408042051	0.9571205027	0.8146929157	1.22936445	0.351799503	-0.1024528545	0.2379825514	-0.3378708623	0.3610331795	0.8129198875	0.6317356388	-0.8547324253	-1.351322807	0.5799724508	-1.688448593	-0.5870795993	0.4693321919	-0.6369602771	-0.003815190339	1.338070399	-1.653790643	-1.200610077	0.4198281249	-0.5868963983	0.4266740439	-0.1775552352	0.4567569233	-0.327971658	1.975945075	1.320526879	0.9854285622	-1.242379416	-0.9567507832	-0.5953931495	-0.7374202126	-1.39529533	-1.307443502	-1.940137927	-0.7242346235	-0.8398302874	-0.3218737881	0.6658240689	0.6215876977	0.2638090857	0.5330930021	-0.8019514389	0.8318213546	0.1609821339	0.1258162533	1.12382307	-0.2117891978	-0.8298523235	-0.6488486633	-0.1055468765	0.5377447474	0.1760568793	-0.845329515	-0.3650440915	0.4599208116	0.7299994008	-1.164274111	1.236779624	1.220716559	-0.1627273125	-0.749654349	0.2132104414	-0.148153728	-0.2388295462	1.173818227	-0.6451827677	-0.3704012813	2.13771473	0.7897557836	1.498037571	1.290943651	-0.02585123522	1.810856479	-0.6146520781	0.3751599497	0.8212095202	0.8556448112	1.379504151	-0.2257490598	0.4415092371
-1.216153631	0.9918326111	0.6551322227	1.474416919	-0.4576338414	-0.6557343769	-0.7807389763	-0.0225234273	0.8488819074	0.6340127232	-0.2542578787	1.095096803	-0.5041030826	-0.6970710796	-1.26972483	-0.06519503292	-1.065033842	0.1072276435	-0.2869590674	-0.02434546446	0.05900602017	0.6193314354	0.132775743	0.27044494	-0.751269822	-1.394109136	1.365041191	-0.9143990026	-0.2901184636	1.784399477	0.07835366817	0.3936708133	-0.05285533456	-0.6265932695	1.161741851	-0.6574776931	-0.1484504703	0.477913577	0.5385443557	-0.6978151481	-0.8003652959	0.5137388135	-0.5289588707	1.38833927	0.817116155	0.2061735817	0.9207055043	0.1380142429	-0.3804203838	0.197775354	0.6223867153	-0.6023007926	0.9293983286	-0.4385528473	-0.641413372	0.1865332572	0.2692690223	0.1989748057	-0.08694769338	-0.3800728595	-0.5556509385	-1.439607273	3.267104037	0.467928339	1.845604024	-0.7010094497	-1.298565485	0.5805570291	1.256870143	-0.04443129711	-0.4704476855	0.4965118991	-0.513865548	-0.0326406513	-0.4581913433	0.6062855198	-8.42286549	1.348261709	0.4339726886	1.516530911	0.2815663415	-0.3735812468	0.2371747816	-0.9631813697	-0.198876839	1.060829375	-0.222434816	-0.1989464194	-0.9103963749	0.2410800148	-2.506009095	-0.6065151512	0.9377735982	-0.0173305368	-0.831063304	-1.029273396	-1.077050607	-0.8406286907	0.6725966751	0.8527403289	0.1307975489	0.1450380929	0.3374981085	-2.197529055	0.7346316665	0.3695515754	-0.07857985671	-1.116766119	-0.2021565994	1.938798549	0.4979925852	0.02562100313	-1.516580079	-0.5846956295	0.1145498845	1.314395224	-0.6310982462	0.2695317602	0.9008072143	-0.09489105744	-0.7399723337	0.640581941	-0.697758862	-0.601685923	0.6639870824	1.746056952	0.4695581572	1.201533027	0.1457236504	-0.467317752	0.03546426066	-0.764567045	0.6723926916	0.1409341229	0.5144437225	1.297697977	0.04491620307	0.2559768078	1.806592467	0.8365064267	-0.5303636804	1.525255851	-1.308584903	0.2292924957	0.4903070341	-0.4298542488	0.4751316626	0.7535970969	0.2918279214	-0.03871899213	0.2463502176	0.8741392119	-0.2109722796	-0.6888050653	1.16826001	-0.5040696834	-0.5700349521	-0.233573853	1.991978213	0.9862807411
0.275984988	-0.5845771412	-0.5471518319	-0.3996421949	0.3737424373	-1.153635248	1.300520951	0.6022691778	0.5833801377	0.8085200505	-0.3615356697	0.9561482829	-0.4289858249	1.07761249	-0.5171453137	-0.6356355926	-1.838308031	-1.172464518	-0.3049013234	0.09013755089	-0.5929581649	1.318128829	-0.1728337866	-0.3648410293	1.568305988	-1.483704126	-0.1845382848	1.036943864	-0.5643474563	1.537275781	0.2171220888	-0.1918479365	1.254787519	-0.4883621147	0.9566254415	-1.694320771	0.3413433853	-0.002221080982	0.133106593	0.5292283711	1.536941998	-0.8911276183	0.3151084025	1.096328229	0.9216335774	0.4819291168	-0.4443345942	0.133680592	-1.453409346	-0.1127688154	0.9757660774	-1.79290603	-0.6716394567	-0.1697443923	-1.299935425	0.4045695641	0.4330705546	-0.0003646533632	0.9238224411	-0.8673944346	-0.8757381121	1.226052477	2.726922974	0.501710345	-0.1879673373	0.3299739254	-2.28236453	0.1396977062	-1.075442592	-0.3442964152	-0.2983549289	-0.8217128581	-0.2936862774	0.74049512	-0.6718217989	1.256962164	-6.013276178	0.3987687325	0.8537761971	0.8664106062	0.7041624824	-0.6851595019	-0.4688606111	-0.8264299316	0.1595481222	1.17155963	-1.285230528	-1.284223137	-1.507496833	0.623861166	-1.892715876	-0.7623418393	1.075718391	-0.7560038505	-1.003136488	-0.7921199934	-2.414582216	-0.6559216961	0.8467789489	-1.757096186	1.210930799	-0.2938597412	-0.05054809746	0.2130984642	0.5959034827	-1.428397957	0.5617463475	-1.370453556	-1.809143669	0.4123369443	-0.08291379057	1.361075253	-0.3255794194	-0.2582049292	1.484366698	0.7474302931	1.026879706	0.3427727907	0.5444326986	0.2284360259	-1.566058827	-0.3786175988	0.362897294	-0.6574635245	-0.8061819812	0.8424293155	-0.06859299453	1.23055033	-0.3087451358	-1.20386864	-0.9472610845	-0.6861951631	-0.6251281273	-0.514781794	0.6159632812	0.3353625877	-0.9385972641	1.587801586	0.5813196316	-0.3907343019	-0.5338439228	2.02581625	-0.6674655647	-0.6249261684	0.3676821354	0.9877411548	-0.07392265969	0.6899818217	0.3894785419	0.613149286	-0.8044328475	1.82311969	-1.08630992	-0.635571112	2.049338117	-0.984814179	1.00842596	-1.469009502	1.346167836	1.819953294
1.061940143	-0.03645189096	1.561497243	1.078122239	-1.312180765	-1.797712737	-1.203406687	1.100956399	0.2505221018	0.5187732727	-0.3944299065	1.235711355	-0.169133894	-0.619974243	-0.9374869561	0.2422119	-2.388007999	0.7167685157	-0.08276427	0.2403287908	-0.6075860656	1.407762844	-0.7648443914	-1.396740364	-0.5855384372	-1.498690255	0.2501074764	0.1640144002	-1.367776227	0.8216968263	0.6142938596	-0.2391603961	-0.6274112172	-1.44815849	0.8482224991	0.0161870689	1.09382966	-0.997462501	0.6989559574	-0.03737244079	-0.943157276	-0.1613033846	1.269982865	0.4608298554	0.05488473403	0.6898335949	-0.7201976099	-0.8412431804	-1.992285502	-0.791826684	-0.3683310742	-2.515594596	0.114138655	-1.115704633	-1.655553113	0.5603004371	-0.01087775797	0.4929840082	-0.4908571892	-1.028550619	-1.094686127	2.744233336	1.478210619	-0.4644976432	-0.004516846999	0.2611722627	-3.066575032	1.125076484	-0.02096491985	-1.418352126	-0.5181565597	0.5305434509	-1.016947516	0.3036677886	-1.501984768	0.2440552125	-2.445152934	0.734762963	-0.3700097228	0.5077016817	0.2859318582	-1.36072377	-1.059962493	-0.7271124471	-0.3802074677	0.4029716032	-0.6967600831	-1.167966923	-0.2300648756	0.1169246146	-1.352161493	-0.2936507232	0.6201229012	-0.1041872717	-1.226505054	-1.060104661	0.6111504649	-2.077554623	0.9191756057	-1.152956103	0.9559702884	0.01067611779	0.1942758296	0.2415535619	-0.2155541752	-0.2595095778	0.4700929063	-1.701418179	-0.1757673091	-1.215728481	-1.813782821	0.2012067988	0.1988738657	-0.2792932292	0.4830305195	-1.091482514	0.7652238296	0.4683683429	0.4364371654	0.5104022996	-1.89253731	-0.06148320857	-0.07032287269	-0.6950421927	-0.827443618	0.7760605155	0.4426572666	0.3836958046	-0.03183295098	0.2150381871	-0.1817626133	0.2839125677	-0.196239017	-0.45161849	-0.6870283956	-0.107840161	0.01180882983	0.8742468979	0.7780118163	1.837391167	0.3933894444	0.3996042653	0.5041673849	-0.3159949037	-0.2756613484	0.4184766757	0.1672559791	1.592343913	-1.470663884	-1.921290152	-1.418739057	0.9131169389	-1.491488946	-0.9674570347	-0.6436264484	-0.2184373432	2.709196894	-2.457046625	0.6037465997	-0.4553004709
-0.6742151206	-0.05890660472	-0.9371420327	-0.2505505279	-0.2862836628	-2.408797754	-0.3290710789	-0.6339399223	0.04435857879	-0.01149436567	-1.063329128	0.7713549484	0.01180598137	0.1010435901	-1.219751385	-0.4901912638	-2.698464057	1.894480196	-1.379738644	0.4960214299	0.3777183305	1.146383143	-0.7874555562	-0.5753949052	-0.5488093015	-1.78297874	0.4928317029	-0.1863225717	-1.304722706	-0.03024180739	0.1429037969	-0.4611157666	-0.04420416837	-1.467322403	0.7512605961	1.267601259	-0.2559424465	-0.8894123172	0.5556987973	-0.3084805532	1.052326547	-1.652656443	0.5373496047	0.06255719292	-1.387943474	0.2522859316	-1.676661054	-1.555019434	-1.557934534	0.5428019415	0.1060768224	-1.797784624	-1.838902306	-1.190480661	-2.475172046	0.4971430126	0.02997527105	0.2002044772	-0.9514469352	-0.7734342957	-1.331677129	-0.5371725782	1.0897665	-0.6310404023	0.8553456565	0.8829397747	-3.180977753	-0.8874111558	-1.448337517	-1.926815265	-0.001116040595	0.6687137635	-1.271563405	-0.1633229568	-0.7711614013	-2.106464372	-2.047681621	0.1890089119	-0.1124577328	0.5003593696	-0.01711610371	-1.349789062	-1.30277478	0.2056700923	0.1183981578	0.4566073355	0.4212277921	-0.1365925488	1.645988754	0.3480088726	-2.176176943	-0.2554844784	-0.1789931971	0.6433015799	-0.1923790016	0.6648695134	-0.1683694252	-2.008911198	2.309492468	2.032679804	0.3053828325	0.1621241383	-0.377676748	0.5853452534	-0.586240399	1.416819064	0.7022803464	-1.677280812	0.6080654513	1.241210865	-1.531576807	0.1240909121	0.3525451401	0.7563201421	-1.219085104	-0.5210417906	0.2678117601	0.398090462	0.3702503818	2.164465551	-1.534814239	-0.28264421	-0.6354869759	-0.8636874425	-0.9943306696	0.2540159857	0.2997112016	-1.993329358	0.4325236407	1.133092229	-0.1363256633	-0.1767644389	0.02459187165	-0.931637264	-0.9205677335	-0.5532385193	0.5985755913	-0.008915788435	-1.881949699	-0.1234210837	-0.1739087893	-0.605136624	0.2728773672	0.06896081455	-0.1158498391	1.692798583	0.6865885968	-0.2657133626	-1.145343815	-3.407970369	-1.794433961	-0.6175939834	-0.3772419933	0.2232541618	0.3335327636	-1.423271934	2.441520993	-0.8683598021	1.097357384	0.6345770031
1.542216915	0.1465603061	-0.08895815057	-0.1697746346	1.684620066	-1.934179339	1.853047836	-0.1263703258	0.6134472452	0.2362030375	-1.352182224	0.4828624716	-0.0207783053	-0.6580949906	-1.295603715	0.09544677582	-1.873070415	-0.8333654229	-1.983627786	0.03421718235	0.3319151226	0.6834999929	-0.2658558258	0.1321132048	0.3682588694	-1.573106957	-0.1099430198	0.8327377082	-0.689585075	-0.3659344788	0.1455242941	0.3852128341	-1.290359889	0.5372871135	1.43543714	-0.215346698	0.07832336056	0.5715171863	0.2372014099	-0.5990397085	-0.471886717	0.9513184361	-1.021439355	-0.2995734641	0.07185452235	-0.2519948805	-0.07240833002	-1.583038608	-1.696528235	0.2021864758	0.07137694311	-1.711999975	0.03240154743	-1.2593186	-1.51676218	-1.498993528	0.9808735821	-0.3193227991	-1.053471494	0.3095926508	-1.483118304	-0.5499339208	0.7422001338	-0.156641431	1.075261634	-0.9688671493	-2.683234501	-0.2256211848	-1.312213822	-1.461978062	-0.5631958041	-0.8570200882	-1.438382429	0.07927530437	-0.585959576	0.3362022085	-1.23110205	-0.04189051959	-0.4203055424	1.133730555	-0.5067129036	-0.6852551291	-1.656348667	-1.719815511	-0.3758916339	2.068566867	-0.6985975196	0.01051287679	1.498762851	0.3408053808	-0.4878578359	-1.005293925	-0.7354668198	-0.06016934978	0.09078893377	0.8907951591	-2.405120396	-1.026712391	0.2109000311	-0.06416177752	-0.4272941088	-0.4508378858	-0.1904459053	-0.8895019961	1.050035946	1.11168228	0.05310854794	-1.85594061	-0.05332859583	1.520226722	-0.6877847412	-2.095806075	-1.092725695	-0.4396430645	-0.4197684057	-0.7667804472	-0.05565541953	0.6106289124	-0.5437970656	0.4572811422	-0.7003671826	1.120428732	-0.4806337395	-1.414579899	-1.592240518	-0.3662889126	-0.5394905249	-1.824139204	0.1777033974	0.02801786735	-0.1543577563	-0.06720855837	0.7800148058	-0.435874284	0.9833798523	0.3359984216	1.147245698	0.01701105564	-0.4515677212	-1.38214848	-1.599694811	-0.1798834507	0.5442579768	-0.4949276907	1.57553939	-0.03237533226	-0.9889276308	0.01599575475	-2.079697214	0.2766001786	0.6874678579	-0.7581462009	-0.2088392438	0.01952727277	1.699522659	-1.226036224	0.3454219395	-0.4202799845	-0.2455852776	-0.3826671771
-1.004158677	0.06663645925	-1.023299853	1.11651113	-0.7381726098	-1.722886925	-0.2943051922	0.9146345497	0.3159374412	0.2636913072	-2.416035867	1.057158991	-0.1018203037	-0.7428727338	-1.946300057	-0.4203827456	-0.9276461698	-0.4625628583	-1.001939632	-0.9477656721	-0.5115407721	-0.04355751994	-0.1800551307	-0.1181954936	-0.8714132694	-1.24807592	-1.54492887	0.7014647735	-0.6415743185	-0.005943936063	-0.5619691883	0.9037041936	-0.2265335924	-0.3898328486	0.6618562547	0.8560348436	-0.2437182703	-0.530800823	0.7013333262	-1.00038981	-0.008459270391	1.832274486	-0.05724830882	0.509206958	0.1875294427	0.514420223	0.8536906547	-1.166216389	-1.965951657	-0.5388589372	-0.1047077466	-1.961315109	0.8415615539	-1.035329948	-0.9732107735	-1.628799283	0.6609904024	0.6322579036	-0.8911101737	0.2198525175	-0.6668966299	-0.5169328927	0.9864321286	-0.3523275772	0.09823939347	2.14003957	-2.987016023	-0.8065013113	-1.040145432	-1.426832599	-0.3737507535	0.03402116484	-1.240702657	-0.2332756292	-1.224984075	-0.1939467376	-1.32954867	-1.485192456	0.2537499486	0.6172757093	-0.1593923799	-0.5809917095	-1.12257144	1.610723491	-0.1099416384	1.18505476	0.3281481543	-0.5907295989	-0.08851931204	-0.5231012524	-0.3785642634	-0.2317349235	-0.3180216169	-0.5073085951	0.05479556557	0.8114203135	-0.1538445585	-0.9387472889	0.1801426688	0.2964595334	0.4849960176	-0.9674803727	-0.2195428199	-2.174327148	1.418000809	1.270603196	1.473782695	-1.670799976	-0.7655384559	0.687118641	-0.5607462495	-0.2961759052	-0.9854794397	-0.4826746119	0.4031630562	-0.5063452998	0.3171695185	-0.7023500223	0.223396652	0.761664636	-0.3267654822	0.5808379091	0.04987958885	-0.8803353388	-1.064417157	-0.4989690028	0.7928068047	-0.02016906031	1.097230928	-0.4875521613	-0.13862231	0.230643719	-1.77427071	0.4563527007	0.8223233486	0.9427506467	0.8730803214	0.2851464482	0.1912481686	0.3320241149	-0.4988124222	-0.8127514533	0.6205704576	0.6330558715	0.1423205979	0.02576782148	-0.8669515306	0.3844401949	-0.9621472297	0.4692641604	-0.1440344085	-0.4801424626	-0.6643734131	0.5529685237	-0.7502630386	-0.8909844641	0.6804115577	-0.7145572715	-0.1608854427	0.3474715836
1.415225385	0.03910629282	0.04086402822	0.03620624518	1.595840303	-1.474868306	1.762896802	-0.1987125664	-0.5337572999	0.30177747	-2.688820646	0.999253798	0.03596675847	-1.239117865	-2.141978539	0.7310889755	-0.1107866927	0.5180309353	-0.3596391277	-0.8909612384	0.7125279609	-0.647827995	0.05756341476	-0.5982381742	0.424391996	-0.6744603323	0.3879781384	0.5065248173	0.003721708681	-0.47670804	-0.8462331757	0.8118736931	-0.93802293	-0.4686611359	-0.1622448602	-0.3270794352	-0.7453243486	1.710697824	0.1780186676	-1.278010798	-9.567407941e-06	-0.1038125331	-0.08111974331	0.1296101679	1.394028928	-0.2000430892	0.1681286502	-0.6409047785	-0.9581298494	-0.3006788995	-0.1179551714	-1.791694468	-0.892675998	-0.7085498989	-0.7703405675	-1.541052512	0.08101087038	0.8736056303	-1.628916153	-1.136719664	-0.6744177099	-0.6513695629	0.6850717096	-0.5685388562	0.3630615264	-0.4778677739	-2.662336802	-0.4440107965	-1.626323003	-0.9563939878	-0.338673104	-1.168753459	-0.6512167408	-1.029315251	-0.9208076561	0.406728358	-1.506153782	-0.9687269632	0.2050700111	-0.1727661588	0.5721668994	-0.7062896959	-1.409111232	-1.394295234	-0.01126649301	-0.567388461	0.5002932488	-0.6601581273	1.100249723	-0.3562147681	-0.4672270757	-0.1362899872	0.4046845887	0.02884165438	0.1708017141	0.9268990559	-0.4927952762	-1.337141788	-0.7310822019	0.9927885456	-0.6249772399	-1.244456042	-0.4590147868	0.3703355006	1.201162058	-0.580463546	0.4785204294	-1.51167816	-1.275257642	0.1830881226	-1.29765865	-0.009753222665	-0.602735121	-1.527780014	-0.9551827251	-1.668254004	-0.1463159141	0.03601501462	1.435311406	0.7927055788	0.04379945676	-0.7021648342	0.3318415261	-0.1129582604	-1.298772005	-0.9875263581	0.3804354115	-0.4322582421	1.020401749	0.2535545951	0.169566844	1.068856297	-0.03996456668	-0.5724928121	0.7989704608	1.058838816	0.6038388158	1.713312524	-0.559688387	-0.7023974623	-1.318206046	-1.351580898	1.081724545	-0.2517764835	0.982486714	0.1173145297	-0.7480387396	-0.3477057904	-0.003677184055	0.1588247202	0.3657303457	-0.6089008142	-1.03690438	0.1430903206	0.07228306036	0.03518505898	1.241888617	-0.576298604	-1.333357732	-0.7143405075
-1.0421143	-0.3026232575	-1.097809219	-0.6863345284	-0.0013457947	-1.425319929	-0.03436583497	-1.260925759	-0.8147540343	0.3518479062	-2.004935496	0.8249420266	-0.4689034798	-0.4556519338	-2.190092084	0.2216450479	0.4768431131	0.9555491327	-0.2565422824	-1.096850634	2.24550144	-0.668947602	0.3313197226	-0.9111454946	-0.8923912643	-0.4829310241	-3.066950538	0.2338762591	0.4970848904	0.2901292548	-0.5548148196	0.2750059888	0.7890338185	-2.316294322	-0.8105603651	0.9096419197	-0.006712248327	1.533757336	0.04608268386	-1.498626395	0.6019060695	1.703721502	0.3898353013	-0.178994025	0.6088843157	-1.088242951	2.479621336	-0.0171501863	0.008675345858	-0.5155331881	1.376087166	-1.524497915	-1.369828292	-0.5853897342	-0.5886923384	-1.181223202	0.05754589674	0.668431051	0.6195508805	-1.441617721	-1.005980819	-1.236839596	0.6185655774	-1.119774223	0.1789339652	-0.5483815762	-2.578207206	-0.1796183764	-0.6952820308	-0.3779755701	0.6673796372	-0.1446492439	-0.07037965689	-0.6669997117	-0.6235809441	-2.514853721	-1.629261202	-1.138561818	-0.8786873484	-0.3497066188	-0.7300584904	-1.084310823	-1.137634551	-1.423863125	-0.09186766596	-0.9586836936	-1.252932915	-0.3331287367	0.3003893356	0.4256256583	-0.8387629705	0.8446299268	0.02077567116	0.246067042	-0.1749409609	1.427982996	0.001833739997	-0.4733386377	1.059975031	0.07476446328	0.06427997689	-1.396996354	-1.033058173	-0.1545934349	-0.1292014836	-0.3931182977	-0.6928303422	-0.8209848615	1.919448245	-0.2987870804	-2.697143313	-0.07027994665	-0.8318567891	-0.1235561915	0.6791826652	-0.3076357699	-0.9936168287	-0.4396945789	1.667538316	0.8368583664	-0.2325053722	-0.3669008321	-0.5290289817	-0.1303196534	-1.167191976	0.4954222029	2.264265208	0.2422877575	0.9183910681	-0.06057339037	-1.020340442	-0.07909020398	-1.16443638	0.7456443175	-0.5684423606	0.4314645723	0.020480361	0.5982535663	-1.079907683	-0.2674960618	-1.089546918	-1.857064697	0.1014644725	-0.2490136612	1.216334732	1.357712903	-0.04704299837	-1.037154146	0.3001844829	0.2877241479	-1.305177909	-0.8016151303	-0.4862931076	0.4642030189	0.1873819353	0.5039857104	1.272910906	-2.414790355	0.3837756641	-1.665546861
1.526147549	-1.083540991	1.7453979	0.7891154834	1.501741508	-1.387607196	-0.8433558449	-0.8808962657	-0.9764334173	0.3075536674	-1.351939106	0.148193203	-1.543206239	-0.7013097834	-2.102068225	0.07453051233	0.7615627469	-0.1817380677	-0.4914406236	-0.04008702117	0.6438549795	-0.9079611142	0.5228176771	-1.49337698	-1.697042653	-0.5334270987	-0.08677839908	0.2484843668	0.9677854851	1.059734059	-0.2859164598	-0.1170771977	-0.2939545066	-1.95379161	-1.152664654	-0.9011546938	0.4387435247	-1.165242417	0.2177714227	-1.707320548	-1.024389216	-0.5942495934	-0.1224586402	-0.5367496839	-0.2634841811	-0.1714055649	-1.06804561	0.1329674052	0.1636488891	-0.4550911762	-0.5332109232	-1.305123371	-0.8900808333	-0.4892762358	-0.9299421581	-1.360546803	-0.5420242637	0.5747300792	2.253622097	-1.202090953	-1.038901081	-1.062495159	0.3850530262	-0.7197630514	-0.7597628557	0.658596557	-1.923936183	-0.6821077756	-0.3394115188	-0.08829657482	-0.8007051412	-1.63585862	-0.4853435525	-0.3716765218	-1.092959225	-1.948788005	-0.9586926659	-1.43321089	-0.4697849825	-0.9007271152	0.2705672022	-0.9379130766	0.4405150846	0.150095606	1.277966051	-0.6534225313	-0.2439731284	-0.1390120814	-1.263761394	0.3022040514	-0.5755049974	0.5815140839	-0.4726803464	0.7852115405	-0.3163207401	0.5176524536	1.054938487	-1.474674827	0.3070452966	0.4378823263	1.561125473	-1.149092749	-1.098586599	-0.346330821	-0.0143536662	-0.03072390543	-1.131745485	-0.8617048771	-0.9225194324	-0.1377756257	-1.501101721	1.205415442	0.4404917552	-1.188193473	-1.398794171	-0.3770060991	-1.286322323	0.1769038293	1.209907982	0.756774584	0.4306398883	0.2000983512	0.102417779	0.07999096582	-1.43538964	-0.3138651962	0.5827263948	-1.72837764	0.1043314621	-0.500054893	0.4345875345	-0.8354468435	-1.030130626	-0.5499870354	-0.4660120107	1.163034875	-0.03773465056	0.5232382845	-0.2958377836	1.345261923	-1.250938531	-2.228015748	0.2066946608	-0.571723125	0.3740477289	0.6181947332	0.1690022508	-0.9208753702	0.6169057476	0.6120186135	-1.990269203	0.1359924291	-1.144668577	-0.5654194153	1.31346704	0.8043027324	2.109618759	-2.545576203	-0.5662340992	0.1633285071
-0.4955297119	0.1076039959	-0.8825545811	-1.16072163	0.3046786854	-2.005973433	0.6288663878	-0.3687802233	-0.4594812599	-0.09660920807	-1.932909218	0.2705216458	-1.078165563	0.6287213471	-1.747127868	-0.1132296301	0.3883047764	0.233088545	0.03160660326	-0.2374519054	0.01711553635	-0.9145256608	0.727013578	-0.626557754	-0.3833503287	-0.6694016048	0.949854718	-1.195647493	0.4826960761	0.2466288978	-1.121117802	-0.4682147822	1.593975019	-0.7055320338	-0.8430695238	1.434321953	1.079590563	-0.8349918172	0.2014423411	-0.6431765391	0.3605250418	-1.10000952	-0.4216381794	-0.5915672765	0.2418644882	0.3640057617	-1.067678566	-0.2580984288	-0.1266309034	-0.9634025719	-1.00831381	-0.805941526	-0.2621640586	-0.5305067352	-1.175718583	-0.7337485596	-0.3798394475	0.2621728689	0.04801883523	-0.6359838277	-0.4876617079	-0.5300150073	0.6971632768	-0.5979976457	0.01299449223	0.7406997032	-1.372769832	-1.284404583	-0.4359279518	1.138827605	-0.481498657	-1.27024981	-0.700289315	-1.202325198	-0.4406112013	0.5995199125	-1.313602678	1.350954091	-0.294319171	-1.412644899	1.497177134	-1.170742191	1.175557145	0.502884842	1.014347261	-1.082550867	-0.6075586228	-0.7299602139	0.3338556067	0.3264865677	-0.412139183	-0.1858195219	-1.786043881	0.235688357	-0.8417074936	-1.443787359	-0.6966281567	-1.835910912	-0.0667840926	0.5681393388	1.576052418	-0.03562758684	-0.08693723392	1.631391824	1.725418407	-1.305476601	-1.511693684	-0.4392403167	-1.017356735	1.060847125	-0.3070146973	2.014534739	0.9195957689	0.1580294769	-1.381199535	1.211602246	-1.270027117	-0.4298653522	0.3672041893	1.352976135	-0.01517469426	-0.4542475947	-0.07554286579	-0.4996382373	-1.36170232	-0.4725373936	0.7743619591	0.2031252518	0.03734567404	-0.516353761	1.003501655	0.8460839558	-1.114532407	-0.1320114406	-0.2973230871	1.807441387	0.4600307916	0.7350880383	-0.3851480843	0.3794972673	-2.114443863	-1.483295417	-1.108809307	1.648253423	0.828939219	-0.7036376208	0.5642756853	-0.3586936552	0.07033946759	0.3195301306	-0.6988032267	0.6211320396	-0.8019312538	-1.510911859	1.075313603	0.4244232977	1.812213353	-1.927392365	-1.943088191	0.6836336171
1.662801582	0.2166720595	1.54350425	0.6280080704	0.995885346	-1.214779852	-1.121942154	-0.6452725597	-0.148529258	0.203000397	-2.475286746	0.4061322093	0.2451779819	-0.9402586174	-1.263477148	0.2419248927	0.3652396764	-1.904456932	0.1219989846	-1.334165526	0.2406333604	-0.6850053224	0.8272573938	0.3957753447	-0.2293271875	-0.4178266768	-1.430078641	-0.6903317068	-0.4792484013	0.2273639062	0.2305986958	-0.6206289476	-0.5359169501	-0.3931312661	0.05027331319	0.349359878	0.6897762894	1.588252573	0.9322743418	0.5742956863	-0.589659312	-0.1388131351	1.937165661	-1.993596862	0.8954306005	-0.726504319	-0.08918969641	-0.1560031139	-0.924764541	0.9777464111	0.1692857654	-0.3741602313	0.4782725986	-0.1128173698	-0.1664738427	-1.127034091	-0.3546868943	0.7522528771	1.905243614	0.9343982878	-0.008188008927	0.09435323312	0.4848153854	-0.8488617117	-0.4323666076	1.091427411	-1.109304531	-1.478224771	0.7581795832	2.540753285	-1.11672348	0.3483225989	-0.7780929001	-0.5023384805	1.143222214	-0.3629328139	-1.596504168	0.2721098945	-0.3919587607	-0.8039451747	-0.196129011	-0.4402872334	1.41792233	-0.3950987797	1.075514767	-0.271806791	-2.140793285	-0.4748566855	-1.145239039	0.5164807834	-0.5735657649	-0.09089584222	-1.328946296	-0.345055231	-1.70017283	-0.2002290507	-1.521140333	-0.8580399708	0.09633125848	-0.4880208206	0.9637908636	0.2709725324	0.2022780575	1.350463088	1.758893776	-0.2596837981	-0.1865899882	0.07640758676	0.05549076827	0.2567417994	0.5011481036	1.831594478	1.313874797	0.1994773823	-0.9867431751	0.7680184774	-1.255568852	0.7033995673	-0.1470642814	0.7007288838	0.07352796827	-0.1710059739	-0.3967375708	-1.549806195	-0.9811888893	-0.08862729793	0.09901551863	0.7540134708	0.3320905565	-1.642014907	0.4187215263	0.4146940404	0.05626886282	0.3458813101	-1.885419855	-0.4637243829	0.3029770582	0.4490952281	0.1687821164	-0.3875331018	-2.401806912	-0.9924206422	-0.6664235666	-0.06176954861	-0.2515529232	0.6373528609	-0.4475571353	-1.226822158	-1.527046604	1.221222941	0.02229230318	-0.841455847	-1.476405464	-0.9786646998	1.894702683	-0.4525898277	0.8540725328	-1.941216537	-0.3609709297	-1.221517406
-0.5724608041	-0.6414772646	-0.6797243851	-1.417846759	-0.3099290213	-0.4577989211	-0.07197590735	0.1352629715	-0.6666870169	0.3457752254	-2.774266942	0.6477265878	-0.1982150334	0.6831505824	-0.460016641	-0.6912737102	0.3212013383	-0.2099511549	1.111788837	-2.072787443	-0.9430392121	-0.4616855962	1.152940742	0.9129814954	0.1140642784	-0.770459607	-0.7581364585	-0.7888000284	-0.613906552	-0.4752685994	1.040377562	-0.4733079416	0.8838195496	-0.9418060235	0.8951822817	2.17494409	0.6580520517	0.3525562968	0.003914978324	0.9729509435	1.15977768	-1.02492602	0.8311383407	-1.094061427	0.6847210409	0.189588198	-1.247916265	-0.227277993	-0.3110972374	0.4193868024	-0.107780791	-0.4477496389	-1.10693109	0.02342140911	0.2714481452	-1.203632756	-0.123845934	1.001484754	-0.5298970648	1.349264992	-0.2616116216	0.9765651439	0.1383592969	-0.2992034529	-0.1801411944	1.272065049	-0.367262537	-0.3733530977	0.04643508627	2.286490065	-0.1942451834	2.446645733	-0.5366816596	-0.9952112714	0.6170864983	1.128984982	-0.9464496841	0.9159177231	-0.1317436757	-0.743621817	0.2587554501	-1.162409561	1.223460167	0.739253452	0.2987159452	-1.49682541	-0.0114864122	-0.8155172405	0.8450751709	0.1326985506	-0.2292240718	1.236416239	-1.080271215	-0.5058769194	-1.585030163	0.2708636343	-0.5068141104	-0.6372002905	0.6743939642	-0.2746924589	-0.3475325689	0.1342307266	1.873067688	0.2010376838	1.341278527	-0.2805078957	-1.300911331	0.643108472	0.9634879688	-0.4449769242	0.7993771475	0.7141608735	-0.4580507771	0.8886779932	-1.129570599	-0.6103269672	-0.7247178022	0.1457914343	-0.3556193424	0.7327099639	0.7347196098	0.08290560342	-0.04118556877	-1.245230021	-0.6870011293	0.469877699	0.2260002719	-0.4422927081	1.274517084	-0.6633927484	-0.224286662	-0.0121061843	-0.5414902815	-1.042041685	-1.829110608	0.2019624043	1.264557525	0.7231047786	-0.5569983618	0.02515085664	-0.5174433603	-1.116772648	-1.741686874	-0.4591770123	-0.1306385683	-0.0640200083	-1.021681342	1.396946595	-0.2860939081	0.6957023849	-0.5133497782	-0.8994588735	-1.78092393	-0.3024986755	0.3314507198	-0.8319192281	0.2281004353	-0.228301614	-0.6804621416	-2.431532981
-0.9434974827	0.1384637644	1.434216814	1.22779262	-1.017407335	0.1228952068	-1.021477891	0.3736947367	-0.9597566823	0.3417626822	-2.819683988	-0.1774583402	0.1777647983	-1.050941273	0.9790409542	-0.6012968491	0.08569208809	-0.804544208	0.786813897	-1.778072922	-0.6894150379	-0.2236413099	1.528574405	0.1571721059	-1.031138818	-0.5740245497	1.30668381	-0.729100811	-0.5935673375	0.7384858355	1.152593024	-0.06189426652	-0.8164415129	-0.1452015871	-0.3533886098	-0.4511486503	0.2111365783	-0.9198634673	0.3954607912	0.1589224061	-0.8782516894	0.3981700853	-1.538698184	1.052969494	0.6477762912	0.935843171	-0.3092485653	-0.4540904807	0.2131439745	0.1933926746	0.1860191376	-1.121417012	0.2509153798	0.3385386495	-0.04857128944	-1.065412305	-0.482227506	1.47631281	-1.549009843	0.6934971225	-0.1008596861	2.370499925	-0.1633190577	-0.2393470783	1.489591534	-1.181475128	-0.08615437159	0.730538956	0.3106272305	0.4003858211	-0.2969417741	-0.2744358003	-0.4079119168	-1.046972524	1.3362952	-0.1150971293	-0.8532612976	0.6906296453	-0.08820715448	-0.8518057657	-0.6430190468	-1.114217068	0.3632218137	-0.5119835039	1.479878617	-0.95258936	-0.6857370464	-1.17542181	0.6677039683	-0.6154952634	-0.3769927447	1.502621814	-0.2068504668	0.08805094759	0.1255551175	-0.9644829897	1.171702296	-0.3205370615	0.6535219527	-1.1306523	0.2705088129	-0.1448188326	1.957501719	0.2024871433	0.8656333275	0.339928772	-0.9346989408	0.4460913143	-0.6926107258	1.693725582	0.05484143419	1.314049945	0.1332264875	0.2833180146	-0.4611971229	-1.931099951	-1.32026242	0.8169175895	-0.6884811245	0.469859163	0.44920869	1.111916012	1.109451503	0.02635869649	-0.7458639379	1.10186205	-0.2025490892	1.254087467	1.132296127	0.2631004381	0.1052053694	-1.361059558	-0.2781685364	-0.5386960307	1.42000381	0.6238819276	-0.03065079728	1.751738331	-0.08939877848	1.169446414	-0.4869525257	-0.8755611983	-0.4236205982	-1.34575655	-1.146510811	-0.619505492	0.07944760286	0.2889048069	-0.7127496906	0.7300935265	-0.8475137526	-0.2718718745	-1.936704155	-1.544491147	0.2569508915	-0.4515494696	0.7474906154	-0.2556002444	-1.194658118	-1.868522384
-0.4288619733	-4.694113113	-0.55204696	-0.4254347611	-0.2090518039	0.4431287069	-0.5449662022	-3.016043523	0.1420986872	1.060214951	-3.31933347	0.6761588124	-2.04446354	0.3398881192	-1.655802957	5.483647591	0.2208353446	4.072757735	0.783072721	-1.332668208	6.049264149	-0.006371490847	1.166525001	-0.6401916184	-0.6566482619	-0.6751117985	-0.773319176	0.1554548949	0.006101577251	1.814756759	1.099950546	0.8656677269	-1.656227152	-2.634078113	-3.196116904	-0.5762868285	-1.045082761	0.4648873991	-1.59709079	-0.7340956705	0.3703990766	0.2657687993	0.3550598823	0.5940426985	1.764652287	-0.05954380905	1.202856742	-0.8775137421	0.72625626	-2.541443886	1.029293787	-0.6390103004	-0.9839628495	1.088737389	-0.2371510153	0.4456088135	-1.169996851	0.7278514149	-0.6019088865	-0.001477487745	0.263867678	-0.1040553115	-0.492543357	0.02557999389	-0.8504345005	-1.691431913	-0.02529985085	-0.6176137407	-0.7139235133	-0.4143578782	-2.233186374	1.306124054	-0.320894165	-0.6029813243	2.89779548	-0.321622441	-1.30114836	1.861644056	4.702017236	-0.0970887605	4.875402059	-0.7238302962	-1.032590787	-0.7948121087	1.931657192	-1.33648805	-1.636857546	-0.8471555827	-3.064964647	1.511636788	0.9621014838	3.761061094	0.7383762401	1.496042837	1.17393394	-0.1099127812	1.818734582	1.604389117	-0.7981428286	-3.33003787	4.470875065	-1.12251492	1.494741945	-0.5352278126	-0.7327367229	-0.7454336901	1.584670793	-0.04831473766	-0.5422596413	3.982972508	-1.667639853	1.259466591	-0.6813096889	-2.433445484	-1.4661655	-3.002260945	-3.433706027	-1.262163076	0.9355008234	1.863446247	0.3209670162	2.275936793	4.833297079	-0.1511156692	-0.06835531492	-1.242407337	0.1442138988	-2.1838511	-2.788800157	4.227886183	4.388885222	-2.229419072	-3.735455545	0.5334472033	4.42642283	1.979538292	3.352945109	6.312880627	-0.8711125867	2.650443845	-0.3194314533	3.355871871	0.4147044585	1.020030301	-1.423241714	2.703309745	3.873369787	0.1822524577	1.226797734	3.103027072	1.690563149	0.05785825404	-0.8463874939	0.5901180959	3.69129488	1.413773634	0.7585162223	1.465004338	-0.2997436299	0.8520286563
-1.485866973	-7.383999145	3.015716281	1.833822725	-0.9400954728	0.3925958813	-0.7026019712	-7.129331847	5.132940147	1.621915494	-3.028920231	1.967622708	-10.33292952	-0.2189389252	-5.57030443	5.294991968	0.2739846065	6.221161222	0.9689519404	0.01920946526	6.093504615	0.3906043914	0.3139701131	-0.5744590357	-1.021181497	-1.083340532	-1.652582886	0.6288962778	1.042893089	-2.983754618	0.6025842895	0.9761239736	-1.715103578	-6.81189689	-4.575237404	-1.226100925	-0.7275525546	1.098663151	-4.297751261	-1.362284393	0.9887705374	1.076258647	0.2632779976	-1.671738927	1.731886191	-1.042085983	0.01304605437	0.1670696957	0.1397636966	-1.258783437	-2.1988049	0.1758359236	-0.7319983765	1.558942186	-1.000798493	0.1831835312	-2.340618819	-0.8322266216	-1.130809368	0.08821834787	0.7550951623	2.158673356	-0.5359234178	-0.2980848468	-0.255956936	0.009718816145	0.9819111644	1.132079567	1.880324813	1.479473493	-1.195843259	-0.1628968614	-0.3107087425	-0.4834836018	1.813648416	-2.374254159	-1.718183224	3.569113252	6.381689804	-0.3227967751	6.646517581	-0.851518288	0.389157814	2.152993127	0.1430843184	-1.920982157	-3.831475365	1.029857087	-0.1204063536	2.39858139	-0.1257507991	4.402447939	1.576516142	1.229875866	0.7632545401	0.4508529237	3.800525152	-2.591852289	-0.6221392338	-2.787803968	5.285678103	-0.3678431985	3.401009359	-2.047372419	-1.666253273	-1.18124907	2.127042628	0.1903601721	0.4778185125	4.133345879	-2.189617606	0.7458723499	1.669811964	-4.45361611	0.8573105221	-1.805898269	-3.815050838	-3.060735373	1.034073204	4.122986541	1.000788089	2.031594646	1.164553414	-3.040944977	0.4528083504	-3.453913773	2.145671301	-2.515836051	-2.044510371	4.879204481	7.972474969	0.4148359886	-1.514607211	-0.2188286665	3.733234195	1.371437265	5.313672429	4.5760697	4.058982759	0.3529839066	0.3711198782	3.148134968	-0.07421199533	0.6837714267	-3.871931178	3.461421445	3.776978925	1.983495259	5.102941323	3.775563848	6.817137684	-2.416013298	-2.168744459	4.102060343	2.320429902	2.979804406	-1.296092923	-1.758171448	0.1401847832	0.02428734856
-0.1257529197	-1.260376355	-1.454037887	-0.823857814	-0.424617726	0.8228768602	1.173746367	-3.581191898	0.6128390485	1.027258092	-0.5137697666	1.386261167	-6.563979923	0.7007798859	-2.809438871	0.6099980897	-0.5326328237	2.7615842	-0.4456910385	-0.800468943	1.857092436	-0.7158871848	-0.04136703486	0.78803435	1.366781126	-0.7270081234	0.3093764837	-0.915323252	2.02764521	-3.354788791	-0.003575125921	1.30891722	1.43828336	-0.7787050628	-1.620144191	1.82630281	0.08866551287	0.6896235562	1.114211028	-0.1787142336	0.4381738422	-0.1364266685	0.0762315379	-0.2614288622	2.536464319	-1.109130122	-0.7427471493	0.5991962936	0.8615559726	-0.7460800962	-1.456605632	1.027647376	0.004688044067	1.770411045	0.8074434431	-0.4114745383	-0.8563718436	2.477318146	0.9368581584	0.1861373598	1.316866204	1.575101697	-0.2305766891	0.167060142	0.03205030337	0.7086107012	0.448930162	-1.422894952	1.064099781	1.761798788	-0.7793453733	-0.9814977412	0.3127608569	-0.05631416437	1.14842691	2.958480158	-0.8707889788	0.7659738877	-0.05965762117	2.183858503	0.7419732338	-0.7841406125	3.180710371	0.7351284973	2.356954213	2.368095594	-0.992819739	-0.4066099053	1.33464505	0.8801668731	0.3030948396	4.093215608	-0.0675678734	-0.09465158592	-0.6713382785	-1.728511173	-1.162494457	-3.315269209	1.350798879	-1.753395673	2.856352788	-0.4437583482	1.318191417	-0.5304072508	1.262039049	0.3428053885	-0.5327928032	0.9920535664	-1.104146565	1.506464524	-1.085306446	2.682023542	0.9945802674	2.168569178	0.188938322	0.09786553986	-2.424128884	0.717928926	2.274442389	2.908988998	0.4066570899	0.1614537986	0.6276019562	1.428831552	-0.9268083491	1.140531356	-1.340106814	0.06362237724	-0.7683172586	0.810642684	0.8691204212	0.5291655603	0.1545880452	-0.6519232451	0.2481734565	0.07394149496	-0.5088577087	-1.245202849	1.380700116	1.519271173	0.2559319842	1.533891086	0.2990406144	-0.08550739921	0.2155652495	-0.8240767757	-0.4646242696	0.8175920458	1.535051178	-1.72319361	-1.778588452	0.9239775167	0.5098043984	0.07802373145	1.748316621	-2.270818563	-0.742589786	-1.169380243	0.1971339525	1.26755555
-1.140034877	-2.108050713	-0.1200208731	1.641980621	-1.120035286	1.123809079	-0.6907188297	-1.068107906	-0.8058011496	0.5531902868	0.1222988562	1.455086119	-0.8050031916	-0.9470930009	-1.699109228	-0.2351345589	-1.132995795	0.5790283188	-1.189385203	-0.2668018489	1.544088872	-0.8439186849	-1.069222983	1.427715459	-1.10374666	-0.7145451571	-0.1551040857	0.6965084574	1.350124218	-0.1390249267	0.4209077305	1.206691218	-1.894542736	-1.836094382	-1.205628448	-1.171424137	-0.3394542631	-0.08790537394	0.1232476275	0.09671016004	-1.148134937	0.5335221291	0.9968177101	0.8701265874	2.451551436	-1.021213278	0.03828645861	0.8700443636	0.4816466847	-0.1698373444	-0.9150841644	0.08089375606	-0.1020024522	1.57286437	1.010074105	-0.5869701837	-0.6497487647	0.4768068433	0.5909099216	0.8515566323	0.09411275275	3.060628287	-0.05724459276	-0.03459132538	2.617241286	-0.9168197585	-0.2526037017	0.2019475236	1.002704258	2.424329622	-1.469403168	-0.3988175099	0.3252884555	0.01676861402	1.915021479	0.8335389297	-1.196821167	1.540377849	0.01865423134	1.843509172	-0.6761335926	-0.5345653499	4.668304283	-0.8340512092	1.436709966	1.704526061	-0.9626168908	-0.5399872577	0.7731920848	0.2122419893	0.4637963923	3.422096604	0.4419360714	0.375637418	-0.2161776112	-1.237148556	-0.9660902616	0.3287136716	0.1184430722	-2.978105635	1.952948519	-0.7907122958	0.3656010375	-2.006470153	1.057647087	-0.5585354009	-0.3078560959	0.8486992448	-0.138938269	0.9973215696	-0.8421616215	1.794115775	-0.09998125095	0.3918810141	-0.307490312	-0.9394858771	-3.334503486	0.1993940141	0.9079166769	1.242750233	-0.09089995139	0.3819597576	0.02067184667	1.593797559	-0.1201198731	-0.1481126068	0.2827749379	-2.853775658	-0.8269772624	1.841564563	-0.2699398926	-0.08556315201	0.2035624165	-0.3330560576	0.8362638314	0.93082385	-0.5159319716	-0.7204127117	1.4508901	0.590449342	-2.037037804	0.7896221953	-0.6758347204	-0.3580636027	-2.159591526	-0.8723616177	0.5406160065	-0.7170941386	0.1404286777	-0.2230029186	-2.747006952	0.09633158319	-1.085904563	-1.773496799	1.04412301	-0.6415706296	-1.284767234	-1.417323189	1.548318493	-1.004097717
0.7652758166	-2.220991926	-0.4926454433	-0.06401136053	1.185327033	1.062225329	1.215216516	-1.874301682	-1.424770029	0.5078717037	-0.1730827477	1.41994365	-0.7265652329	2.653443583	-1.412029594	1.302591842	-2.057097587	1.406148062	-0.5973376673	0.3789034269	0.6708249837	-1.250740506	-0.8354605849	0.6288921988	0.1897619646	-0.8051861108	-0.537928277	0.1906531513	0.5700621139	-1.639171297	1.088999276	1.169062958	-1.317180827	-1.93298436	-0.730169317	-1.060374488	-1.207700849	1.470057137	-0.001897718205	0.5984108179	0.7002488632	-1.491682046	-0.4111740392	1.12127973	1.430243137	-0.2071204028	-0.09393114142	0.8700210063	0.4628612481	-1.500650961	-0.5747693901	-0.01687601475	-1.740420308	1.003896699	0.04515561042	0.3112239831	-1.092955225	0.6733854758	-0.04558444741	0.04523283961	-0.03004286728	-0.3661360573	-0.4103947514	0.01954664365	-0.4591432469	-0.8663527142	-0.01070032356	0.7067682961	-0.6613083036	2.994361536	-1.233749334	-0.4617678228	-0.1192429871	-0.6631212937	1.135170654	-0.7863445613	-1.184172546	-0.03519221626	1.7286208	0.1573766549	0.1963313839	-0.4551465409	3.603332431	-1.416842226	0.9535046185	-0.1602599896	0.8693137852	-1.056220014	1.21566683	-1.100772777	0.2021295482	2.880763915	0.2609259671	0.3667348953	-0.4194569902	-0.8842545103	-1.327467933	0.2606995659	-0.1920817938	-0.4053476805	2.102297528	-1.464370345	0.4131714744	-0.06691190042	-0.1071644079	-1.126531977	0.1120735599	1.862460276	-0.589318708	-0.05679182334	-0.9545178488	-1.148618812	-0.222955194	-1.630818816	1.572870173	-0.9837488242	-1.620971485	-1.65672658	0.9749382483	0.2345094835	-0.249843934	0.9587567689	1.384588894	0.5782046086	-0.4409199654	-0.3714617945	-0.6487395027	-2.509889475	-1.105120808	0.8500038561	0.02584174151	0.5507897268	-1.20318149	-1.130344535	1.292920984	1.179499341	-1.313913559	0.2182975035	-0.1434282741	0.9683877968	-1.979952387	-0.0003960732124	-0.8777998913	-0.9180069341	-1.107714256	0.2569575436	-1.207552152	-1.226354284	0.9528962269	0.5405627365	0.05121866392	-0.7417294735	1.149290913	-1.781208197	1.653272421	0.05402268273	0.9719335736	-2.054632487	1.32953946	-1.854070403
-0.8798136638	-0.8609374912	-1.075604276	-1.739562607	-0.628419668	0.1482022329	-0.8845026959	-1.278404876	-1.252229428	-0.128575379	-0.09165647304	0.5786297278	-0.7413953793	-0.5224645131	-1.045979135	-0.2725451861	-2.807401575	1.076867433	-0.6242019482	0.1452125959	-0.03481416546	-1.001731716	0.04600030966	-0.4563136019	-0.7124469242	-0.8438955755	-0.776718861	1.444225215	-0.05057234104	-2.036400186	1.201508973	0.5559940452	0.755463758	-0.9150525313	-0.2628865907	1.395864437	0.9648032218	0.06648183302	0.5686708052	0.1997592324	0.8999464005	-1.105174873	-0.550585982	0.457310344	0.3328018048	-0.4981633118	0.962301329	0.7184621482	0.8708453986	-0.5564043992	-1.530129187	-0.1917202544	-1.442527041	0.1928648869	-0.4823573954	0.6323403337	-0.6961089849	1.027375122	-0.2646059403	-0.7447853187	-0.7958671675	0.6164368874	-0.2732010117	-0.1244311828	-0.3674838897	-0.1524408706	-0.02205340382	-0.09682217299	0.6202661444	2.443844416	-0.2308293191	2.457649581	-0.6991042214	-1.395612965	1.195104927	-0.3805718651	-1.353174615	-0.1388795504	-0.9019475327	0.01106132588	0.4542290654	-0.3997673509	1.751084564	-1.139627584	1.190446052	-1.212091531	-0.6576383506	-1.49991457	1.941605354	0.01257254201	-0.8657608888	1.68337777	-0.1500698457	0.5318680985	-0.07707460929	-0.7234927275	-1.480430022	-1.461415532	0.5589407557	1.06278707	1.158277703	-0.6886625671	0.138858869	0.4769487232	0.09897215851	0.1171995571	-1.905762853	2.023360836	2.541113179	-0.2042375651	-0.7255104789	-1.002625453	-1.329431841	1.449629152	1.229283223	-0.483641286	-1.203943389	-2.743645123	0.9193867556	-0.8965119556	-0.2418435079	0.6069592645	0.298006878	0.7222383332	-0.7202976251	-0.2771769691	0.4186908056	0.5418636884	-0.4000388417	0.4093973968	0.08142980898	1.684360231	-0.4218779652	0.02038500766	0.4994938932	0.6899003947	0.4503681678	1.060800266	-1.123221884	-0.7263357952	-1.256278166	-0.2362354906	-1.503284499	0.2136658799	-0.1941146963	-0.8615099088	0.05152308299	-0.5506191342	0.3387622522	-0.4747208815	0.5996391266	-1.993978115	-0.5477871931	-1.912674265	-1.045757457	0.02359436991	0.6446566623	-3.346828675	-0.3743199081	-0.6849487176
-1.079537299	-0.5040087222	1.370783531	1.448321791	-0.7575200266	-0.9133213485	-1.003323615	0.2791352837	-1.207594731	-0.08886335539	0.09783218135	-1.171807832	-0.01071187949	-1.073120147	-0.8405214724	-0.5008800764	-3.249189966	-0.7002913441	-1.26810478	-0.07674212837	-1.585535835	-0.5797769165	0.09505465529	-0.4888951154	-1.081940557	-0.4534887271	1.015540925	0.3035986815	-0.2652914266	-1.615718982	0.04214933388	0.08768157339	-0.815251888	0.4314824932	-2.034827941	-0.6181616492	-0.1609573194	-1.344113361	-0.921050735	-0.8115883078	0.1593267625	0.7797786038	-1.290118298	0.8388137301	0.2865586957	-0.4272218629	-0.4297194225	0.1082280629	0.5143439509	0.9903923373	-2.446744179	-0.4433362423	1.169636856	0.2805379355	-0.5961350463	0.2347306879	-0.1609503525	0.5986880974	-0.8043237665	-0.6343448597	-1.361998717	3.373532389	-0.446207931	-0.01578877013	2.284128298	-1.185132735	-0.2842784968	0.904228437	1.79721467	0.6775495735	-0.5034045993	-0.9636331785	-1.005250334	-0.7427412481	0.7931188253	-0.03642615627	-1.349392487	0.7076392795	-1.433139396	0.04329953624	0.2984813226	0.00606873594	0.3283242177	0.7828516502	1.868015218	-0.6673236543	-1.02441221	-1.135196646	1.451797189	0.02230773566	0.9898591716	0.4700237284	-0.3233483723	0.3404958704	1.389346131	-1.36336386	0.2695256116	-0.8119231659	1.39366572	0.1138854377	-0.5449427302	-1.043137245	0.6667103157	0.1360051468	0.9465295754	1.123835616	-0.6779753301	1.092339753	0.1236387218	0.00382443453	-0.5471870469	0.4492255372	1.999138753	1.371546054	-0.6027126597	-1.561769357	-0.419659372	-0.08131553102	-0.4917330261	-1.079801146	-0.07223440694	0.2697984912	0.7112502321	-0.139015385	-0.3884754962	0.08693765832	-1.669204396	0.2041466836	-0.5279112955	-1.767425816	1.286792505	1.546813352	0.04014109015	0.2346172494	0.8784750676	0.8568669922	-0.8203864655	-0.1462555382	0.4272774198	0.5323977828	-1.208145238	-0.2386917147	-0.1649926569	-0.5300137208	0.03128604753	-0.7460799293	0.9193300536	0.6631143296	1.296437271	0.3043326988	0.2448239881	-2.121939467	-2.365807987	-1.294978965	-0.9645841867	1.214109072	-0.9485029043	-4.697310674	-0.8506873609	-0.2587906517
1.247298438	2.5777447	-0.4418690497	-0.3762715666	1.740663544	-1.229110966	1.669913475	2.579639197	2.268679754	0.03689497928	0.7834949254	-3.989034196	1.45011935	2.506128499	1.996174335	-1.659742517	-3.530632349	-2.924724138	-1.581831808	-0.5915247785	-3.276657731	0.02223319982	0.2465602732	-0.2996302521	2.970045871	1.212146719	1.7982857	-1.588855461	-0.2046619842	-2.247839699	-2.276497103	0.9099258498	0.9483066849	4.608627311	-2.455024422	0.4175947186	0.2178627652	-1.486986503	-2.429396352	-1.275993703	3.593583375	0.3831149316	-2.133584029	1.620827708	-2.900810055	-0.6927284173	1.054639808	-0.5679371065	0.584182358	-0.003716345559	-1.922846508	0.7548156553	1.267666785	0.6565344157	0.05126349835	-0.8638814525	0.06099722392	0.5226326486	4.727996145	-0.6258588672	-0.9796575781	1.538188712	-0.2017978253	-0.2838991983	0.621276679	-0.5832223266	0.4000953307	3.994249099	0.3521809667	0.6866307167	0.3078390314	0.6457010103	-0.8980366849	0.5134332777	0.7820420382	1.173820708	0.07244910687	0.5750715386	-0.7710379927	1.38007553	-0.8347970839	1.494924171	-0.6604937194	0.6822633955	-0.02369496534	2.087581184	2.152953587	-0.5332434181	-0.4703178383	0.5910425537	4.180613207	-0.4993925379	-1.427423733	-2.758661655	1.111451522	-0.8119416783	1.24751657	2.127723899	0.5490632044	0.4026032072	-1.788607841	-0.8325337633	-0.2295919622	2.831035632	-1.306245317	-0.7150908309	1.668260774	2.133746527	2.900709835	-3.152912189	1.023529231	1.763681574	2.702833993	2.510905959	-0.2616505974	2.861138628	1.196945498	1.800753845	-1.975358329	-0.9607063149	0.1835826266	1.858665309	-1.826772795	3.641848065	-0.9483207856	2.588989447	-1.598220279	2.893409953	0.2352954632	-3.068292146	1.647864349	3.065766315	0.01684747911	-1.354902196	0.003515273337	-1.082565911	-0.342234143	-0.7413443682	-2.588023065	-1.871067971	0.8182386208	2.885236437	2.477757109	-1.208955323	4.217282323	-0.3997736433	1.011354589	0.1618075733	-0.2015769851	-0.6023190676	-0.6219376041	1.410335956	0.2319837048	-1.019680881	1.569343657	0.4456618305	0.4306938229	-1.305741374	0.07316925084	0.232248295
0.2671105742	1.749612799	-0.05429597274	-0.3075257122	-0.1109991922	-0.7650476447	-1.419170394	4.348374563	4.740657458	0.02196563475	1.814842324	-3.481661079	1.034623074	-1.023308912	2.929464532	-3.249891774	-1.441802472	-5.164992776	-0.1033761632	-0.0001312326855	-1.552309141	0.2328919993	0.3365523091	1.503148358	-0.6849895067	1.423571274	-0.1793267257	-1.768723534	0.1860034737	-1.928422121	-1.310631886	1.872115011	-0.2442383108	3.170682268	-0.2428001086	-0.7867762406	1.073027421	0.4361349264	-2.872354231	-0.9591262207	-2.277848344	0.1569817887	-2.279715016	-0.4185363748	-1.577638635	2.082142303	-1.563093349	-0.8020122164	0.7228342093	-1.491512539	0.2240807353	0.7908837583	1.520832109	0.4708563509	0.5719407332	-1.384567493	0.8079270055	0.7602559709	-0.3048052962	0.3679173136	0.07486325034	0.2248369048	-0.7839037458	0.09595988743	-1.492208687	-1.987004947	0.485177019	-1.239070464	0.6969919329	1.630088995	1.879256005	0.291988307	-0.3544877375	1.004563177	0.7638808337	1.273681624	1.685907342	-3.962624323	-1.652370833	1.786660242	-2.016734934	2.272535335	0.008223150269	-1.012870377	-1.825502191	1.244612888	2.551048113	-0.6935108865	1.259103789	8.807881852	-0.4855211485	-1.228681961	-1.383158724	-0.7365779701	0.6638913024	-1.918659621	1.436264612	3.218022337	-2.851931196	1.273248414	0.6246252736	0.3899043325	0.01943427948	0.6735645647	2.357946467	0.1748298433	4.403183035	2.079570694	1.3503505	-2.892655362	0.8714504144	-0.6708833909	-0.07990843215	1.045448225	-1.23229695	3.475719911	2.868939789	0.9104254602	-1.873131821	-0.2184246655	1.124348577	-1.984363986	-1.515422444	1.060942273	-2.589131927	4.525871949	-0.36379612	4.351869035	1.137329104	-0.4380456105	1.206404544	3.786686922	1.451463303	-1.182615055	-2.951579358	-2.097670131	-1.442094188	2.042181727	-1.663882123	-2.124675819	-1.350879899	2.928552985	2.753162955	0.04178910313	0.9568435991	-1.311660437	1.810216405	-0.745169897	2.067450953	2.34781571	1.229670853	1.077941286	0.3296020996	-2.222233097	3.666458526	2.535776379	-0.2435457111	2.511383564	0.7522017747	1.846277867
-0.2887144646	4.283504792	-0.01909259553	0.3882207585	-1.281756189	0.5240290183	-0.9636536359	3.375360341	4.289548908	0.9756016649	2.036739376	0.06868131028	1.470268508	-0.7401080407	0.9106019039	-1.679882988	-0.4478257207	-3.507017644	0.5072846497	0.1797386394	0.6756014191	-0.02886871968	-0.09950566413	1.646259027	-0.7931299503	0.7592299272	1.261652913	-1.544297406	1.238861108	0.5555744876	0.4072413929	2.501483194	0.3851051763	1.668884169	0.468369258	-0.02809970121	-1.043262	0.633343743	-0.001778946579	0.6518709251	-1.333111234	-0.5158627311	1.29573673	-1.812827301	-1.562308681	2.255241924	-0.426084059	0.733380416	0.2974618227	-1.947047765	0.9952899627	1.26111315	1.725740733	0.9655761504	1.162908464	0.1097232639	0.2973248135	-0.9439914035	0.6932299978	1.680460969	1.369577828	-1.924623167	-1.294252224	0.2679072701	0.09701422156	-0.6095361932	1.142031961	1.935226239	0.2596443635	1.976597373	0.9299322398	-0.7022557367	0.3623399845	2.33873789	-0.9430363971	-0.6707885831	1.166600956	0.4473312822	-0.6043262737	0.8005309141	-0.9909632346	1.304549442	0.4430050204	0.1215519457	-2.694067427	0.5375749433	2.782332161	-0.2658642865	0.7109964929	0.8561544321	1.966708983	-2.074655836	1.004035069	1.587317275	0.5983594135	-0.8903096112	0.5647513757	2.589616918	0.6152684812	3.483878223	0.4617408056	-0.4104045599	1.873323408	-0.1936503412	1.458137198	-0.4725807103	0.561454546	2.892392158	1.463895527	-0.3754509901	0.3444164663	-2.35946526	-0.5141650287	-0.1416349975	-0.2609376643	-0.01234436962	0.8968754642	-0.6276984625	-1.900906339	-2.380429853	0.5663451159	-0.3536973076	0.8626571888	-1.06573179	-1.349873255	2.506512895	-2.329413818	2.326542816	2.403105071	-1.363262529	-1.044360456	0.02981989909	3.88426687	0.6857594756	-3.531329294	-1.062713728	-1.323307954	-1.220633656	0.05329051091	-0.8180740509	1.168985809	2.640206695	0.1206564538	0.823763399	-1.366122928	1.383561683	-0.6116730125	1.279394283	-0.4745355781	0.2449675212	0.2389664379	1.661012129	-1.922118583	0.2828996356	0.8608244307	0.3453245868	-0.1158946246	2.221831084	-0.6794927799	2.881968425
-0.114416491	2.08612844	-1.052846543	-1.175628535	-0.2956892665	1.032204536	1.042306337	3.040099724	2.499106598	0.7762634459	1.653899305	1.308209843	0.7552158696	0.8675395724	0.02514797118	-1.62206807	-0.08740485812	-2.816521257	0.3152207163	0.0411578893	-1.284324927	0.1385681548	-0.6157058093	2.314494102	0.7672072402	-0.1591906036	1.476522499	1.14986824	0.8946371604	1.614295662	0.6525828561	2.440530633	0.8208971569	0.9004743396	0.9526358829	1.809712373	2.417115971	-0.6574653774	-0.1936161052	1.216761469	1.333668858	-1.172873475	0.9307832131	-0.2172463753	-1.590300812	1.077982193	-0.6340943039	0.8421168152	-0.3135440045	0.8191743877	0.8348092926	1.398232273	-1.245407636	0.5387911298	-0.3308493391	0.2538908113	0.4205828193	-0.4840941483	0.7959689237	1.268909152	0.9905754061	-0.03850265541	-0.5381540735	-0.6773484019	0.4838787139	0.3350532645	0.6078041876	-0.06832191442	-0.7982966033	1.102573028	0.8219882139	-0.1643213752	0.7245447449	3.123892724	-0.4940271321	1.719626501	-0.310679696	-0.1232024726	-0.1006620951	0.5353450253	0.1736384989	1.327626385	0.9331415299	-0.3996146599	-2.099759742	-1.228353627	-0.1131232411	-0.3803263084	1.803340888	0.7637583841	1.894294221	-2.628886868	1.802706019	1.1297289	1.471099052	-0.02584623732	-0.3229701891	1.742040995	1.348236712	0.06638521937	0.5855129562	0.2273631246	1.961569633	1.307208433	1.893027326	-2.003451067	-1.664732547	2.11839404	1.804449456	-0.6153465371	1.097879558	1.641149763	0.1787105831	1.73586305	-0.03805712193	-0.5846646709	0.6800597407	0.06192000114	-2.991958072	-2.304408037	0.4849131	-2.268509178	0.6213758121	-0.8642396412	-1.119241714	2.658209618	-1.394028777	2.477293055	2.114041151	-0.4424639782	-0.205122929	0.805969191	1.450038436	-1.332166187	-0.500357691	-0.9548403045	1.789537548	-0.7469867188	-1.982245573	-1.38534621	0.5897033434	3.563691204	-0.8382301655	-0.2707134962	-1.26004448	0.8432392995	-1.292287874	2.868428767	1.040936538	0.6616028016	-0.3163868047	2.521424896	-1.204612182	0.9854318083	-0.5314706256	-0.733232349	-1.54935793	0.348358325	-0.6526827249	1.754249258
-0.7122473025	2.30505997	1.090256079	0.9584522006	-0.9220042059	0.8975093374	-0.300482253	3.115499552	1.016920243	-0.4729245152	0.8832274084	0.1608875039	1.516618576	-0.6652955881	1.110777755	-0.8021049247	-0.1496693096	-1.968224809	0.5183082863	-0.1145530529	-2.152510751	-0.1555679047	-0.291178305	0.5099903184	-1.359087966	-0.2739435725	0.9556601424	2.4594354	-0.08800343434	-0.1435013092	0.7604764747	1.359396199	-0.6288687516	1.59543507	0.3475157945	-0.6354145337	1.050163782	-0.5444333725	-1.218917051	0.4201915389	-0.8295338384	0.4039922448	-1.00561922	2.942775199	-0.9773232261	-0.1062949958	-0.5467821003	0.05470076757	-0.5291769358	1.060547605	-0.01688229264	-1.280648662	-0.3351471286	-0.6189391659	-1.524596277	1.709309595	-0.2710875353	-0.3032110115	0.01552466526	-0.3780942918	1.138303897	2.142867577	-0.5547930918	-1.487308008	1.356576877	-2.313875867	0.5107880687	-0.747872266	0.5934433451	0.5320178298	0.6010096831	0.424394279	0.0005550361161	2.332868346	-0.5605627139	1.031748718	-0.2775037907	-0.5494999198	-0.5604652651	-0.2689744232	0.172173063	0.1015726567	0.1446910356	0.291841294	-1.594105269	-2.331411138	0.3343898217	-0.6749643694	1.312025214	0.04344270331	1.271928717	-2.774495081	1.750483727	0.4346544772	1.392957844	0.1021051784	0.5054998849	0.190920681	-1.169021148	-0.346257346	-0.3721299161	-0.5700166075	1.396355309	0.6773928917	0.7472495676	-0.2309735387	-0.2976387648	1.296449365	0.3087988776	-3.384842412	0.9856698337	2.526526136	1.541203372	-0.06015007572	-0.5527839826	-0.9506873579	0.303140922	2.291303812	-4.438854804	-1.801940402	-1.019160987	-0.3395186158	-0.1053637037	-1.102866134	-0.8580892212	2.46575943	-0.5197492545	1.702973285	1.95132509	-0.4636281203	-1.322775842	2.05974745	0.6901675157	-0.7621485251	0.991840921	-0.5913252402	0.471470753	-0.8687420201	-0.320687347	1.294251979	0.1039584426	1.436272155	0.4409877566	-0.7295957325	-0.9939322366	-0.7951142647	1.068222395	2.750897614	1.324887197	0.4885391411	0.02864314413	1.820942973	0.310893717	-0.6382714553	-0.4639837148	-0.6079542045	-2.830281635	-1.517319941	-1.51162139	0.5306900616
1.70927918	2.460790865	0.5438240111	0.827843735	1.391667084	0.03585747051	1.696439917	4.956236473	2.044301492	-1.153143969	0.1047619176	-0.1460306918	0.06274277533	0.2673716206	0.6733547952	-3.329090432	-0.6816615398	-3.571082032	0.344605762	-0.7175639862	1.025969845	-0.2651777241	0.4834387143	-2.296592147	0.4251200956	-0.191909375	1.000423736	0.08364008302	-0.07152497613	-3.544574979	0.08149117079	-0.1070153674	-0.5643721645	1.026934477	-0.5485717493	-0.8128683225	-1.5167814	-0.699564283	-2.596270768	-1.080401984	-1.223306653	0.03972912525	-2.430421454	2.399699394	-0.2610586357	-0.06828253726	-0.6679702851	-0.6289917487	-0.6295069674	-1.851534814	1.649107756	-2.745459559	0.682006372	-0.8565502398	-0.9744733196	2.489893742	-0.7438720858	-1.248873729	0.2373650973	-2.460398585	0.7432435194	-0.5659510619	-1.499742802	-1.331993619	1.218983696	-2.172104791	-0.006541469484	1.160215354	-0.7142388237	-0.5422151452	0.7495517515	-0.01280134856	-0.5629729738	0.612815438	-1.518863363	-0.2137407785	2.922420936e-05	0.1205261337	0.9309092416	0.06062744838	7.046948965	-1.219103698	-0.6687407354	1.643222956	-3.783831936	-2.446584267	1.698100864	-1.341486961	-0.9195576864	1.581844309	0.2700465204	-2.719213223	2.763026387	-0.7855749798	1.021079416	0.7999608321	-1.592320676	-0.02780861914	-1.499493522	1.607598323	-0.9637864856	-1.910654478	0.08394333358	1.08822934	2.753514531	3.112320577	0.3200502403	1.416413614	0.4270451966	-2.034205202	-1.357572129	-3.870222296	1.193272236	2.370128074	-0.8923347414	-1.180374156	-1.638725738	0.5784503666	-3.284366262	-1.4418255	-1.76757507	0.5204355124	1.531980922	-3.424378958	-1.741706744	-1.307993051	0.7786816496	0.5521603674	0.9265070018	-2.108008437	-1.783148137	0.2881082347	1.261940126	-2.382097623	-2.651123193	-3.8036102	-0.6752542263	-1.531285451	-2.01681769	-1.506043908	-0.5280540162	-0.1233706408	0.6774945473	-0.0004614585176	-0.3208442963	-0.8275303859	-0.6728182134	-2.083803112	-2.210151813	0.3336016011	-1.218216843	0.1736435621	1.936481364	-1.272752387	-0.1281548754	-0.8429572361	-0.7245033951	0.8614073521	-0.9238921697	-0.826085226
-1.228704406	4.285659655	-1.302017622	0.7483040112	-1.217044194	-2.042571746	-1.352941718	4.719793469	3.740749631	-2.209632816	0.3334979622	-0.5769697745	-0.3984650016	-0.5851620125	-2.038296015	-2.305140918	-1.189823573	-5.441421644	0.3084239764	-1.389855599	0.1973231371	0.3101594285	0.3667093508	-2.533143608	-1.30977029	-0.07482343916	0.009499567102	-1.639364244	-0.304139943	-2.725737982	-1.706250141	-0.8611554684	-0.2016229112	-1.539225364	-0.8232907243	-1.248393113	-1.264278226	0.9205537485	-1.656798678	-2.052023236	-0.8594223279	1.223897765	-1.90704106	0.1223349757	-0.8645085102	1.342746556	-0.3370254528	-0.832462605	0.5376249537	2.390855496	1.905009294	-3.508318818	2.441795178	-0.4875508859	-0.7181631338	0.5813103937	-0.7285029818	-1.831194972	-1.485708632	-2.079847014	-0.0658274191	-1.429238281	-0.09800376313	-0.7155236194	-1.413588373	0.8371720808	0.3670271749	-0.8083084995	-1.104350113	-0.4304738406	1.279708892	-1.223377456	-1.083209167	0.02488275174	-2.511071449	-1.04267312	0.3004751455	-1.79707932	-1.535121872	-0.1966289024	3.138662545	0.01781404163	-0.9683610542	0.603428725	-1.852744621	-1.456264079	0.3120761347	-1.342307379	-1.820061606	1.829892477	1.610835964	-3.188114958	0.8617319558	1.495704058	0.5147287211	-0.9370787644	1.083109562	1.278418462	-1.095586483	1.38755278	0.410674604	-1.684675666	0.04904236044	1.357375251	5.464111266	1.118372002	0.1070407802	1.788533593	0.6916700976	1.009445578	-2.385766151	-3.178532008	-0.6761395096	1.958378711	0.4288522026	0.6725342526	0.7309921913	-0.6412081631	-3.261254642	-1.314641137	-1.507298812	2.034005578	2.16247479	-1.825889085	-3.057426202	-0.9114383226	0.9621591441	1.073474939	0.5658657018	-1.14818407	0.6230787114	-2.728865139	0.8494287139	-1.216846437	-1.168757349	-2.463133697	-0.0976992276	-1.176069276	-2.95962025	-1.649172306	-0.8107694745	1.461311502	0.5846116962	0.3476139701	-0.1674972501	-2.218901206	0.1366062222	1.756847041	0.4689747874	3.602389042	-1.99239298	0.9293740184	-1.02149656	-1.433760306	0.3729848282	2.186838453	-1.057018934	1.233549595	1.041181039	-1.155312242
0.210726932	2.782578058	-0.6441476681	-1.195144722	1.080549725	-2.411350736	0.9644682312	2.656888727	1.760618392	-2.646845541	0.6095393193	0.2760148815	0.5753435369	1.41189443	-2.853781677	0.7266420344	-0.8593218202	-3.385249436	1.130998895	-0.9052246765	2.271598486	0.8501657917	1.049447055	-0.495127034	0.5952333267	-0.3172259326	0.5534116404	-0.6779371116	-0.6496968187	0.9917893303	-1.776624363	0.4773970289	-0.2718054944	-0.8056729446	-0.3753103684	-2.081187028	-2.494999719	0.9313790543	-0.79804886	-0.4703657284	2.052989469	-0.9456946962	1.754379163	-0.003013435296	0.5802142658	-1.996839423	-1.329465558	-0.9025932633	0.7523397837	0.7887838734	-0.2686830488	-2.753069084	-1.444603319	-0.2209727603	-0.3072902481	-1.348932133	-0.1376839487	0.1446050598	-0.2559921657	-1.196841753	0.4724145113	-0.5666069592	0.1701057	-0.01847393006	-0.2048347848	-0.004881241717	1.127964459	0.8620028899	0.1212987928	1.573891537	1.719777859	-0.5970783966	0.2370627919	1.63645082	-1.157793792	-0.1710724379	0.4952698448	0.3316378201	-0.1601877555	-0.1058037517	0.07159226507	0.3757142229	-1.133951622	-0.2071071053	-1.197978514	-0.6076972903	-3.242572544	-1.815701599	-2.534540342	2.019366695	-0.2777951024	-2.601878456	-1.287471296	0.7848449475	0.3191636118	-0.8364715971	0.5417226171	0.8077130706	0.509810961	-2.466779204	2.046727316	-1.002618996	0.4843110681	1.523973458	3.734805301	-1.964517786	0.5286263867	1.813111587	-1.001022722	1.21492027	-1.004237942	0.1153234649	-0.03388207629	1.365428064	-2.576279108	1.903611582	1.022909559	-0.5466402312	-2.898020152	-0.07220271646	0.4370390292	-1.796164115	1.726705316	1.607700681	-1.055417827	1.7723768	-1.353932563	-0.09884476656	-3.072654536	0.3286377872	-1.034132031	-1.351917004	1.919346354	-0.1034822883	0.3416098188	0.3389604015	0.4020206547	-0.2071626893	-1.751872551	-1.262569557	-0.5745227112	2.085592146	1.41699603	-0.4224754798	1.462813027	-0.3223704914	1.451552841	1.86606803	2.196980962	1.394232503	-1.07927448	2.628583048	0.4487877241	3.057793244	1.725463908	0.267980689	-1.38493492	0.5345480494	-1.753176607	-1.517996035
1.027441	-1.182977276	1.614119149	0.1069700121	1.559382087	-1.280765014	-0.8579670232	-1.330072	-0.07024469919	-2.024031289	1.024068748	1.886526946	-1.063013028	0.2598311163	-3.582538155	2.175282878	-0.378323783	3.156955608	1.416265246	-0.3540256345	1.582052773	0.4067404743	0.6408064549	0.8091571895	0.03113965572	-1.001032271	-1.256567907	0.0007219019772	-1.406384824	-0.4493702666	0.2722370995	2.316039055	-0.477086235	-3.417906928	0.1846910536	-0.2949309717	-1.028604871	1.692838493	0.174735395	0.6150670738	-0.1409686769	0.4665983023	0.341282086	-0.2735438273	0.7690918187	-3.094814189	1.068233796	-0.07089449387	-0.4336812989	-1.299794167	0.3212771496	-1.111631034	2.172962441	0.7140612387	-0.1895970846	-1.372890151	0.5807797106	2.109882905	1.866948763	-0.6673252902	0.9447698469	-0.2223828681	0.3101427002	0.4814919405	-0.4438736108	1.287746295	1.288162223	-0.3161079	1.031883268	2.471275099	1.496732214	-0.01091715644	0.3754312307	3.394536702	-0.1540438004	-1.508984534	0.2857019526	-0.2677845597	0.829719847	-0.09586312106	3.831974203	-0.1231243147	-0.7430394754	-0.7742183836	-0.9414436928	-0.6723167547	-4.571543387	-0.6732010591	0.3455502993	0.5378079769	-0.8424993658	0.862604816	0.7223030668	2.037363751	1.181140905	-0.4062616071	2.340974673	-1.703038619	0.5117447058	-3.869200098	2.395373968	0.1838494489	0.1658714431	-3.393924752	0.6195520055	-1.434289609	-0.004414925133	1.218080421	1.975731731	3.912047907	-0.39314744	-1.789267407	-1.638463358	-1.933089471	-3.445007694	1.863818344	0.2352012261	-1.057311892	0.6669134931	0.9550520253	0.7424038752	-0.4743088368	3.814077315	0.2376030068	2.205663133	-0.9918815642	-0.6253532007	1.310912743	-2.632897346	1.901415042	-1.653769737	0.647311256	1.236071115	-0.7972176055	-1.284354329	1.941849969	6.305930333	2.541086908	1.333708783	3.90848322	-2.298963399	0.1326121833	0.7696088159	-0.712839221	0.02576352438	3.309842075	0.936153094	-1.894106802	0.09483141248	1.819485257	0.9495443767	2.313247204	1.778014261	5.154551252	1.912091066	0.02144667022	0.02209498648	-0.151885322	-1.420440189	-1.480294901
-1.380179646	0.1191542212	-0.4471636936	1.147199407	-0.7270983111	-0.5425217429	-0.9855075479	-0.9454939887	-0.5857944541	-1.055441076	1.455567278	0.5234912503	-1.289099999	-0.06712003609	-1.024306516	0.353343332	0.923874012	1.01341738	1.391508627	-0.8906501583	-2.336370255	-0.7392615267	0.08081018967	1.178747449	-0.9490012453	-0.9873651935	0.2479224009	0.8922551057	-1.552300639	-1.67870391	1.808736275	1.139890381	0.3627084157	0.5932577891	0.5001453399	0.6461798345	-1.202500777	0.6918499523	-0.0144410457	0.5957318523	-0.7261621221	1.219700683	-0.8366760905	1.143046894	0.9110376834	1.425419121	1.941874368	0.5961085311	-0.01038498414	1.531035736	-0.7272836717	-1.402913408	3.360446663	0.977292144	-0.3874265616	-0.9749961528	0.1927079525	-0.4650966355	-0.09514009735	-0.180379272	1.350644998	-0.263928588	-0.1943280911	1.271304004	-0.286878607	0.5975526979	0.3980820521	-1.051324457	1.186301212	1.359919861	-0.290817665	0.8750158762	-0.1090971945	3.338544752	-0.7604695301	0.7652753527	0.9362544637	-0.3429465779	0.04444800068	-0.1016889171	1.467921545	-0.9945102889	0.02130799603	-0.08813356811	0.6836886518	0.02673509015	1.522763199	-0.06687788672	0.3458600799	-1.09809306	-0.7997965093	-0.01218127043	1.124124633	1.063657455	1.500292989	-0.3472287764	-2.142942993	-0.9874778157	-1.725436588	0.6696423915	-0.4546741893	0.2241140477	-0.01025795226	-0.2204406991	0.02496743138	-0.2279241318	0.7606801471	0.8007608461	0.1601070167	0.2914436278	-0.2615844096	0.7643526068	1.21265965	-0.2382819108	1.575750704	0.2832262076	1.440786453	-0.6508318438	0.1466209166	0.452526875	-1.172740561	1.407305792	0.7167484228	-0.2195474156	0.6326202029	0.1254067823	-1.064862298	0.1304736331	0.7874985144	-0.3930475875	-0.2281180315	-0.4027992094	-1.129236754	0.1967272183	0.3293256738	1.367688265	0.1203863527	0.1687923955	2.061319585	1.382346257	-0.009113140877	-0.07560594019	-1.090689503	2.459874906	-0.182062784	1.841487812	0.256165627	-0.9687901735	-0.1204118561	1.172897621	-0.05583480157	-0.591266038	0.6165495221	-0.2488449971	1.308551861	0.5470139812	-0.2560583652	1.301085334	-0.09707649587	1.351235575
0.3918165124	0.5131007475	-0.04845001626	-0.5422854238	0.9253853173	0.006376558518	1.017080218	-0.5730537048	-1.025660872	-0.6288607856	1.065414168	0.6995836588	0.09513880727	2.147610077	-0.1202881925	0.7603830416	0.6645075542	0.1886175504	1.180320987	-0.419940742	-0.6599574025	-0.9777319939	-0.5064360665	0.1519234153	0.3141487053	-0.1938883188	0.5084864305	0.8188694359	-1.296804703	-0.8093949234	0.9482285013	-0.5845212094	-0.7471461494	0.3400916225	0.7101937868	-1.227581919	-1.110886732	-0.8111840321	-0.249566334	0.2261751744	-0.6924542794	0.3806236463	-0.9623586455	1.697996146	0.5956489596	-0.6131469354	-0.06204334856	-0.01454922102	-0.2795448658	-0.3044007851	-0.2662019464	-2.29032993	-0.7383322722	0.7453933671	-0.9249032965	0.5791277049	-0.4533951136	0.1217840785	-0.3329431835	-1.262240207	0.3826682823	0.3689812192	-0.3782395403	0.938589078	-0.8016491868	-0.4424124442	-0.7504957971	0.8815419404	-0.05874459502	1.114781143	-0.05800233258	0.162507165	-0.2881577224	1.644756253	-0.7356502478	1.5812052	0.5877519487	0.08670552743	0.9834840584	-0.2724057652	-0.9703994233	-0.7904891245	-0.7027816127	-1.534628693	-0.4493729492	-0.8053725414	-0.3345290808	-0.7229634553	0.7956272209	-0.4007545643	-1.053296863	-0.3420167965	0.2308973652	0.05124155244	0.8343687089	0.4842047054	-2.132105854	-0.7494750565	-0.9461682147	0.3586360068	-0.5586302995	-0.1808096381	1.011264998	0.7299376445	-1.212356116	-0.05516094406	-0.0242945136	1.236631107	-0.4702088066	-0.8011036066	0.08656145757	-0.2222216289	1.905118977	0.1674634665	1.911629912	-1.418898563	0.3891747502	-1.709168573	-0.8094545315	-0.4265440155	-1.381876336	-1.330853509	-0.07798627436	0.5732517604	-0.353466851	0.1841155378	-1.127605101	-0.2805185311	1.195800459	-1.312255425	0.09684364504	0.2561250433	-0.2393080035	-0.1914155508	1.539932	0.8212964631	-0.4483141597	0.01135805908	-0.5645374723	-0.008638142919	1.043290992	-0.4363243653	-0.1356112962	0.7304640691	1.087210998	1.605541368	-0.01231799772	-1.215404368	-2.306314459	0.416613953	0.4156431365	-1.761259659	0.2934285576	-0.4779962382	-0.378506326	0.6828757381	-0.3773485915	3.620068949	-0.5890140578	0.3670834714
-1.010987858	-0.01891053131	-0.86059485	-0.4918924175	-0.6688578219	-0.9420646948	-0.3873454846	-0.7755808101	-0.9420568199	-1.721882553	0.5872631163	-0.1146201598	-0.2598552835	0.1440046835	-0.8854721901	-0.9934116978	0.5097630035	-0.5658541431	0.1988744637	-0.6277346751	-0.2812605459	-0.9042170171	-0.4238493164	-1.28778371	-0.006450661479	0.5958121515	-2.47351126	2.04663867	-1.190381713	0.7697301657	-0.4134238442	-1.017151809	0.3651924669	0.4000827226	0.0006831721091	1.187635685	0.4783826063	-0.4298325316	0.5920253379	-0.2507687961	-0.3586844129	3.010879659	0.061678959	0.8555841821	-0.4748435447	-1.760168453	1.682499021	-0.1930587262	-0.6275080488	-0.07482351564	0.1743914443	-2.481696065	-0.8158903526	-0.7091745509	-1.149751747	0.8462011592	-0.6761986007	-0.06495315304	0.5388158977	-1.239208401	-0.3834145439	-1.285235694	-0.6135985831	0.7371890062	0.3177677589	-0.6983708237	-1.07972717	1.294560832	-1.076805916	-0.05780308147	0.7390570253	0.79406382	-0.6931446416	-0.602588654	-0.8566962904	-1.274533764	0.5682893955	-0.2070196567	0.2395749636	0.03762904298	-1.307368541	-0.3411897865	-1.416701912	0.5262380551	-0.9626841082	-0.8642609602	-0.5592760865	-1.666409899	0.2556168229	-0.2426888011	-0.6521637007	0.2576899869	-0.0574550885	-0.03935936041	0.518997459	1.642405035	-0.4632816285	0.6122587666	1.481760074	-0.7806750986	0.1513559978	0.4130034826	0.3460247202	-1.926499843	-1.602081434	1.1961408	0.4105196537	1.101139688	1.447761627	-0.925447123	0.4706637665	-0.3610064518	-0.7206317275	0.5442748362	1.368102216	0.0191882648	-1.497980293	-0.6317282506	-0.6305056144	-0.6128932187	-0.7417507366	-0.8137408762	-1.503606969	-0.162324039	-0.8253899965	-0.7046446009	0.01768311633	-0.179021764	0.4446448928	-0.6183216545	0.5357653748	-1.198780798	-1.234487624	1.847688891	0.2406419697	-0.2950016789	1.192923998	-0.5939958752	-2.409036612	0.9581973285	0.9690905571	-0.7377873414	-0.1348114442	-0.5491843563	0.5303037815	1.633745995	0.1806726283	-2.372350892	-2.679756225	-0.2808835683	-0.2736934135	-2.309997239	0.4319714966	1.043103118	-0.3424523508	-1.519439979	-0.6258157144	1.312143257	-0.2101392071	0.2617251994
1.318179655	-1.265524299	1.804090546	0.5281926553	1.982600011	-1.343262061	-0.9448446671	-1.63231268	-1.265803148	-2.210879332	0.4555725641	-1.2299368	-1.127098507	-0.9575405224	-0.8623250709	-0.1490288656	0.8044125543	-0.2118656182	-0.03664350216	-0.1750026788	0.3779700788	-1.532314959	-0.5632671649	-2.491037034	0.4985379515	0.4153470402	0.4208093724	1.175407296	-0.8627927264	-0.04063473178	-1.003759386	-1.283573459	-1.104844041	-1.454905819	-1.010670743	-0.2457055637	0.07058198644	-0.2211678109	0.7965782339	-0.6256777901	-0.5639347411	-0.846631632	1.566392294	-2.041048154	-0.1283852767	-1.549930213	-0.7743816168	-0.4772139675	-0.8996352016	0.4924903687	0.1005922289	-2.610056777	-1.598941527	-1.670439521	-1.33928627	-0.001992024501	-1.298284265	-0.2320807369	1.267649435	-1.708334711	-0.6708992466	-1.205924794	-0.5666019087	0.688471491	-0.7120112827	0.006402350627	-1.044880244	-1.208692584	-1.229399697	-0.649899747	-0.8580678914	-1.212183052	-0.02365339886	-0.8465654462	-1.40016265	-1.328346843	0.0742725142	-1.41405104	0.4431319076	-0.5978260646	0.4408540282	0.1306708033	-1.132637256	0.1520505376	0.4829192582	-1.163398457	0.6297749204	-1.599470184	-0.7013671876	0.1059690804	-0.7571821669	0.04960288099	1.024102742	0.7552908525	0.4268963054	1.505252707	1.340550887	-0.3965697147	-0.870488641	-1.410789206	0.6503837836	0.4646163558	-0.3229828106	0.04388454956	-1.551897961	-0.07934818376	-0.8665185066	-0.3308816901	-1.36035437	-0.9707674633	0.01186266799	0.8195454784	0.5457414717	-1.279715768	0.1417631019	-0.5736062843	-1.284692657	0.7454124223	0.8715296975	-0.835823076	-0.4544559683	0.09384565128	-0.1323442709	-0.9061591509	-1.0344927	-1.842660083	-1.515561448	-0.1218369542	-0.9532506712	1.898903594	0.2245845049	-1.133847164	-2.006497996	0.4548950162	0.6030176359	0.2710933598	-0.4287363105	-0.495347206	-1.008513721	1.635297095	-0.6617260207	-0.2929525068	0.5936606423	-0.5194614627	-0.5321502809	0.9069669106	-0.6647808403	-1.555661325	-0.7337512225	-1.356249481	-0.9725038093	-1.005095819	1.136978375	0.1850341963	-0.4305457938	-0.9652521083	0.6524905346	-0.1810982564	-0.8164844881	-1.69664099
-0.45938029	-0.3568970989	-0.6745326153	-1.423947493	-0.319493275	-1.342375991	1.159906913	-1.552502061	-0.7927467335	-1.399589219	0.715242593	-1.193080106	-0.6546832944	1.044716819	-1.033627336	2.143526671	0.7201954002	-0.4844361854	0.1340466435	-0.1647802065	1.303537815	-0.9947932125	-0.7089925836	-1.530268332	0.3283492611	0.7387221907	0.08591061551	-1.715656123	0.1063632868	-0.5994828763	-0.5933601345	-1.431846417	1.970906099	-1.467587702	-0.4933016758	3.523316112	-0.6491442128	-0.3528680337	0.1711282325	-0.7972056282	0.9699430272	-0.4058446009	0.8498337084	-1.254491308	0.489950925	-1.464168614	-0.2343748274	-0.5175208207	-0.1092232425	-1.15020459	1.315716641	-1.357544596	-0.9830445924	-1.554614403	-0.2741312495	-1.207591999	-0.6493259022	-0.438422298	0.7805534971	-1.074195294	-0.7640367407	-1.108470045	-0.3333069832	0.9180426944	-1.353410114	-0.7714956776	-1.385562366	-0.5857265016	-1.805164461	0.702380894	-0.6354630016	-0.5212218066	0.257960515	-0.8445073852	-1.017391252	0.3453214713	0.07449918092	-0.9806443316	-0.9289525111	0.1167839356	-0.5106872642	-0.1907086214	-1.078161427	-1.632835964	-0.6831034658	-0.2675768294	0.3252289935	-0.9931868812	-2.309675736	-0.03507100316	-1.088724411	0.1561908451	-0.1020598534	0.9321224835	-0.09584542595	-0.3127706333	-1.025872858	-0.9795263322	-1.742777507	-1.568297119	-0.7804970039	-0.03419694238	-0.5937631094	0.4371103137	-1.459236953	0.4163756694	0.566329092	0.3884081365	-0.5078532319	-1.615163449	0.513903633	-0.8948266117	0.1800711287	0.6838065518	-0.3001355809	1.666144606	-0.6226345985	-1.659027716	1.314283461	-0.08407008717	-2.027592639	-0.07402911252	0.4372746468	-1.255111739	-1.324721217	-1.861631391	-0.9055866042	-0.1980418664	-1.363649438	-0.5266628142	-0.7566384004	-0.2210482757	-0.8639874503	0.1076243109	-0.3871308508	0.3159880841	1.110429592	0.9301255206	-0.7731672793	-0.6928126426	-0.515784832	1.165728082	-0.5237137356	0.2761303857	0.7287044296	-0.5005562359	-1.355557956	0.7029603799	-1.747135628	-1.991988303	-1.029970764	0.6362745613	0.3448601259	-0.4333657832	-0.5004046989	0.7884147656	-0.8519448895	-0.1608953113	-0.9018021823	-0.07551795317
-1.405485352	-0.1870397073	-1.010325503	-1.647055743	-0.7848334708	-1.214171069	-0.5480534491	-1.222402865	-0.8703723861	-1.420603242	0.6369824175	-0.8140677895	-0.5687793228	-0.5385289918	-1.539642588	-0.198002481	0.6538572582	1.416028507	0.6887897998	0.5142538808	0.9172816571	-0.9750729259	-1.427454058	-0.5517642379	-1.38434104	0.3611213077	-1.803999432	-0.4802081175	0.4777802733	-0.4516181127	-0.5861318	-0.5352433833	-0.08655291036	-1.16821547	-0.8722148519	0.8811416372	0.2206275838	-1.005803434	0.7075951585	-1.185858324	-0.2594568738	2.820953351	-0.8122009134	-0.5365718879	-0.1425421275	-0.6692455574	1.64835511	-0.1903863985	0.2746895199	-0.4060816817	0.3670065145	-1.199623124	0.2951290933	-1.099501379	0.08952874717	-2.03989114	-0.6103979491	0.0123679987	-0.6356230134	-1.428354499	-1.280195198	0.8308790217	-0.39161348	0.9698684762	-0.2595795674	0.02019666839	-1.838958278	-0.6121296865	0.7366510355	0.507032964	0.7091125614	0.693788387	0.3705563052	-0.7326308923	-0.6802819952	-2.118093575	0.1803471045	0.5546980753	0.2341100685	0.2810480194	0.5764258589	-0.8359442046	-0.08505375739	-0.7188428255	-0.7487898206	-0.6667786047	-0.3668977252	-0.2414937385	-0.4702794687	0.2201704799	-1.097754099	0.3558237826	-0.6077714919	0.8327087069	-0.8010458009	-0.9091042082	0.5577000673	-0.361992311	0.1063881025	-2.024354501	-0.3002020814	-0.2398514683	-0.3185284997	-1.097770843	-0.999197353	1.114397082	-0.6597845332	-0.1712588421	0.734113229	0.5783319269	-0.11982904	-0.2149905926	-0.8328395344	0.2775311855	2.377820394	-0.2711595784	-1.345638899	-1.532570723	1.882121344	0.2403941352	-2.36241175	-0.5310741384	0.7488537984	-1.546464145	-0.9611984073	-1.640587822	0.6665958202	-0.1682889717	-2.060210293	-0.5110070112	-0.5450297784	0.1203037601	-1.146364738	1.717623922	0.03398377188	-0.2494040029	-0.284993164	0.3631208384	-0.4666338493	0.02784985632	-1.06702136	-0.1453255919	-0.09746001707	1.341850697	-0.08980097253	0.3135735019	-1.153292734	-0.7060461545	-0.5300026835	-1.547622012	0.0960235946	0.3699078829	-0.3205830526	0.4577888117	-1.199641499	0.6396221461	-0.3905129481	0.4909167902	-0.3531842802	-0.1277838645
-1.318516107	0.6933117371	-1.00333848	1.061287499	-0.9803317843	-1.088676364	-0.9777601443	-0.875033887	-0.611786778	-0.8327083617	0.862750674	-1.348489362	-0.1111451788	-1.437720316	-1.122756163	-0.4025906483	0.08588625502	-0.427183812	0.4174755091	0.9941287495	0.1316432808	-0.4137482293	-1.505306866	-0.5345127409	-1.147404194	0.4140061493	2.075703911	0.05296145091	0.2139823086	0.1008711676	-0.8908451242	-0.556178466	-0.2132368857	-0.0895524558	-1.291417333	-0.7634374914	-1.444908916	-0.1351469273	0.4106752477	-1.479853467	-0.807126371	0.2902220466	0.1391408763	0.04461704316	-0.3837820535	-0.9343002002	0.2417904946	-0.2949083559	0.3667050627	1.875034669	-0.3612530752	-0.9647257819	0.988337179	-0.6263871725	0.06949204123	-1.559930231	-0.1878662927	0.1925286232	0.3537371629	-1.363756191	-1.639259859	2.436275578	-0.3300437705	0.7417934751	0.7958447906	-0.8004692642	-1.661342516	-0.2274838368	1.877321216	-0.05572233158	-0.6074312386	-0.2799531975	0.04270979206	-0.6620639175	0.67389667	-0.7188534204	0.3578939588	-0.5338989046	-0.2515888029	-0.3360641251	0.1305727564	-1.118038	-0.1262482449	-0.6559170721	1.166557042	-0.2804294517	-0.5570704635	0.2831266537	-0.003077294317	0.1334930278	-1.355718661	0.08409452148	-0.123391417	0.1930272896	-0.7556230283	-0.4341859521	-0.6242781702	-1.561611601	-1.59728914	-1.664705661	-0.7078668758	0.2082608213	-1.382913654	-0.7007187012	-0.4756767288	0.2118573319	-0.2777768877	-1.142777672	0.06127653434	0.4163713666	0.5957368314	-0.2363374333	0.00180419888	-0.6217635823	0.104257585	-0.5413848522	-0.9613652311	0.0431971495	1.586397224	0.615953638	-3.198669793	0.8799369921	0.3981037284	-1.310639188	-1.09721323	-1.206820309	1.296562827	1.096340909	-0.8251985737	0.3345569262	0.2691852034	0.3187585326	-0.7281721814	0.9931387047	-0.243180398	-0.6304646355	-0.2798695097	-0.7099353139	0.04608223776	-0.1615696656	-0.813157761	-0.5812747665	-0.04374110416	1.260193962	0.3812053903	-0.4716141007	0.3066680976	0.1390353363	-0.3214063354	-0.1614692864	0.3696953601	0.9495895418	-1.283930835	1.000676171	-0.6396289314	0.829587062	0.6926697437	0.006213013301	-1.66100105	1.247882439
1.677629471	-0.6670584017	0.319150337	0.4661720004	1.582139131	-0.9081189411	1.705284302	0.3966301485	-0.8507609471	-0.2661697813	0.7332799184	-1.494517099	0.4139647209	-1.044271807	-1.043302618	-0.9804247469	0.04998867738	-1.267852472	0.1730302907	1.075417894	-1.18323847	0.3406551194	-0.9051356612	-0.6062483008	1.210295033	0.7508841493	0.01677142343	-0.8020378538	0.4795893818	-0.8595051735	-1.440126237	-0.8978967755	-0.9559713627	-0.2596109841	-0.9071400684	-0.7150754762	-2.769593667	0.3353434038	-0.4784852982	-0.8086393176	-0.4727695025	-1.10898789	0.7064466732	-1.837190018	0.2060785857	-0.3860455958	-0.7255652431	-0.2080207412	-0.2281666952	0.8576485388	0.8079595959	-0.3553466452	-0.276533199	-0.156024333	0.60057136	-1.002511013	0.2702672941	0.248566785	-1.606336686	-0.6770089052	-0.9841726614	-1.031883616	-0.9916633016	1.16821005	0.6989881777	-0.125945977	-1.407340263	0.170080435	-1.08126636	-0.2965886203	-0.5979835834	-0.5404091932	0.3626669065	0.01909975498	1.405509994	-0.6450395369	0.5516870502	-0.4321516408	0.651706549	0.0557017281	-0.9088739756	-0.6218367543	0.6498452113	-0.8518249223	0.3681085614	-0.2899879751	-0.3577803288	0.2764764378	-0.1241654011	0.6630175892	-0.7018200468	-0.09319573922	-0.3822776906	0.3910221728	-0.05135452559	0.441988944	0.03611533663	-0.6608862322	0.4081779959	-0.09168343945	-0.1736753981	0.2665970013	-1.148272616	0.2554941458	0.357301157	1.304377188	0.3550576479	-0.6397921599	-0.9076166079	0.3073030145	0.7618211555	0.727715019	0.4812008825	-0.258326665	-1.08991637	-1.316220587	-0.195732979	0.5786736091	1.744800224	-0.1091110731	-3.663284223	2.471742633	0.9318319832	-0.8529693516	-0.9323787752	-0.3736491701	-0.604740216	-1.24512349	-0.08637885858	0.0176699005	0.8529198682	-0.003444065553	-1.708245029	-0.541235612	-0.8593082017	1.170890227	0.3893527849	-1.167617377	0.4123236919	-0.5726884297	-0.4328830601	-1.127914178	0.05659452779	-1.365118929	0.6126545398	-0.6058840388	-1.01542893	-0.002627222173	0.1807178584	-0.2936975015	1.658151447	0.3377649926	-0.8685058212	1.532146092	0.08662622265	1.10218196	0.4185427756	-0.9749385968	-2.654136399	1.82593243
-0.578364712	0.4182603338	-1.453259639	-1.334131884	-0.3276906848	-0.2415136975	0.005560285382	0.1440658613	-0.003625695396	0.2214254862	0.3684698752	-0.09032765735	0.04382477979	0.7474775619	-0.310278476	-0.4952774609	0.3148872848	1.164733742	1.218300283	0.3208297653	0.4528497604	1.065224024	0.4239407011	-0.4612166445	-0.4009688106	0.9845812734	1.65186119	-1.592787299	0.9769362567	-0.5960754697	-1.398167305	-1.143371858	0.8423433608	-0.4819019629	-0.05958165261	1.912334574	-0.04672497965	0.6530275193	-0.2442867706	0.3307193291	0.9177836427	-0.443644709	0.6187588558	-2.786355311	1.287412216	-0.5096560766	0.08351147519	-0.1781175284	-0.08565827677	-2.402840627	1.521121297	0.7288491226	-0.5187020468	0.2024468387	0.6558024877	-0.6763140505	0.709087834	0.8561650028	-0.7052657253	-0.3807827172	-0.1721672874	0.0261115513	-0.7115896548	0.9186914171	-1.920125397	-0.6845720947	-0.6792520436	-1.101447282	0.3743453847	1.117366824	0.7675374352	0.3806349205	1.058492371	-0.2171123949	1.80773804	2.022932309	0.4832125661	-0.3876737429	0.3089716021	0.4966967012	0.6208560411	-0.5754913045	0.8929739979	-0.9814521544	0.1400454855	-0.08602730575	0.03037664818	0.03851618706	0.1421693979	-0.2280096425	-0.8920581662	-1.099954375	0.1279380624	0.2301958142	0.2802199268	-0.2660427251	0.8795461504	-0.06758849277	0.03517670574	0.2161226127	0.6322449983	0.80565826	-0.8200273286	0.3837100121	0.3060772228	-0.9720643582	-0.8842038643	-0.5108465991	0.2952626191	0.1713778822	0.1197950888	0.6735188618	-1.24697541	2.354094553	0.1207166697	0.003097545717	1.142310801	-0.7085519597	1.6027101	0.4609920347	-2.225741197	0.2225858619	-0.4629336688	-0.6380680168	-0.9930995383	0.9928961552	0.7624537037	-0.9891708445	1.369879273	1.212806147	-0.3797968098	-0.1873901946	-1.651837746	0.5639032596	-1.484808124	1.826418535	1.395000786	-1.714957672	1.48879501	-0.7404737365	0.08135178242	-0.7264157612	-1.123983652	-1.161766032	0.05265914231	-0.2937948917	-1.425857624	0.716430359	0.4118031661	-0.5572135219	0.9466090449	0.5406788386	0.4365577038	1.22118852	-0.5904463982	2.191579305	0.6190588959	0.06353450755	-0.8137913292	0.2166988595
-1.035159771	0.3906383148	-0.9922495359	1.398329324	-0.9673475301	0.1996585961	-1.042909371	-0.4959027017	0.07291207554	0.4884100047	0.154563903	0.4248897889	-0.09107158851	-0.6244427627	0.04108276311	-1.244538744	0.9810595255	-0.4620414605	1.318440561	-0.3263824584	0.548527653	1.09760094	1.163543709	-0.3520226956	-0.3462531357	1.173138748	1.284986111	-0.4552011547	1.111238577	0.7724764343	0.3043582839	-1.004792937	-0.7800710206	-1.494205738	-0.2081801821	-0.5612929603	-0.8863351969	-0.5986088927	-0.8108321766	1.427585088	-1.128411116	1.177317361	-0.2948601137	0.04355703688	-0.5650942055	-0.5015820624	1.595958751	0.4095621067	0.0520287699	2.3142724	1.692630541	1.32988889	0.6458331296	0.3732126846	0.6774953438	-0.654510579	1.276927017	0.748881784	0.9430950903	0.6180108289	0.3295600792	1.687444758	-0.7863200909	0.9001441593	1.062963976	-0.5769457798	-0.0399161299	0.3489362125	2.227698693	1.258182889	0.2552152333	0.2350642947	1.518227113	0.07048155197	2.163962808	0.397823854	0.1429597359	0.01839534282	0.5099954272	0.517500591	-0.9580443331	-0.06459047832	1.894924192	0.7924076188	0.5521753995	1.797328998	-0.9116306064	0.05647741439	-0.7586883083	-0.6360010701	0.3877293265	-0.9111021846	0.4591399797	0.3892966943	0.4443515941	-0.4146905154	-0.3196875484	1.304274367	-1.864157193	-1.566684776	-0.5427795963	0.7882173037	-0.2272220909	-1.484330055	-2.426380709	-0.6428614389	-0.9275275022	0.696616401	0.9062902828	-0.8985999718	0.2666283443	0.1228043155	-1.117171712	0.4507634047	0.7643785684	0.7315730695	2.221159356	-0.383664483	0.3845503853	0.3556055019	0.09867258555	0.02109392686	0.7576992687	0.8637094947	-0.5805063474	2.455124065	2.208345039	-0.3782895922	0.7435299989	1.153090201	-0.4379943898	-2.002633541	0.229847824	1.399183361	-1.469067972	1.102146547	0.3081580595	-0.5044063138	1.894154002	-0.8096022365	0.5162924456	0.3213062399	0.5331707948	0.5258075877	-1.124216512	-1.383358671	-1.083646299	-0.3395679118	-2.235761282	-0.417121755	-0.4661806153	1.068756396	0.6478572237	0.1163224955	-1.851133749	0.7706952596	1.608052748	0.3436972897	0.9631435516	0.7366963475
0.8341396415	0.08097028434	-0.6582924744	0.003714804323	1.328875798	1.007957229	1.27052627	0.02894172866	-0.581225315	0.5535641314	-0.3162792953	0.7344413986	-0.02840530541	1.937078048	0.3167452124	0.4693271001	1.013176251	0.420590704	1.075790677	-0.9126471636	-0.9186311785	0.4396844938	1.434360442	-0.3139891562	0.0457357776	0.697700988	-0.05485724852	-0.6559662134	1.082720074	-0.9431235187	1.276216411	-1.065418065	-1.056513812	0.4745601035	0.3808817183	-1.236630603	-1.357485166	0.791013205	-0.7104929477	1.697933593	0.04387409928	-0.7989769757	-1.742946708	0.2158062531	0.2707676388	1.346379532	-0.04899283686	0.7488776519	0.2797528296	-0.1246340613	-0.103376642	1.729309974	-1.393452186	0.8345924309	0.5228007159	-0.3268227911	0.4432525703	1.094446309	-0.183113985	0.7284289606	1.184579684	-0.3629009006	-0.3802947479	1.954207687	-0.8331441208	-0.450442147	0.6821740528	-0.09660227374	-1.297160833	0.4925041883	0.1451438459	-0.009584174686	1.250244879	-0.1852463928	2.304543984	0.1667224808	0.2327010315	-0.1819877603	1.410972685	0.5541171092	-0.4947072898	1.03208242	2.093610064	-0.9359458138	0.03525066379	0.8348312481	-0.200118356	0.2358423387	0.7183175949	-0.5663108089	-0.4845201295	-1.13592869	0.594871443	0.9027146807	0.1690720807	-0.9369893384	-0.8789327147	0.6523452392	-0.5362844224	-0.7013236337	-0.2546075776	0.717245839	1.199673379	1.831621669	-0.9854572951	-0.1199276004	0.2968781471	0.5961797171	-1.345560212	0.08307061541	0.889388213	-1.500709232	-0.86209118	-1.116692955	-1.808270372	-0.961870215	1.954221409	-1.017791004	-0.549627744	1.019900491	0.5659389104	-0.2907100274	0.1658743529	-0.0577562744	-0.6319304585	2.191321217	-0.6012160941	-1.392416304	0.02294353161	-0.6372594693	0.8701050296	-1.522704122	-0.2798269367	-0.8262955207	-0.336291114	1.214498634	-0.4562398963	-0.1215908388	0.7507913299	-0.0630208235	-0.1640735172	-0.5610660561	-0.01642653497	0.5821428173	-0.4577464659	-0.3842691134	-1.628126206	-1.138060913	-0.3321137321	-0.04552410816	2.110225026	1.064749837	1.857505389	-0.03510115001	-1.469801595	0.5723584751	3.011624034	-0.3858508796	-0.01709964826	0.5951372931
-1.021494603	1.005178258	-0.776051642	-1.320654341	-0.7218705834	0.4615022879	-0.2246568594	0.4758726717	0.2663733877	-0.00714588745	-0.1276382787	0.8526566902	-0.08855645732	-0.778094448	0.07117425308	-0.179481484	0.6438725222	0.7915197503	0.5036049877	-1.448372755	0.05858917584	0.4679073525	1.358467345	0.04378107374	-0.5810262721	1.061379735	-1.781126672	1.410556184	0.746892288	-0.02877312133	1.628843121	-0.9013216826	1.172920886	-0.1230098135	0.4438414831	0.314188627	1.20226632	1.027297944	-0.1908917071	0.7711630979	0.8574678799	-1.434627659	0.06283207861	0.06927767616	1.230064063	-0.1662055706	1.864117418	0.7554791369	0.1964414297	-0.03177930754	1.048687493	1.733000117	-0.9096607498	0.5339856294	0.2607933292	-0.07914095775	0.5565014444	1.214656048	-0.1332737132	0.5113951366	0.6844206206	-0.3704657876	-0.5126998362	1.702429796	-1.04002804	-0.3619171363	-0.008675888367	-1.191597116	-0.05545445575	0.1463491246	0.7752396864	2.207647669	0.476946666	-0.2510304644	2.592337551	-1.055716629	-0.1070187692	0.898940635	-1.078963801	1.337095457	-0.4815852986	1.439869514	1.93590156	-1.385462737	-0.3343359906	-0.005018166044	-0.0278949691	1.070759925	2.042389476	0.3898466878	-0.6106433395	-1.27562619	0.9569310934	0.5559726376	-0.2197547421	-0.2419882086	-1.253375472	0.1779681712	-0.2272373365	-0.656604667	-0.4352648368	0.9720846329	0.6212871433	2.374898221	0.3118705194	0.6801752309	-1.124088013	0.04831477588	2.535499828	0.3079851342	1.160480641	-1.275802751	-0.1487598541	1.87816431	-1.688149545	0.6674589964	0.1628879824	-1.479127646	-0.4191976663	0.3093754301	0.7796563027	0.4341441163	-1.750182865	-0.0943059243	-0.1398182875	1.099712205	-0.01464755791	-0.2425698374	-0.4695406413	-0.232849428	-0.002756236017	-0.2044053001	-1.104679292	0.9758156534	-0.2616802091	0.9116124933	0.02219780149	-1.239659238	0.632052152	-1.301458996	0.1525259053	-1.415641181	-1.486100845	0.9780936635	-0.3339618049	0.3627464918	-0.5173558057	-1.216140038	-0.7554391479	-0.7717199244	1.433231564	1.088514934	1.041324232	0.2829272949	0.08559027705	0.3254999578	1.776737587	-0.2153861182	-0.5726504866	-0.4981662395
1.701904203	-0.294959386	2.141620388	1.368237744	-0.4518587854	-0.1692548488	-0.5928208853	0.4813793442	-0.2660712857	-0.4257102368	0.2110730891	0.2603243751	-0.9214866819	-0.480602358	-0.7068789678	-0.8020574901	0.8505768102	-0.588177019	-0.1007962037	-0.760546821	-0.3371623894	0.2188868156	0.9657863426	0.4433943008	-1.073442522	1.012101267	-0.4594023174	0.7774105225	0.9077668094	1.97330962	1.254873579	-0.312153774	-0.5647673209	-0.3639175369	-0.3862953493	-0.8671878975	1.445930939	-1.581323113	-0.2665243345	0.4171504898	-0.7520496097	-0.9848091428	0.5294557303	0.1580255403	0.01084301639	0.07994461237	-0.625763889	0.4339002793	-0.05171598836	0.6847326357	1.121312964	1.196980279	-0.1418391026	0.4158081553	0.2242489271	0.5435714491	0.4436128112	1.624048353	0.9553064684	0.4712887219	0.4651063467	-0.4970241827	-0.9420686385	1.552012027	-1.045849576	1.475667018	0.1214306457	-0.3461096409	0.6502272415	-0.3097825404	-0.242282371	-1.23804283	0.2794878308	0.1862282014	1.768265632	-1.555196968	0.3603249246	-0.04857813658	-0.6951976452	1.278216937	-0.2391840436	0.8700689853	2.22479065	0.3208000681	1.248949059	0.2462411401	-0.8070829253	1.354556303	0.2862444878	0.5293332264	-1.032693261	-0.794332201	1.687284635	1.066087059	0.6929943251	-0.3421308648	1.017225661	-0.6126067279	1.769907802	-0.8965949054	0.04516388891	0.7886656742	0.1726149666	0.9156078638	0.05108019968	1.191946783	-0.07101824902	-0.4706052725	-0.652338199	0.1479710901	1.117684373	0.3389975757	0.5689746824	0.8496342751	-1.327172521	-0.4885174304	0.6439748792	0.3604182382	0.4035126941	-0.2324969307	1.923897485	0.02968127068	0.4544551789	0.6961297356	-0.5340598658	0.1490793029	-0.3870039364	-1.472666176	-1.68523507	0.1249764755	0.7269045994	-1.085788027	-0.7048127299	0.8476580545	1.034669261	1.000802316	-0.3604647494	-0.6954837133	0.6196551062	0.6552080314	0.4591865248	-0.6938047811	-0.3477525202	-0.8619000712	-1.339622065	0.6477161771	0.6734795834	-0.692852043	-0.3007868892	-0.4590781302	1.078417781	1.153886725	-0.4005295892	-1.192032853	-0.01354380395	0.840947773	0.8999054793	0.6027430804	-1.160922408	0.3725117311
-0.2289198004	0.7032224293	-0.7550823849	-1.021830469	-0.2618258301	-0.2253351775	1.09467533	0.06428742032	0.07174662758	-0.1971015327	0.5153645413	0.5450021733	-0.6652862098	0.9996618934	-0.635951441	-0.303853694	0.5716441347	0.6906800297	0.105186968	-0.4820789665	-0.13391761	0.2083504518	0.5425160337	0.9654921829	0.5612926309	0.5290065805	1.841941388	-0.9428349125	0.936854124	0.8846970366	0.013297564	-0.4208380644	1.827257642	0.3048845482	-0.09981589303	1.017450142	0.9042829466	-0.4022060525	-0.2052155548	0.601472799	0.3679438011	-0.9818362075	0.3009380209	-0.2417377617	0.7059915395	0.211843873	-0.1121481194	0.3346853518	0.04850045657	-0.5874889941	0.1706220476	1.771086602	0.05480585952	0.3935789325	0.4361852093	0.931162768	0.9237084704	1.413533578	0.1779113477	-0.1631381775	-0.1621911761	0.689148349	-0.6185951182	1.4008672	-0.3007200825	1.254448563	-0.0441543924	-1.077388973	-0.2969006948	-0.09548953272	0.201386707	-1.065567988	0.3081082144	-0.3327746931	1.610468942	0.8801181051	0.1695085319	-0.2482257005	-0.3887490709	1.260168378	1.533742625	-0.351301558	1.683125994	-0.9272106827	1.083856097	-0.4076258712	0.1123652864	1.563511572	0.3240781318	0.2815739592	-1.022941604	-0.9090090338	1.412899029	0.5195044099	0.9109332457	-1.10619544	-0.7511431632	-0.7680018986	0.8737636364	-0.5370394496	0.2202900624	1.166252842	0.604142939	1.728543551	0.6342983193	-1.252027904	-0.5215272565	-0.6228249653	-1.119988554	-0.1457236496	1.537892207	0.8800623047	-1.692733098	1.101912164	-0.6494401793	1.190657466	1.416699595	0.01622118041	0.336683017	0.9025432924	1.961511967	-1.130365635	0.3680716396	-0.2457604049	-0.4938368656	-0.1018671654	0.4837581289	-0.2430908474	-1.824795708	0.4223101943	-0.03005755395	1.269740735	-0.5185812313	0.1223523448	1.038194323	0.7911217176	0.02121639369	-0.9158613299	0.2707897644	-0.1698960319	0.2467019005	0.08680794377	-1.479272874	-1.36416963	0.6093159464	-0.4208494008	-0.1921932248	0.3080508524	0.05596274838	-0.4941817654	0.8108387101	1.853601562	0.04924533685	0.3820861027	-0.4471146036	0.8946788972	1.147887834	1.475056553	-0.189792175	0.8177630938
-0.7952552234	0.3920761349	1.017922998	1.492229913	-1.067135864	0.2599440355	-0.8728652707	0.2559352634	0.005058615791	-0.1427386587	0.8246743406	0.5725614843	-0.3449507046	-0.6290188028	-0.2934821442	-0.9284658434	0.7796551041	-0.4966653352	-0.03323949298	-0.3064270748	0.230276229	0.9034800384	0.5458341103	0.7493512287	-0.7071727542	0.7699077978	0.07292390671	-0.1041348681	1.549594328	2.096043563	0.2836730642	-0.932663608	-0.6096719933	-0.8364236175	0.03506187954	-0.3896043103	0.3272708398	0.1957229018	-0.4892895859	0.9180212157	-0.5667782076	0.200912311	-0.4201654239	0.1132405852	0.3106679759	0.1734058805	0.4904370033	0.5149215233	0.5644262493	-1.318234307	1.202479255	1.719192681	1.182966147	0.1598168995	0.6504249275	0.4408932798	1.45587722	1.27121721	-0.3624785085	0.6897376846	-0.3224971326	2.367969275	-0.5983152381	1.418263357	1.576242234	-0.5596698656	-1.0078273	1.986310461	0.2701557878	-0.1036836292	0.3939070664	0.01314579999	0.7248602113	0.2667131691	1.529269554	-0.5870898527	0.01798374055	0.8739127275	-0.8142244172	1.088157369	-0.04384958975	0.4451184825	1.879553944	-1.071952071	1.454422258	0.5455003564	-1.619105397	1.699853991	-0.1603876629	0.02018049264	-0.7380868105	-0.3931628019	1.469367279	0.6108045478	1.047924148	-0.6157376874	-0.3767201129	0.4816791784	0.3050512783	-1.401599833	-0.9266180853	1.501047648	0.455166033	0.5439911511	-0.7309311077	-0.7032135357	-1.159339809	-0.1446690328	0.4926071042	-1.88144376	0.8363735377	-0.05743063543	-1.206343405	0.1212370339	-0.1760667112	0.4206127869	0.9228300647	0.610714748	-0.1147798178	-0.01737769449	1.513739737	-0.4804173219	-0.4291426654	0.07898838481	-0.5831797852	1.247095594	0.3695173224	1.160687703	-2.241240666	0.1803819023	-0.7717360208	0.9200924152	0.722608789	1.364182018	0.09337751049	0.5464550955	-0.5894204661	-1.501946301	1.035914562	-0.4795751621	0.5281399098	-3.911856731e-05	-0.718778364	-1.155151003	0.1586248226	-0.7855835054	-0.08570248243	0.2890690369	-0.963614764	0.2084271192	-0.2022249284	0.6738188452	-0.6243537608	0.2689715175	0.6871464173	0.9699770821	1.058238537	0.7296806054	0.8935027019	-0.035012808
0.05200783351	-0.2104343813	-0.6058801214	-0.7190667317	0.5624718807	0.8481452662	0.9890710241	0.7944091971	-0.1509501867	0.5108195459	0.8568995431	1.151584235	-0.5858107662	1.017565639	-0.2216695936	1.271406529	0.5991046116	0.3427630065	0.3027336372	0.02120773201	-0.6279151884	1.077730241	1.11608618	0.423226865	0.7702307835	0.08055027061	0.09855301565	-0.4183901932	1.535384313	1.358809688	0.5439164394	-1.444642879	0.4301754719	0.2718062793	0.03470304239	-1.009610234	0.2449795704	-1.448576139	-0.1336796525	0.8326970567	2.388374257	-0.5124384938	-1.157780538	0.1508483462	0.965791689	1.779433109	-0.445278851	0.6428997804	0.2967514712	-1.511485114	-1.058256373	1.845866876	0.1946328907	-0.1242719972	0.9908237379	0.5924876336	0.9338392647	1.3028062	-0.03849788974	0.8928268	-0.4718409908	-0.4981877056	-0.4893839304	2.013796707	-1.036545962	-0.7943684022	-0.7561181855	-0.9535565288	-0.06827875563	0.1565905551	0.1524690516	-0.926170469	0.5032250422	-0.1785229781	0.8504296886	-0.4073358944	0.5796758734	0.3920442194	0.8811958302	-0.2982159309	0.4923427651	1.004916513	1.407722728	-1.182637701	0.4186900283	0.2988841447	1.217113339	1.542337093	-1.56037211	0.0554855217	-1.945855872	-0.3237366682	1.629777479	0.5482710761	0.3438107849	-1.062313098	-1.200599537	-0.1804552683	-0.1195241243	-0.07445524349	0.2763572401	0.9996815073	0.9547165237	-0.02359683747	0.6677008117	1.339842422	0.7640660666	0.4527950193	-1.924290433	-1.981038776	0.2557129279	-0.8595430704	-1.021783848	-0.8590154009	-1.857871721	0.3864815124	1.017189028	-0.3345961183	0.04626504409	1.011098008	1.929729477	-1.101410919	1.033337206	-0.2067005072	-0.6777000895	1.409241776	-0.2495939524	-1.584444415	-1.701812825	-0.6754994087	-0.1691352975	-0.5674904233	0.4237949354	-0.2042516252	1.085499788	1.340320613	-0.4471824973	-0.6102524115	-0.325227495	0.4908564113	0.7007872187	0.7007217466	-0.2420250092	-0.1115197105	1.752388286	0.1036518614	-1.291883302	1.922178159	0.759024044	-0.1401926546	2.352965566	0.784637629	0.2821686358	-0.04214494678	-0.5601073306	1.102390086	1.5507126	0.7435719982	0.7555256068	-0.9186422672
-0.9615992515	1.217159517	-0.3164594741	0.7255939058	-0.8013229105	0.9536420966	-1.023717581	0.2543153112	0.3829958655	0.08005925644	1.017793519	1.210463703	-0.07909768898	-0.9845124682	-0.09653227288	0.07943611761	0.4357825599	-0.4187620144	-0.1611382607	-0.5850837254	-0.7018904375	1.223054527	1.565517578	0.4017429082	-1.17417894	-0.3936330741	0.8519333922	0.1278673857	0.4422980489	1.350402336	1.179429128	-1.156800332	-0.5230000722	0.5041574724	-0.790518451	-0.1190904902	-0.4674009731	0.9505616162	-0.09149035118	0.8595299966	0.3606906639	0.5023116826	0.4087305481	0.9563664718	1.523199082	0.6087867863	0.8041308666	0.321024803	0.1187919397	1.488019043	-0.9761509936	1.883290447	1.698032588	-0.4857154367	1.29773995	0.7264447448	1.237135194	1.240034595	-0.3693709198	1.065722844	-0.4218181074	-0.576026228	-0.1787922707	1.268914834	1.625712639	-1.620153646	-1.294601188	-0.863864665	0.9033973201	-0.07406759348	-0.582200457	-0.03437430812	0.02527287732	-0.351113568	1.156343575	1.571518025	0.2557629254	0.7630053956	-0.4222033763	-0.05132542341	0.9493762858	1.261025418	0.9817552688	-0.7412197539	0.05165897124	-0.03943315324	0.1472742029	1.24712282	0.0692195909	-0.3780193704	-1.761159222	-0.9544297808	1.080338751	0.3560495635	1.335219048	-0.9081085809	-1.438307055	0.2710095953	-0.5578289535	1.559795689	-0.003248858852	0.6565776686	0.01859326769	-1.565752374	1.214672537	0.9325729964	0.9807216469	-0.1276548711	-0.7928727787	-0.2304370487	0.3778436887	0.357443337	-0.05387144195	-0.6255802908	-1.288406395	2.094467842	0.0961420916	-0.7838580041	0.2268680526	1.804039808	1.598630798	1.069777113	-0.2403463087	-0.1943007774	-0.02498432065	1.164936059	1.206360633	-0.991449137	-0.7702569333	-0.4871655917	-0.4033524823	-0.03108286476	0.6088427266	0.8958484138	0.7230482428	1.497496195	0.4542857254	-0.5184974366	1.391369327	0.964134768	0.3354220698	0.7343094885	-1.532258967	1.659880949	1.105469777	-0.6479851422	-0.7545871291	1.101646339	0.2160292215	-0.1075302172	1.472693365	-0.07439546391	-1.059782918	1.370550575	1.106100137	0.3018305421	0.3514099076	1.368006181	1.658616188	-1.22619626
0.1244841619	-0.4350570018	-0.5214543691	-0.7552152872	1.015787979	1.328358772	1.407567223	0.9357766295	-0.2013843139	0.6003678461	0.6617225996	0.681469543	-0.1586449757	1.477423867	0.4128851641	-0.04550910475	-0.3032782163	-1.063629246	0.2126988693	-0.6621367586	-0.5280333946	1.753267404	1.281056438	0.3248033116	1.134773055	-0.3397661014	0.5971963421	0.1150025168	0.3912827816	1.701172364	1.160948903	-0.6915146333	0.09775056252	-0.2044033075	0.0929910849	-1.284722347	-0.379347817	-0.6237841444	-0.8001862176	1.374455581	2.91225601	-0.3939664952	-0.1241175122	-0.2763462602	0.9208834192	0.7507172223	-0.08643613348	0.7221021202	0.4292500372	-0.2710128318	0.03916080208	1.604843768	-0.5025944273	0.1728354937	2.045748129	0.7037007601	1.225033489	1.289090582	0.9763143702	1.467422789	-0.1018028529	0.03099837199	-0.03661381292	1.290040238	-0.4540331458	-0.5011150058	-0.2464141267	0.5459727276	0.6861490587	-0.352259929	0.06064739981	-0.809863637	0.3944407322	0.2936991953	0.5434633551	0.4355287782	0.3493812001	-0.06591197198	-0.360370966	-0.4164814385	-0.3217119667	1.662144015	0.659392806	-0.7918260375	0.378782033	0.3888692558	-0.1463793982	1.145765874	-1.963742784	-0.02919954202	-1.965430572	0.2240373134	0.5888820572	-0.1574899191	0.8539232103	-0.8065285719	-1.223704345	0.1331663886	0.7522724526	0.1973967169	-0.2781582748	-0.6195915928	0.1487676562	-0.206184226	-0.2338421108	0.6745125956	1.203812412	0.5233229169	-2.256486671	-1.018960419	0.6951082358	-0.2196607585	0.1937567539	0.5565919513	1.239086312	0.6323982669	0.9298622501	0.2833066888	-0.7135073281	0.9719031809	1.161638822	-0.05271663216	0.3146060124	-0.04363122408	-0.3840847701	1.077662361	1.406846695	1.69360649	-0.431719904	-1.248371946	-1.964000131	-0.3122636274	0.3544155796	-0.522694382	0.3562582909	0.7438124736	-0.6764522337	0.7255081376	1.206134484	-1.032528306	0.6682332921	0.1489978849	1.823827365	-0.09950556645	2.056130711	-0.2547727026	-1.074034158	0.414658162	-0.8985740876	-0.4104490024	1.219425	0.8315877595	-1.055942872	1.771212861	1.676196603	0.6121003198	-0.1823655681	-0.06779989902	1.629015918	-0.4786622513
-0.9953645516	0.8457014028	0.834591481	1.216014435	-0.7708450286	1.58639564	-0.7534559882	0.8055795103	0.1301553926	0.3917869877	0.8276485944	0.8799864385	0.3792442188	-1.061958851	0.3015293998	-0.1425559521	-0.6044868357	0.1293115221	0.6651247797	-0.1914970938	-0.3303388648	1.549323241	0.6092562396	0.1164206817	-0.9688961544	-0.06222993727	0.7534718701	0.4259661816	0.2045545235	0.05673556207	1.40283417	0.8518011284	-0.5708501184	0.3406776614	-0.1049486343	-0.2721588797	-0.3312421111	-0.7975686866	0.1780814955	1.216969236	-0.3303719741	0.7023590713	-0.09717676563	0.8846050315	0.6277709744	1.252223376	0.04731132944	0.6110719094	0.3725701758	1.170830408	-0.9114518933	0.7706996804	-0.1302158593	0.4614885481	1.626543205	-0.0007125828965	1.064149572	1.775077939	-0.9187893189	1.166596295	0.6093354357	0.008808550954	0.00111517908	0.6894756304	1.918221378	-1.0430263	0.8255808354	-0.2125793929	3.072581121	-0.5300718327	-0.593187649	-0.01583012397	0.2018884077	-0.2929409036	-0.1520109515	0.1542515085	0.2980128292	0.1885782786	-0.8774321045	-0.6478289274	0.4026939821	1.890589169	0.7741090768	-0.3489413851	0.1481525862	0.8136391416	0.9425213468	1.663686801	-1.046465772	-0.7827039397	-1.07551576	-0.168835232	0.9157938094	0.6041673144	-0.1719227767	-0.7960850955	0.5591415271	-0.1230920181	0.3502632527	-0.1836965433	-0.6854592713	-0.009961071004	0.8343161777	-1.161625682	-0.2107097828	0.5204306372	0.08104622251	-0.2137767625	-1.297231839	-0.108043305	1.487683459	0.5484699417	-0.2874098948	-0.8596617171	-0.1391388392	-0.2402199044	1.289299291	0.08597545945	-0.2511216646	0.9181176672	1.088315266	0.7702326514	-0.6599257216	0.3784300908	-0.01908137561	0.5758232227	1.946552019	0.8690422962	-0.169467703	0.04074246013	-0.221601384	-0.1266318945	0.7306612641	-0.3103182492	0.1930697762	1.159901486	-0.665080824	0.6726428912	2.531097708	1.302480007	0.4038750858	-1.242493152	0.2199163891	1.263614553	-0.04458466835	-0.5687767181	-0.01662129864	0.6620006274	-0.9482771292	0.4923209255	0.3505842492	1.866692768	-1.169758627	0.9955582338	0.4813523178	0.5760811425	0.2114814608	1.327123109	2.34573576	0.09644045615
1.821916297	0.774177349	0.362142136	-0.08686636766	1.225066813	1.610397258	1.839659116	0.1106408228	0.07102381683	0.5817802957	0.7631898365	1.287967256	0.8289403808	-0.7279229925	0.3162773518	0.05522394738	-0.8455856925	-0.7248454069	0.1765419477	-0.2120875855	-0.2025779703	0.7899444088	-0.3335078175	0.04130302716	0.84280164	-0.09435200034	0.01139607667	0.4178058108	0.6286130021	-0.0733645907	2.054520601	0.9916322145	-0.8238473166	0.5235683636	0.4659262103	-0.3054570306	-1.014830361	1.569744973	-0.2489139113	1.444397612	-0.5691293142	0.5240094408	0.1034330009	1.428564308	0.3991232453	0.4317426085	-0.2081794856	0.3423982487	-0.2645918499	0.3691192622	0.2022035111	0.689280547	-1.33327327	0.6605785923	0.7267624151	1.056529478	1.382582617	1.420019554	-2.047682762	0.5004212003	0.9561370896	-0.3876053146	-0.005654910056	0.8330368565	1.179210031	-0.4838515082	0.9652880988	-0.3617432622	0.1263477751	-0.8320269325	-0.7576917506	-0.01788262838	0.04493948597	-0.2103865287	0.5474338376	0.2365913694	-0.134897378	-0.4354350372	1.000997015	-0.5316615227	-0.3088019598	1.423421213	0.6652291576	-1.366270997	0.4216688713	0.8792595257	0.1758287958	1.144171716	1.893291186	-0.1700766955	-0.4512760119	-0.4555097344	1.035182169	1.248452814	-1.458404878	-1.126490173	-2.182124549	0.9184818732	0.3584480712	-0.5970420028	-1.447228056	-0.584552061	0.64491413	1.615556302	-0.3938339809	-0.5308649897	-0.7012264075	-0.2586307475	-0.891976947	0.5897627169	1.807760786	-0.5494503962	0.3326740039	-0.9744130903	-0.6667370665	0.158241641	1.968196269	0.0007955278556	-0.3888542958	0.22897428	0.2768570052	0.5068635733	-0.3944270951	0.2458690939	-0.100314804	0.8313656783	0.05125839574	-0.631431938	-0.5471793934	-0.8023448225	-0.01205608329	0.7368235072	0.7693530525	-0.2903857979	0.06609148397	1.074132864	0.7814558634	0.1763219226	0.5675417222	-0.6818238827	0.2182685912	-1.464190002	-0.2849035209	0.3376797972	1.940729572	0.5000698714	-0.8467888775	-0.9506497367	-0.1434846227	0.8210026719	1.287377603	-0.06412068948	-0.8210045113	0.8404491687	0.1328158247	0.6142256783	1.096076153	-0.2344180128	0.7514216913	0.7503773324
-0.8032802465	0.2969208913	-0.8119743909	0.4004410542	-0.4371264433	0.3269472325	-0.3598878766	1.231337123	-0.2790571924	-0.2908965701	0.3753970557	0.9705584271	0.404588773	0.01296716382	-0.3337392373	-0.8777247811	-0.8778485077	-0.4325436198	-0.3730361623	-0.1262208328	-1.045217183	0.118519443	-0.3788495186	0.05399809216	-0.5401970527	0.2316894671	-2.425853864	1.73415505	0.3638793463	0.1115296479	0.6427426871	0.1312919521	0.5897989534	0.3348870873	0.2549335727	1.073750272	0.8697872004	-0.2837716555	0.03607635426	0.7242600943	0.08505256821	2.581897374	-0.4762689607	0.362302826	0.1255900838	0.5016379287	1.833983963	-0.577206271	-0.4859693918	0.1145835057	-0.295575581	0.2425273035	-0.8866324729	0.3560027979	0.02017448974	1.066452763	0.5039959347	1.503221859	-1.12257098	-0.095753091	0.2401452897	-0.310604143	-0.2129708376	0.1347371327	0.371702363	1.851140217	1.002139152	-0.1039802282	0.04670420073	-0.8322082522	-0.08744659195	0.4954806888	0.09661708836	-0.2348616852	-0.3184805676	-1.621100796	-0.09564194968	-1.106575562	0.1737973989	-0.1048056169	0.2058777972	1.047084824	1.203418865	1.851105145	0.3063623449	0.06166036287	1.524720609	0.7393956713	0.3321464561	0.07175963592	-1.043169112	-0.2145920286	1.107967713	0.8698623377	-0.4337724225	1.746806229	-0.2767059754	0.4491055468	1.931191219	-0.1991415406	-0.1871604465	-0.1268120024	0.8935703604	-0.08778766367	-0.04400148815	1.298809373	1.260561784	0.4361702851	-0.5368730471	0.5646822203	1.353209964	-1.035329818	-0.8683773663	-0.3513337851	1.141881102	0.07757570141	1.208548326	0.1372950012	-0.327978295	0.7658210574	0.3028649277	-0.7099889493	-0.9115976681	0.3513165493	-0.2750232994	0.5444257329	0.4800452381	0.5667693701	-0.6344982335	-1.141388655	0.6233468808	-0.04296347067	-0.9593422174	0.9933051494	-0.4704002562	1.085571888	-0.006048466548	-0.2758086015	0.54579969	-0.1069839262	0.5332157071	-1.819541276	-0.5890039976	1.064225955	0.2987283319	0.3940758381	0.9647179404	-1.076095584	0.4246139159	-0.1934755832	0.08451939687	-1.353504393	-0.1620040991	1.243533494	-0.3905862215	-0.6034271799	0.3605667248	-0.1460972737	0.1980203113	0.5302146667
1.814137206	0.6504041033	1.103729418	0.002267672973	1.219474865	0.4683151438	0.3697044854	0.4640769784	-0.3335798533	-0.5312972046	0.603087332	0.4836193959	1.013629054	-0.5012986124	0.1303449814	-0.5373123094	-0.6449824066	-0.2582978608	0.1169091584	0.5572922665	-0.6793427576	0.3073121671	0.4059161835	-0.4466552914	2.056408313	0.5130860099	1.537431853	0.5209262202	0.884625688	-0.2377016897	0.4491589929	0.5080076079	-0.5819481158	0.0892237312	0.1347788514	-0.2467429647	0.309873474	0.7492531679	-0.0682642336	0.8120112923	-0.8271644264	-0.5714669223	0.6494957186	-1.269739201	-0.1230159047	-0.546526428	-0.7146608688	-0.6262714237	-1.024214561	0.9469203392	0.06806309224	-0.6852609588	-0.2515998307	0.4344142443	-0.3743928783	0.4875075288	-0.3492548197	1.098077788	-1.365923302	0.2142422881	0.4779381687	-0.06858022917	-0.1950716613	-0.2671498393	0.345669013	-0.06182018307	1.060279652	-0.301485007	-0.4426634436	-1.02729836	-0.418360371	-0.9517324327	0.1475532679	-0.1634766194	-0.8372745546	-0.3317844764	0.008027902007	-1.075607652	0.5537117444	0.4920880021	0.2107513901	0.565154644	1.143043437	0.4246578923	1.117672978	0.03416108427	1.153686664	1.136142399	-0.35630809	-0.05356801386	-1.393900718	0.1053068567	1.356790423	0.588419585	0.397065386	2.379459894	-0.6594764347	0.234751498	0.4176110145	2.118574873	-0.8506208326	0.1295876325	0.3681561999	1.907111779	-0.1949079166	0.7909358808	0.04775522022	0.9364194263	-0.3588702641	-0.06454517307	1.567111696	1.05751125	-0.09766797515	-1.02246487	1.066100087	0.07585746681	1.731998905	1.453232223	0.1460434124	0.1346898748	0.571872553	0.2283723153	-0.7053241993	1.080446434	-0.4061173642	-0.2604315926	-0.48020307	0.7593788048	-0.6737599699	0.3143944447	0.2021745183	0.04272291753	0.3585984005	-0.009592761237	-0.3673922697	0.8622803559	-0.1337381868	-0.4741298712	0.606312718	-0.4061700678	0.9041952637	-1.384036943	1.588805821	-0.6968941463	1.296941154	0.6178962846	0.5676159883	-1.261780826	-0.8740740201	-0.8045993404	0.1751849217	-0.6873135214	-0.2953683341	1.022129638	-0.380033647	0.4413060385	0.1880555824	0.2534469549	-0.5478127202	0.8581867492
-0.3248636138	0.1089713321	-0.5802561431	-1.412136294	-0.1570056548	0.16449568	1.010199615	0.3004144945	-0.1909687108	-0.4780286487	0.9775215639	0.5840127302	1.175174944	1.350628073	0.5677935829	0.288344466	-0.8454735875	-1.016348209	0.8372567658	0.4814061352	0.02649515756	0.4716618047	0.5972610558	-0.7021138449	1.110170826	0.4070960189	0.9757362197	-0.8012412028	1.160342751	0.02160250481	0.2704793862	0.01826043246	2.317744782	-0.7140850372	0.1717714689	1.681293695	0.8875814519	-0.3820637691	-0.6958956306	0.6712669455	0.5948403247	-0.7314574775	0.5164390701	-0.4021678843	-0.4129558272	0.2493424002	-0.05255432915	-0.3779183179	-1.023005289	-0.9004738007	0.6523311528	-0.1239077325	-0.1466118672	0.3262669327	-0.7290030265	1.435963028	-0.3042709244	0.6828180261	0.06029642151	0.06814914886	1.156499032	-1.289335057	-0.2494733677	-0.2384061034	-1.338928638	-0.5330621926	0.9347793492	-0.140977052	-0.01457900003	-0.1560446801	-0.4943601666	-1.084399835	0.1609652768	-0.2556172692	-1.362133324	1.081494197	-0.2243597265	-0.6560238958	-0.225483336	0.8042036359	-0.3169252498	-0.6696986801	0.849703419	-1.488503049	-0.9451935354	0.5689354304	0.144847839	1.244017379	-2.463016023	-0.1174210756	-1.19817256	-0.04400025355	1.454160723	1.170245812	0.3471581493	0.5043367401	-1.090541288	0.8293209387	-0.6569917324	-0.1216402875	-1.092063931	-0.1662352864	0.921312001	0.2772571	-1.773556815	0.06036976064	0.7947597212	0.4011636443	-0.6752415228	0.03410967002	1.539193744	0.7560769095	-0.553324349	0.7421521293	1.181851155	1.726732821	2.419066184	-1.148594084	0.2958884119	-1.178723371	0.45106444	-1.315144463	-0.6897334442	0.6507318401	-0.5367318106	0.3918544156	0.2237481572	1.358398957	0.7446623085	-0.9187229907	-0.8835364813	0.01348650831	-0.003515929425	-0.2287199853	0.4639916946	-0.4102559814	1.205505163	0.6504540524	-0.7087573373	-0.8954050156	1.436640351	0.02576164336	-0.1176608251	-0.5294273618	2.07939878	-0.1190951797	0.08034267414	0.04977504406	-0.278513691	-1.574102885	-1.844692832	0.3198723063	-0.4932624129	0.7055216014	-0.8908839941	-0.5037346419	-0.2802467207	-0.09468003176	0.2868192779	1.844913235
-0.8115302157	0.5420877263	-0.7126036266	0.6976044274	-0.5175967511	-0.4067585651	-1.250481435	0.9837005884	-0.4677405818	-1.234663103	0.8545386194	0.1577691931	0.6060877444	-0.72521897	-0.1437091197	-0.475359221	-0.4754135338	-0.1819011731	0.7741552962	0.5970425001	-0.435916316	0.5250523067	0.5604920386	-0.1494522179	-1.154755766	0.2213492145	-0.2982996079	1.959492537	0.154480528	-0.001261155519	-0.4351399617	0.01301849589	-0.4853611204	0.4589300224	-1.084198148	-0.2136511959	0.1635496886	-1.470362704	-0.1242169278	0.372998095	-0.3810116991	0.6172461712	-0.5333227402	0.8278252032	-0.2108106986	0.7840977252	0.6142039233	-0.4174404865	-1.016182557	0.1518826119	-1.429947603	-0.4880807492	2.273871913	-0.6473697573	-0.4038823438	0.645971033	-0.04907113479	0.644949955	-1.282858265	-0.5233107692	0.7139803333	-0.3568602101	-0.2756498035	-0.6359344349	-0.9560366981	1.524175613	0.9738810837	0.03551541248	1.078561819	-0.6616409151	-0.1567820738	-0.3760836241	-0.2211410502	-0.6854569026	-1.522395962	0.6388882933	0.2018557418	-0.9177287832	-0.7000924216	0.1017767761	0.8541093554	0.2140019112	0.7055167019	1.297639378	-0.5641806289	-0.3313106727	1.431986698	0.9001645472	-1.885427568	-0.2143143013	-1.063409655	-0.3037180896	1.13265321	0.9774509479	-0.3307046672	1.169069273	0.3296566064	0.04678293828	-1.188647059	0.7058606359	-0.2931102634	0.7659965963	1.057611213	-2.325651659	-0.3402918908	0.8979003414	0.862073826	-0.6014687032	-0.8750294192	0.5362063397	0.6553381209	0.8998782116	0.06846178864	-0.9660598179	0.8744498861	-0.3831641855	1.481236703	0.1959386232	0.577052779	1.220189823	-0.01504072792	0.769357866	-0.2014711845	-0.4897661677	-0.4790543249	0.01819826516	0.5490615603	0.5381529741	-0.2835496207	-0.4877216642	0.412686775	-0.2693130995	-0.8879750762	0.6459681878	0.9352155631	0.3019805484	0.2692613558	0.1468126636	-0.4214862731	0.4405817659	-0.2846682175	-1.038627841	0.2168574984	1.947657236	0.4820371424	-0.6869162394	0.5930925194	-0.4209180618	-0.08882327113	0.5157248629	-1.421535599	-0.6623579204	-1.216282391	2.187710813	0.1113670931	-0.752413555	-0.5159872304	-0.6660754258	1.104862082	1.111813723
1.597289508	1.049141475	0.1571505198	-0.5946273577	1.32277298	0.3954290905	1.088675221	-0.1678310112	-0.6461949853	-0.8769393952	0.8563349477	0.2915773996	0.8691936831	-1.204411555	-0.4816566448	0.2861335645	-0.4381330421	0.2946725768	0.5537623435	0.6353669006	0.4548630414	1.141335881	1.178417009	0.09722667093	0.8146348923	0.03914197466	0.583864891	0.3367222165	-0.6192368844	-0.5462187296	0.3618056124	-0.5250237702	-0.6316340125	0.6611109555	-1.173706415	-0.1956065356	-1.183669994	2.149936752	-0.145013767	0.2871055289	-0.2011287746	-0.4402231181	-0.5349864941	-0.3723127931	0.1278217998	-0.4113869689	0.5765142498	-0.5071732349	-0.972473532	-0.1943985936	-0.4158639899	-0.3847454081	-0.08813473325	-1.205437272	0.3406944868	0.03860468956	0.1381067485	0.6442946918	-1.65422509	-0.3879075028	0.07409247413	-0.09266448246	-0.2444740207	-0.6820713551	-0.2638098671	-0.5696048946	0.9626461336	-0.4605309524	-1.572587722	-0.6620512786	0.02108371722	-1.274953662	-0.2793283887	-0.6469002015	-0.4439966852	1.349983308	-0.06384525058	-0.4116701645	0.8593554289	-0.5734058263	0.1427353068	1.168559666	-0.4200773764	-1.167968377	0.2313752949	-0.5166951178	1.021596749	1.183853233	-0.05104474772	-0.1672924615	-0.9839838834	-0.7019266254	0.811115523	0.5774157888	-0.7820516063	1.335267407	-1.487182022	-0.2897430205	-1.059438764	1.123255744	-0.5827628286	0.5688143084	0.734461484	1.091353341	0.2655723372	0.1243037901	-0.1197759673	-0.3394983964	0.2168661535	0.1431770206	0.4162470552	-0.9738516501	0.03979017538	-0.9087502497	1.019440704	-0.8885623371	1.381172599	0.8778614622	0.2811435578	1.10115819	-0.5151063039	0.3203156112	-0.537397259	-0.4388276603	-0.7162441747	-0.2300640538	-1.235445105	0.6654921308	-0.4832512436	-0.5259014996	-0.02381511019	0.229363049	1.021637748	-0.1667355573	0.1497363289	0.4393326733	0.4160221187	0.3685399861	-0.6226384838	-1.181758287	-1.0782259	-1.557760217	1.402915097	0.6968895475	0.6439791802	0.1393367238	-0.398323046	-0.9013834475	-0.9342742789	-0.4325727324	0.2657392267	-1.196988708	-1.145382894	1.487945849	-0.06970453049	-0.1222124204	-0.5703219638	-0.7778181393	0.7101820853	-0.2620595687
-0.858702719	0.1182809393	-1.14440465	-1.038214993	-0.1687824617	0.5133167289	-0.07651610252	0.3807703048	-0.4253544039	-0.7007850328	0.9989091732	0.260423349	0.1081306865	0.04502210306	-0.768839651	-1.252519816	-0.3033381806	-0.3066224157	0.5744238456	0.2882328642	0.1983028756	1.083001841	1.49522949	0.4952798334	-0.3524819046	0.05496631693	-2.392396833	-0.3677866728	-0.835756451	0.3511281422	0.6939163145	-0.9481537536	1.043099513	-0.1766942218	-0.8582726075	0.9095138002	0.4629509236	0.205876385	-0.1600803672	0.317445532	0.7028831403	0.3572916634	-0.9094973639	-0.5823966004	-0.08734438495	-0.007955532824	2.582115731	-0.07063706662	-0.3751478054	-0.02333741612	0.2028435356	-0.1075590922	-1.427922633	-1.174823281	0.9111957414	-0.7817792752	0.4837025523	0.8161750025	0.1823845249	0.5114055461	0.003868899982	-0.748371165	-0.4042546836	-0.6794028716	-0.1288645429	-0.3015027796	1.16143185	0.2292009734	-0.5625765571	-0.6008225576	0.5549733783	0.7517797929	0.286540075	-0.5363211875	-0.5323327251	-1.314882324	-0.2168173305	0.274893253	0.3363359626	-0.5698462434	-1.021446779	1.907702111	-0.467280691	-0.3671616859	-0.02464083696	-0.5224210526	0.1616538098	1.138337125	0.1749059349	0.7950999915	-1.026656408	-0.9224986126	0.6337845717	0.4496499937	0.06538097056	1.981947911	-1.539273404	0.5389805565	1.183335225	-0.3274304111	-0.120663533	0.5328253994	1.042381014	0.3699466367	-0.1437068241	1.330337246	0.6993543463	-0.2019443798	2.352364204	1.233184373	0.04553326195	-1.333527769	-0.4522933747	0.6058833336	1.374175161	-0.6312517384	0.03585221951	0.9609281533	-0.06197334338	0.6296032679	-0.2889660451	-0.1471622811	-0.7848394821	-0.2760861131	-0.8226194495	1.250140578	-0.1293722034	0.5979561145	-0.02414408662	-0.799829928	-0.6052978348	-0.8699487483	-0.7419060197	1.170085909	-0.897086735	-0.2867573482	0.8300673942	0.03323332131	-0.5182994107	-1.131094499	-0.8984558811	-1.58543293	0.2227509802	0.2906600806	0.7899248139	1.557696982	-0.05507227598	-0.7900122305	-0.9196397869	-0.5532771167	-0.6246514954	-0.8188211693	-0.8232103299	1.409076101	-0.1709739005	-1.011836687	-0.2399657376	-1.23644723	1.298319309	-0.2452535754
1.46970364	0.102337315	1.618336388	0.3474815416	1.533374183	1.031560603	-1.104333725	0.7181978423	-0.3201457251	-0.3863578691	1.221508398	-0.1810666021	-0.2320689805	-0.4969482917	-0.2607906219	-1.117361344	0.5015964655	-0.869858121	0.2791586984	0.7700091166	-1.388307311	0.3356601401	1.755761774	0.3241234128	1.166947999	0.1458731644	0.1585665807	-0.135464867	-0.4653472596	-0.04229107192	1.090998204	-0.4449979306	-0.8698946483	-0.09162647703	-1.10395116	-0.2202179013	0.7677126671	-0.9238640188	0.3870368021	-0.1184879235	-0.5731461702	-0.1328061375	0.3877082939	-1.580113813	0.3199151968	0.2393967303	-1.012859014	0.3463240737	-0.04597851335	0.8307293184	-0.7591254064	0.5740654883	-0.8258003895	-0.518571347	0.7653081046	-1.334859362	0.1351792148	1.180251562	0.4550026528	0.06459708735	0.5862368829	-0.6612750379	-0.2906620249	-0.6798612342	0.05503156737	0.9231450879	1.26570512	-1.795617645	-0.1039841337	-1.068981479	-0.2351853836	-0.4947679464	0.07835974959	-0.254725138	-0.8369777358	-0.1283982335	0.2841551641	-0.7145982224	0.4541713145	-0.3112945794	0.1380602041	2.001265418	-0.2805181617	-0.468735803	1.187276058	-0.6688725745	1.045586904	0.8778049572	-0.9672405147	0.3436478255	-0.7131941269	-0.7156439778	1.193287014	0.7505605312	0.04452635444	1.774358887	0.002993544214	-0.4391171857	-0.01428339285	1.471186768	0.5108773021	1.094277823	0.507941619	0.4112608191	0.8138519109	1.471482737	-0.0290703708	-1.169968462	0.025747782	1.048875031	0.5065457675	1.301597494	0.717582798	-1.487428196	0.4930906199	-0.7138799107	0.6657915827	1.177489057	0.4881485405	0.2900631882	0.8309816892	0.3573247505	0.2538791923	0.2883562914	-1.152678836	0.9873251473	-0.5835172939	0.6016632986	0.1807730429	0.4456420294	-0.569083932	-0.4789062558	-0.791984097	0.1655699349	-0.05972854962	-0.3415751686	0.7213193087	-0.3422187561	-0.2121748382	1.128650782	-1.132761706	-1.345719224	1.042280672	-0.8121144831	0.2953091198	0.946454587	0.1212086859	-0.05816128873	-1.667783726	0.8615374469	-0.4834225169	-0.3430151874	-0.5594989981	0.9924865736	0.1866280291	0.8911353052	-0.1004435828	-0.2494458141	0.2335440848	-0.9960747616
-0.965546417	0.903932984	-1.150023495	-1.062879034	-0.5531725955	0.6381224864	-0.2259220413	-0.02256723609	-0.4406251497	-0.2456147786	1.2045045	0.03169091088	0.4786889909	0.7061776946	0.1227067563	-0.632884812	0.4471279942	0.8981450303	0.2620157191	0.8122594338	-0.1223007395	0.03228552512	1.675892897	0.6023214699	0.6190748621	0.7590091694	0.5070469946	-0.7540968265	-0.03363546819	-0.7051552694	0.5729857577	-0.268890342	0.4535004241	-0.583867153	-0.7022135642	1.304368212	1.378076465	0.1571200244	-0.4549959171	0.1674739666	0.4606271004	-1.256295266	0.8654864094	-1.120551146	-0.730316868	0.05315763001	-0.9322143881	0.2979047353	0.5847191226	0.382614325	0.9563196658	1.387449027	-0.9268852403	-0.1171769379	0.2850707126	-0.3648995835	0.6513045761	0.7773847458	-0.8650899885	-0.008731081087	0.867190889	-0.9301496393	-0.1589067733	-0.4147726001	-0.5527330167	0.8144315504	0.7965126322	-0.7275395794	-0.271144152	-0.5896298454	0.7303889204	1.726698925	-0.105201184	-0.3530746569	-0.2395589262	-0.3667332996	0.01611110364	1.09441517	0.2975663738	-0.08099780921	-0.08878090359	1.201851217	0.002909412198	-0.7236597408	-0.04391580361	-0.7877051279	-0.2100173227	0.7881819206	0.3812056853	0.3759517043	-1.106505182	-1.450382576	0.6008911163	0.6153206126	-0.6421143662	0.2881483575	-0.4495127298	-0.248692921	0.2396857749	1.149944421	-0.1790268943	0.9509425013	0.147720914	1.358956298	-0.1895393915	1.109731999	-1.297377641	-0.6664211658	1.526718044	0.6312207421	-0.1197519248	0.5755740416	1.267411573	1.957976772	0.3044744564	0.1314316507	1.28295924	-0.2778605777	1.116624376	0.3901711439	0.8854107563	-0.235512846	-1.497033841	0.8834338305	-0.7283499269	0.367224203	-0.2327826378	0.5094594949	0.6047271937	0.8684248674	-0.7701303637	1.612222702	-0.06260685363	-0.3428691542	-0.03588976519	-0.3740078296	2.084935928	-0.5273120451	-0.01575307105	-0.211978634	-0.9956009542	-1.521402041	-0.5285652265	1.632972771	0.7790448956	0.5108246861	-0.1812723756	0.5256772622	-2.007494619	-0.5620893771	-1.79971687	0.7650133202	-0.08470127859	0.1551504484	0.9876920102	-0.113753955	-0.01128683475	0.1023821872	-0.06327945437	-0.5641436808
-0.8973111112	0.4394712586	1.194830628	1.742634719	-1.184407581	0.1739714879	-0.7731855523	0.1578644437	-0.245761825	-0.4294958939	1.164625769	-0.01121089834	-0.3410998201	-0.5176807245	-0.1285843202	-1.238308067	0.3637514277	-1.40668022	-0.4952170573	1.052869835	0.08471789891	0.1539999435	0.9539412624	0.2148247108	0.0431019967	0.7118694237	-0.7261634174	0.1298897188	-0.07965711301	1.872609505	0.8866318456	-0.441903656	-0.1723055741	-0.1535037674	-0.4946199485	-1.068495161	1.074515305	-0.3738975078	-0.1186837179	0.7954790153	-0.9967636487	-0.5740760553	-1.185061258	1.325733983	-0.06842622352	0.4047056476	-0.360570405	0.6124523021	-0.1914870431	-0.1433089817	0.8213604576	0.9644489811	0.6989480027	-0.1239897081	0.1313296313	-0.1886491722	1.0264423	0.4429906468	-0.2293019421	0.5713880112	0.8718107658	0.3488379498	-0.3203035429	-0.2307312264	1.413148765	-1.036379444	0.8697257085	1.880740218	-0.4493509721	-0.5439628136	0.153916913	-0.6778422311	-0.003970501998	0.08287139437	0.4166107357	-0.3833982968	0.004024987124	0.7985374419	0.3363214714	-1.248790823	-0.7743627586	1.192361832	0.1299562463	-0.7462979096	0.7671109517	0.2661334718	-1.885250018	0.7869008031	-0.4744334505	-0.2700019659	-0.3139678214	-1.631793318	0.2001530524	1.047658206	-1.167008578	-0.0129848185	-0.02631024231	0.4827182311	0.3195038916	0.2090702544	-0.6985964447	0.9777234758	0.5740017341	0.5555382346	-0.9306856137	0.8534970696	-0.4354424821	-1.149732989	-0.08815846254	0.7296737422	-0.6482304219	0.309920795	1.582703155	1.074937386	-1.801365268	-0.2573503156	0.4378391949	1.050470827	0.2369741352	-0.3431658707	0.9939824771	-0.8916728876	-0.5354208193	0.2954261092	-0.8338955976	1.722412869	-0.6673052708	-0.8810128172	0.5447177883	-0.01471051816	-0.1842875429	-0.103836962	0.8584881137	0.2141222709	0.8546701419	-0.167293866	0.3787366103	0.4380264158	1.135819966	0.6595429497	-1.454090149	-1.395981548	-0.7898721831	0.2746698526	-0.5281362893	-0.05746480813	0.552584743	-0.7131178291	-2.285865639	0.04135282535	-1.608740717	1.105863719	-0.7565744849	-0.9382719621	0.5178082263	0.1163487386	0.03844701733	-0.6402097466	-0.2945402923	-0.08804378833
-0.1014227963	-0.2816815746	-0.7610847511	-1.028549634	-0.1046466204	-0.0779332265	0.9331209235	0.5575070624	-0.5622756764	-0.2838073937	0.9387668326	-0.258986889	-0.9380875361	0.9412975007	0.1264686388	-0.4999302474	-0.2224620594	-0.1072324275	-0.6780627109	1.409818594	-0.7488627605	0.1176601595	-0.1755009642	0.2276000296	0.7235605416	0.2160888998	0.6059130271	-1.197707213	-0.2050551085	0.2385670999	0.138915656	-0.6550192714	1.522480013	-0.2946411391	-0.05228001692	-0.719666823	0.02772162318	-1.414761531	-0.2114051906	1.280879397	1.038413259	-0.7332067577	-1.915672101	0.1760561359	0.4872400808	0.946419874	-0.9042531919	0.3786523252	-0.08894744819	-0.990633023	-0.1455758168	0.7028338564	-0.2928501903	-0.1837180389	-0.202054153	0.4584354792	0.8471233196	0.774907345	0.5814685038	0.08290636237	0.2795395467	0.6721081809	-0.06098331541	-0.3688760684	0.11530895	-0.2219282231	1.097906177	-0.5372162019	-0.7550303946	-0.7745875191	0.145417902	-1.180838794	-0.05630622491	0.05130673592	0.0354902961	1.661701236	0.3506329838	0.6138060925	0.6885669342	-1.472843349	1.848458546	0.5374832122	-0.1868058434	-0.2696780738	0.7180548356	-0.9529499948	-0.9536597104	0.66261288	-1.702152752	-0.1982846948	-0.7570417497	-0.4391512405	-0.917921116	1.037610455	-1.566034283	-0.2541516128	0.6140041225	-0.07986443499	-0.3298686887	0.6703245328	0.7031466149	1.494790208	0.8046564856	0.824492948	0.04513739907	-1.339602637	0.1987940865	-0.9777528125	-1.615734477	0.1420533855	0.07273177854	1.383609359	-1.537411192	0.3404501683	-1.627446134	-0.7839567388	2.113523406	0.5172730584	0.6125785493	-0.360714445	0.4701369498	-1.355004084	0.4984846698	-0.003332250283	-1.1863782	1.014552485	-0.4331700078	-0.7867360854	0.6777829176	-0.08974263923	0.1399939859	1.245219662	-0.8285488636	-0.4162117913	1.836289468	0.2440895111	-1.681387773	0.5720846771	0.1976047716	-0.4500073742	-1.444786655	-0.4375055248	-0.8731413165	-1.191405308	-0.2840302661	-0.1180281359	-0.1258646386	0.1467463204	0.1478195799	-0.5116976865	-0.7598244419	-0.1905856424	-0.17028998	0.9626468321	-0.606161283	0.8049217401	0.8046618613	0.8325818954	-0.3720597212	-0.7923265978
0.9534192025	1.338175092	1.131249319	0.3822055435	-1.108639355	1.10877371	-1.134779812	-0.1712980537	-0.1643374401	0.3862081956	0.9290702818	-0.1369024429	0.7541707928	-0.6816329976	0.5942419972	0.969201563	0.01222607035	0.09366982983	-0.5874508501	1.173121261	0.1667034842	1.03545044	-0.9236274098	0.8160252277	-0.4273386989	0.9251040152	0.05957338083	-1.453098321	0.3412227656	-0.7704502465	0.4864411808	0.8170789456	-0.3448924543	0.612255153	0.5248338836	-0.3011634013	0.02327575727	0.3313856396	0.7357327734	1.063433053	-0.671166334	0.5939336118	1.036673552	-2.51571835	-0.1166794803	-0.5920181148	-0.6038196975	-0.3196897562	0.4653319146	-0.4668083618	1.066947888	0.7345916652	0.5632113607	0.2090717484	0.4232476612	-0.3019940777	0.7280107809	1.373368512	1.851659422	0.2977642014	0.3632267899	0.8396124175	0.03211419718	-0.3298857941	-1.412983218	0.6024714338	0.9288319781	-0.8726714634	0.9075667813	-1.036796179	0.2862595809	1.053239314	0.09425158799	0.1501383606	1.007809866	0.4438826926	0.06129221832	-0.9158909859	-0.7904713686	-0.4734745233	0.5650145504	-0.3329705961	-0.1487124236	-0.9109166321	1.112513079	-0.5745432127	-2.39736655	1.013156644	-0.6339947337	-0.5847547388	-0.4188749245	0.7506797893	-0.3949298891	-0.01988442713	-0.2500521323	0.08644638468	1.032495059	-0.6013195085	0.4416929768	0.5744366536	-0.2487479435	1.955021254	0.1228710572	0.8945876146	0.6157451207	-0.01614555089	-0.298810833	-0.4315516138	1.250541036	-1.272852297	0.6335246219	0.9285814345	-1.325210937	0.6153500789	-2.373216977	-0.8568972744	1.392024582	0.3673411669	0.8910964998	-0.1443807541	0.6101036127	0.6760334452	-1.256444337	0.1546360537	-0.9219684696	-0.3512426448	-0.4213070147	0.5920017947	0.7359140833	0.04393927167	-0.2847667164	2.983913896	0.6067275011	0.7485369902	-0.2125974574	-1.172244982	-1.829667244	0.2027456257	0.3137041636	-1.388615553	0.002856669116	-0.2414374048	0.5274550615	-1.731973067	-0.6031636432	-0.04029550337	-0.2059631963	1.844784271	-1.520713161	-0.5874313794	-0.4630577629	-1.186842015	0.06508827759	0.7815085657	0.4416104356	1.065358923	-0.1034246793	0.9533300897	1.438781904	-0.7294295977
-0.5174915303	0.08803050159	-1.002539173	-1.348468913	-0.6266823973	1.775858523	0.7055557202	0.2809122062	-0.135633877	1.419203797	1.131282912	0.4576406986	0.3883563024	1.128887164	0.6711397274	-1.027422778	0.3779595163	-0.007706590868	0.08224621562	0.4161052055	-0.3169301555	1.94494822	-0.5631381892	1.57497373	0.7034036602	0.2251991635	-0.5502803041	-0.6520622405	1.020111604	0.3429493665	0.3511241503	0.8940341955	1.163672223	0.05503332534	1.695040712	1.608104311	0.8128411303	-0.2070226509	-0.1021734384	0.7635375966	1.023928646	-1.081987911	0.5590946489	-1.396066022	-1.028118921	0.1726795799	-0.912807348	-0.3045858104	0.6663148987	0.1868868836	1.91913467	0.5503685253	-1.219136314	-0.257112585	1.132888152	-0.1498734676	0.9171469078	0.850603619	0.2351798735	1.011786157	0.7910181015	-0.1049193209	-0.1289887383	0.7342953048	-0.2176184431	0.4208089853	0.8711987661	0.2993447782	-0.3905340749	-0.7066935665	0.4710152978	3.01226613	0.5967294809	0.3271915968	0.8666891798	0.5012252137	0.02937707099	0.4578931287	-0.1109894594	-0.5525610579	-0.4824188351	-1.291842758	0.5063125562	-0.8536116469	-0.02793531161	1.129148431	-0.4098922588	0.9073877304	0.9833227286	0.1517339617	0.4412624865	0.1984118789	-0.1818782509	0.5110058111	0.08333369238	-0.797055831	-0.8384081609	0.8692882689	0.53026978	-0.5599055774	-1.357487917	0.9585311074	0.766645451	0.02122853693	-0.254226817	-0.02790290508	-2.315721902	0.5073017324	2.829825302	-0.4584714675	-0.01170289184	0.1930466303	-0.908437	1.578343591	-1.791795507	-0.8513015753	1.842081467	0.4053754624	1.193299097	-0.3134056139	0.78305969	-0.3068061655	-0.6470777347	0.2190704715	-0.6080510359	-0.5211837487	-0.8158548773	-0.8315418121	0.4598583274	1.1705388	-1.050743295	0.8558926313	-0.1922074133	0.05229481981	-1.661059391	0.2627212684	1.392898811	0.6336645742	0.8352947933	-2.025501816	2.032594579	-0.1082368852	-0.1605109015	-0.5310787071	0.8275561688	-0.3299681606	-0.765048579	1.162902517	-0.3653100154	-1.245176569	-1.161613932	0.07379148683	0.09954856235	0.429522861	-0.3809569016	0.9976061112	-0.2516011614	0.07596640896	2.277523261	0.6984898421
-1.033697836	1.198260691	0.1376413592	1.505899655	-1.267094861	1.932091529	-0.7287363777	1.068421825	0.05869485083	1.287270114	1.015596587	0.3896012666	0.5665534676	-0.3708464162	0.6330001267	-0.2943893165	1.048791477	0.2790244068	-0.04181779454	0.5104996926	-0.9927075416	1.025262464	-0.3936623506	1.255000565	-1.016381428	-0.01302110816	0.187953992	2.405091793	-0.2959486769	0.05106958196	-0.2077259046	0.6149724658	-0.1901955914	1.017577223	0.689040954	-0.7427959019	1.964008124	-0.4030479734	0.4994683003	0.230463744	-1.25429795	0.745099197	-0.3506222122	1.019866591	0.122875145	-0.4771289592	-0.3823764442	-0.2055926842	0.1894464332	2.385111497	-0.1693843103	-0.2553574253	1.068147269	-1.030141266	0.6233485536	0.08124802309	0.3445299505	0.5204181904	-0.5215645078	0.9863782548	1.094078559	3.333930809	0.08844356132	0.1256333077	0.2816705302	0.4216265316	0.3883012551	-0.5293916331	0.9108666985	-0.5736336039	-0.01773612885	-0.3545611938	0.2302340885	-0.275796057	0.7137745341	0.4610927525	0.4679138451	-0.2666334011	-0.124451037	-0.4477549212	0.3595185989	-1.037986963	0.08513595013	0.4015902431	1.652785227	1.240304006	-0.2349221876	0.7763724256	-0.1327475522	0.239513783	-0.3845810794	-0.1285453584	-0.3470054454	0.1620504754	0.2690055168	0.7676392447	0.4449967283	0.1001332211	-1.724462062	0.8402544	-1.541919477	1.088785149	-0.4477801812	-0.2974468388	0.2506672063	-0.7308713634	-0.6541466107	-0.5575023236	0.7340551743	0.1553251715	0.1662813923	-0.4021976779	0.6702523298	-0.9188210919	-1.635301703	-0.7854368718	1.794415478	1.047246031	-0.3291699051	-0.2830196583	0.6503443866	1.328557644	-0.7536627879	0.5619061894	-0.362137246	-0.1339443309	0.6124814393	0.1293146412	0.8762315126	0.3226486994	-0.9587168104	0.5528498437	-0.6200687298	-0.02522369956	-0.175053887	0.7340165542	-0.1136627259	-0.06592522326	0.8675344286	0.9657410114	1.333967631	-0.1018990241	0.4512271257	0.1403867264	-1.195098523	-1.104877126	-0.1393771672	-0.3184948935	-0.03819206087	-0.2277215595	-0.4331714848	-0.2738837568	0.4836773714	1.454619154	-0.2241249154	0.7062398489	0.04403749905	0.3202636859	1.97143694	0.7361080523
1.144113452	0.8373777256	1.84119644	1.290623546	-1.438991776	1.172422008	-0.8970625178	0.1252671026	-0.1601362317	0.3299616146	0.7209051028	-0.09017568431	0.3240216543	-0.5908115293	0.1498160893	-0.3463505489	0.9375050216	-0.3198752957	-0.3889047277	0.3055199861	0.1813176623	-0.2568787218	-0.4390553404	0.3189482015	-0.6578617028	0.562353925	0.09071629958	0.2452135896	0.03084245589	2.114161985	-0.2907378004	-0.2358169203	-0.4137891582	-0.5045853486	0.251155478	-1.09572608	0.2806543178	0.4834045362	0.02171704754	0.5265519591	-0.8851912779	-0.2570802547	1.133112365	1.579422508	-0.95244895	-0.7927467256	-1.0721979	0.1366189157	-0.477850354	-0.8135558826	1.80036747	-0.4048829744	-0.3693672578	-1.775076505	0.107390611	1.775596222	0.1976759112	0.3370165678	0.6242819509	0.2388883811	0.9253026394	0.8901236945	0.1607086157	-0.3048346249	-2.116936366	-0.2399574943	0.1489577127	0.8613521604	-0.03230856932	-0.5484070888	0.5546692148	-0.4140071343	-0.11867303	0.396628518	0.8043218333	-0.8090823125	0.1920033344	0.1509409953	0.3035734748	-0.6264511793	-0.8899811889	-1.075796667	-0.9751611865	1.026682029	0.3921055072	0.3881957279	1.134838858	0.6384956926	-0.3023819532	-0.2829411625	-0.8418292544	-0.1773874974	-0.6316511183	0.4988302849	0.2643442937	1.379868602	-0.3901506377	-0.4109345794	-0.3834468163	2.563008537	-1.490769393	-0.7557064313	-1.487624417	1.040395751	-1.794065735	-1.702557386	-1.156797338	-0.2872363385	-0.2565870826	-0.466610309	0.1716016072	-0.2921890111	1.227557945	0.2986735753	0.0863450622	0.8141350085	0.8426923492	1.584359563	-0.958236508	-0.8966706299	0.4179850692	-0.5228029748	-0.8411078393	1.704851885	-1.15191167	-0.7362981748	-1.213581953	1.04316739	0.7040018291	-1.134192418	-0.5622889943	-1.480733008	1.060967721	-0.4593826811	-0.20037233	0.5151193396	-0.2523921067	-0.5480416077	-0.8691101124	-0.1775001851	1.291496934	-0.881045833	2.069297691	-2.62027979	-0.5406791226	-0.743601295	-0.3653439234	-2.061453549	-0.2565669039	-1.593606329	-0.6186194333	-0.3651862663	0.4090259985	0.6276022763	0.03370899648	-0.110447084	0.4961979627	-0.8509368389	0.6889258435	0.5995962676
-0.4220549605	-0.3020579516	-0.3745406941	-1.259278188	0.1006295225	-0.4603473974	0.9316945292	0.5170110167	-0.7366383139	-0.5552065222	0.7827155957	-0.3016134356	-0.08498319441	0.8107254736	0.5427864172	0.3562934282	1.103326468	-0.4948066176	-0.3361302076	0.3144629279	-0.9251958289	-1.136994203	-0.606082351	-0.4148921659	0.8133019394	0.8504385718	0.1847734854	-1.92586239	0.194303284	0.691309342	-0.6209608215	-0.4079211676	1.633969161	-0.7053858489	0.3716633285	-0.7414755772	0.1495800852	-2.175397378	-0.213889828	0.8703341328	1.224548023	-0.02118065742	-0.60013955	0.2802961314	-1.486906045	0.3583391977	-0.7958523267	0.07716948691	-0.475948473	-0.6362994511	0.03699751219	0.4181493486	-0.2109769739	-1.084537376	-0.006520689488	0.9580250396	-0.2749895017	0.1269757191	-0.09577579135	0.4805314684	0.5436504218	-0.9671591592	-0.2122193288	-0.4895251525	-1.427373668	-0.7937676213	0.8702608323	-0.2153568681	-1.431116348	0.09638528377	-0.3743140413	0.04866902783	-0.1850059357	0.1849531981	0.4035133693	0.2181812995	0.2710034509	0.9481888809	-0.1282302178	-1.050304002	-0.1616183945	-1.183416374	-1.454796608	0.5915004552	-1.576941934	-0.7545739982	-0.1637247825	-0.0643899363	-1.513112117	0.3923008114	-1.511380387	0.2729159617	-0.6228923964	0.5361061455	0.9076354185	-0.9636919281	-0.8570836013	0.261538386	-0.9058297663	0.03844364771	0.2357332548	-1.173215791	-0.3382307585	-0.576526924	-1.168163592	0.2773686834	1.567128247	-0.3502514788	-2.642213826	0.3792196178	0.4519742633	-0.1115534033	-0.7602668208	0.2751246762	-0.3479996377	-0.2094229232	1.170092803	-1.312449476	-0.4812026476	-0.7710131189	0.2750130728	-1.130297072	1.270710457	1.050613652	-0.9697772114	-0.9168199469	-0.4687589745	-0.3914634488	-0.4708609648	-1.320088158	-0.704432958	-0.8275230005	-0.5689202835	-0.6000136549	0.8901688851	0.4541227099	-1.376877669	0.1371430216	-0.9379037071	-1.239144153	0.5767819137	-0.4223484361	1.553862607	-1.847243293	0.07167209546	-1.872274025	0.2902321828	-0.797225273	0.6944492599	-1.919585329	-0.7698208108	-0.1396720589	0.4633891985	-0.2677033164	0.152980594	0.1842964675	0.9874856476	0.2450335935	-0.4918523571	1.53846586
-1.173862427	1.867505238	-1.146511598	-0.382836613	-0.8502548802	-1.353257494	-0.8900262893	0.1446180913	-0.1961610221	-1.570107336	1.09690429	-0.1131190537	0.7276892994	-0.6263055713	0.352138427	0.1496315517	1.870624445	0.6308769819	-0.02479051902	0.4531075203	-0.1506638459	-1.505676731	-0.3822429477	-0.2100073074	-1.09562143	1.398913237	-0.5192508242	0.03185011801	0.4749910563	-0.5809814686	-0.6692707927	0.4445228305	-0.2672910694	0.618730218	0.3213053757	0.2241977692	0.6849268687	-0.5316083856	0.7501791275	0.3748480391	-0.80755096	2.129199125	-0.6079201695	-0.07475830098	-0.9171871146	-0.6830737616	0.5774982141	0.4138219562	0.4624960685	-0.8651692272	-0.9189693457	1.030832152	2.490021865	-0.3671179361	-0.202042504	-0.9413284404	-0.006755237192	0.2901123521	-0.1924059158	0.2596219809	0.9184697264	-0.8876133977	-0.121528045	-0.8403051988	0.1184350043	0.8920318092	1.16086336	-0.3845922403	-0.2071714865	0.0179206302	0.3293464362	1.112371235	-0.7949846309	-0.1167503613	0.9414304432	-0.8310113171	0.3963882415	-1.54461162	-0.9094892142	-0.3876319405	0.6378367098	-1.379170338	-1.336012229	2.121068046	-0.6568554582	-0.4414566634	0.4518097916	0.5906552026	-1.140960535	-0.4210773369	-1.007940801	0.6481131669	-0.1588636579	-0.1832265191	-0.004118794476	1.144029839	-0.2184786831	0.6788959437	-1.096898141	1.700356377	-0.1442027494	-0.2973452359	-0.4613083946	-0.7542396737	0.1898233148	0.1814791052	1.622657137	-1.117058876	-0.3380771718	0.5461852869	0.6628090961	-0.6444084097	0.7714670959	-0.2108649937	0.417983319	0.4813257408	0.3640662206	-1.103993994	0.07574055161	1.10729603	0.7967673197	1.878594444	-0.9524360566	-0.2532174148	-0.4695497952	-0.3846235135	0.3399635863	-0.08197684374	-0.6766699837	-0.07376200146	0.158683914	-0.8401697698	-1.457424251	1.463577865	-0.5335318216	0.002878047791	-0.743162735	-0.5698788169	-0.2291118523	-0.04893493707	0.03677113043	0.06135654057	0.05651041197	0.3363239341	-0.2112869039	-1.026058447	0.7087010889	-0.2081010856	0.1526088798	-0.4048825544	-0.150283059	-0.5044249253	0.3260475593	1.525552613	-1.463390306	0.01636393568	0.2339119343	-0.1848816026	0.7173810575	0.8518788922
1.814918083	0.064721716	1.64294848	1.115996136	-0.08256911972	-1.259056749	-0.480748081	1.016129592	-0.3470793028	-1.608933073	1.623607101	0.3502347023	0.3035502378	-0.4680537764	-0.04851938323	-0.7371548985	1.929877207	-1.409260287	-0.193116241	0.9320486926	-0.5698843416	-0.8560201889	-0.4096853694	0.4576781261	-0.3654285323	1.087558981	-0.3003037066	-0.05262351595	0.7951402989	1.761632915	-0.3453439901	0.5659568077	-0.1164026217	0.7403099349	-0.1924620081	-0.5297565272	0.732006706	-0.1001511471	0.136323932	0.6562011218	-0.5610281819	-0.3289445155	1.876679639	-0.6518804935	-0.02910996317	-0.4567398923	-0.4603163925	1.176068508	0.8250583713	0.02376840118	-0.4941597206	1.52970002	-0.2199817823	0.7372732535	-0.0770727342	-0.9906529132	0.1943169172	0.02248751664	2.728224703	0.3721846389	0.7114160089	-0.08231233463	-0.1142112138	-0.5272925818	-0.6719367239	0.5318283255	1.078601177	0.4484755376	0.1012876909	-0.7544801024	0.3687233133	-0.7112108665	-0.4473624973	-0.1392069926	1.040072239	-1.448739647	-1.067806965e-06	-0.5692189622	-0.3437629496	0.1200785656	-0.1440716445	-0.5680157207	-0.491819208	0.6360944862	1.107884908	-0.07853413631	0.5205853076	0.5498393128	0.06034944818	0.5723182846	-0.7434640833	1.056453092	0.5123983199	0.7633796603	0.09179636797	1.001007651	-0.3168414387	-0.4734161935	0.2791382809	0.7237452799	-0.6192593939	0.004063628582	0.08666223125	0.6088381175	0.8400500927	-1.224019597	-0.5865081103	-2.116585005	-0.02717134466	0.5105500631	1.193550408	0.6992467527	1.292858933	0.6628527303	-2.645937263	0.2138842355	-0.4189850123	0.8128118722	-0.003658286451	0.7190008782	0.9611500316	-0.3569660804	-0.7708105082	-0.7322412209	-0.8096465868	-0.4501718144	-1.222940884	0.1180631607	-0.228374881	-0.6618469273	0.6593234141	-1.418878415	0.3009186185	0.5104051462	-1.276261323	-1.360737282	0.6182919399	-1.916061265	-0.6397313513	-0.08442523037	0.2401814582	-0.6331760542	-0.1265278344	-1.156589372	-0.08302825119	-0.1917478312	0.1963211785	0.6104594374	-0.404430568	0.3627905554	0.09867934944	-0.2637719613	-1.637684421	0.9346726228	0.5851897697	0.321877006	-0.8394772709	-1.375206183	0.4142950595	-0.1611982034
-0.5520980557	0.05108058402	-0.5875340119	-0.9351107992	0.008854328028	-0.8901821151	0.9619413227	0.8880085512	-0.4493785277	-0.1097347158	1.166516515	1.038678602	0.2285186711	1.167193124	0.3103734039	1.37644094	0.9560152158	0.7384954842	0.7485234741	0.8463783125	-0.5168478601	-0.5854619967	-0.9349384127	0.1819807832	0.4431631713	0.6909053135	0.6525748111	-0.9286507964	0.7989302762	0.3192519361	-0.7094571033	0.7093602451	1.867975753	0.3853704667	0.3534346526	2.532305033	1.173764704	-1.055414889	0.1191288668	1.078031881	0.7113005417	-0.1479377597	1.033234789	-0.2529350373	0.7556103848	0.7897591597	-0.08697682887	1.247909051	0.4996375359	-1.854371672	-0.02189556765	1.827528964	-0.5456716701	0.5314961811	0.2077398303	0.4139100851	-0.1324283641	0.4837977146	-0.2039018873	0.03489572125	0.5794894099	-0.8542801317	-0.1990318066	-0.7927332753	-1.315577948	-1.210325079	1.048084208	-1.140457682	-0.9974288213	-0.3206800801	0.4860929101	-0.9198202345	-0.3446228268	-0.7914295005	0.1933726656	0.485590305	0.03466003963	0.4968150885	0.2770938925	-0.4913392488	0.3751770291	-1.004918011	-0.5450425403	-0.7400979612	-0.318558757	-0.1356983711	2.248598185	-0.3163266364	-2.096750077	-0.1642857937	-0.6939516742	0.8964106791	0.933435228	0.8390172791	0.1757105971	-1.276008182	0.3526277633	-0.281094747	-1.0819568	0.1318521606	-0.7285541772	-0.1584043688	0.5737556584	0.4962476021	0.6378471709	-0.7833094423	0.4490131987	-1.32179862	-0.9557698334	0.721491887	1.756630144	0.09449270963	-0.4092197128	1.872598066	-0.683883468	0.3950045315	0.7029291479	-1.402176351	0.5374353984	-0.02914550583	0.4851865229	-1.245701326	0.9403904807	-1.540060056	-0.7269122884	-0.4491334983	-0.3001527196	0.02160025151	0.4760242466	-0.2454793106	0.2955754446	-0.1456705301	-0.06455119352	-1.118434337	0.1725356453	-0.3181423714	0.8376574063	-1.158583655	-0.1983424572	0.4697433495	0.9227960703	0.6121661394	-1.116775954	-0.5870731182	1.517840025	-0.8893765619	-0.9462585927	1.391464676	-0.4536038852	0.2188812906	1.522152957	1.042336873	0.32707458	-0.6623666345	0.650392007	1.134322555	-0.9033054941	-0.654812737	1.34492218	0.4036282944
-0.8882409472	1.321880663	-0.7484273632	-0.7226645472	-0.8814602721	-1.176840368	-0.5743816128	0.07366762502	-0.556663516	-0.3788549532	0.5159587803	0.6927658044	0.3303877633	-0.2436000124	-0.396065143	0.2671264616	0.6718525809	0.2118985305	0.5460723598	0.06300430734	0.1021473791	-1.035102353	-1.16951243	0.2312036099	-0.519607881	0.6573454474	-1.234160976	2.561293924	0.1425759676	0.9729933331	-0.5619381756	0.7401998491	-0.4725093338	0.5859192959	-0.1653349623	0.6379953903	-0.2031353331	0.7293518204	0.2021197651	1.347551232	-0.5840029945	2.736268614	1.091973341	1.053921805	0.4527499827	-0.5306291456	1.573821828	1.199714955	-0.1960516241	-1.001989441	-0.9074586073	1.369074274	1.061471092	0.3382886163	-0.3710315771	0.3166146781	0.3483324194	0.4572921122	-0.4779377	-0.1604057566	0.4109204744	-0.5231989976	-0.3257100252	-1.007169289	0.03860766934	1.106439803	-0.3921278821	0.2179382059	-0.97630719	-0.9960928469	0.6482478838	0.7360675186	-0.8790087048	-1.035514966	0.6306352856	-0.3438250292	0.338131435	-1.416902983	-0.06739789341	-0.284062723	0.09567635697	-1.096678604	-0.8427986166	1.134437912	-0.2517857672	0.2519069763	0.9395343409	-1.446729524	-1.67815133	-0.4198523275	-0.1106514143	-0.2795203313	0.6148557463	0.2877686139	0.4869026011	0.2570765951	0.2076300321	0.4465052544	0.4788327626	0.856046323	-0.8152522684	-0.3390989954	-0.5215882168	-0.5370370477	0.5152272299	0.9474669815	1.25599428	-1.874837841	0.4738465906	0.6435222544	1.619899545	0.0769639684	0.02957698777	1.069878115	0.4233104805	1.634834263	-0.4484103593	-0.489083083	0.1436872998	1.703607971	0.6704518947	-0.2661888863	0.5629403843	-1.433284839	-0.4825745161	-0.5875582726	1.010711831	-0.4990654065	0.3385871645	-0.464227916	0.7078386422	-0.6966970566	-0.6606063865	0.3681158314	-0.2195256079	-0.6539990151	0.02305286584	0.02318616918	-0.2288721093	0.3662209417	0.1044699351	-0.6147558165	-1.530573859	0.3554692648	0.06478004594	-0.7485643316	-0.1511769681	-0.3125553328	-0.5993792825	0.7198425259	1.023136329	-0.936444629	-0.7581022875	-0.2336335874	0.8116241266	-0.7381256407	-0.7559441911	-0.7746388215	1.560175331	1.087486544
1.580364381	-0.5267380211	1.210451867	-0.007033767134	1.302268222	-0.8541574512	0.6628172377	0.5458800335	-1.064766302	-0.4419380744	0.2389936941	-0.1731654324	0.6315488741	-1.01203915	0.1334625476	-0.9057632596	0.7078323901	-0.4108733076	0.2890760854	-0.2685158963	-1.108774465	-0.9705203719	-0.7492241985	0.3457571691	2.27191895	1.115314788	0.2585217089	1.049872797	0.6042432579	-0.4655758185	-0.9215443762	0.09782204177	-0.6386652591	-0.07529700805	-0.0580820877	-0.5137182872	-1.328468092	1.271438435	-0.2736650013	1.2806234	-1.04313473	-0.7594082623	0.4338740587	-1.37753096	0.07291995144	-0.4358439513	-0.7436985102	1.142574437	-0.6635342535	1.277977835	-1.156476762	1.222576921	-0.4653813552	0.2333262764	-0.4176364511	0.04475986317	-0.07003791772	0.4087119222	-1.468512209	0.08405729403	0.2685893549	-0.2728688279	-0.3507581951	-1.136742922	0.6796839175	-0.01104353225	-1.115046227	-0.3647755961	-0.9879710421	-1.047451398	-0.2301044407	0.3589812077	-0.4611220942	0.1555195344	0.1973575404	0.2203805002	0.3257062143	-0.02021932442	0.3359416072	-0.218004155	-0.3655934173	-0.4477279973	-0.4729603314	0.8695452165	0.2522972963	0.1498516191	0.6311808489	-1.881160928	-0.4670450279	0.3212278023	-0.8446209908	0.2267784837	0.5445471309	0.5545914993	1.494618148	1.539838683	0.6438651595	0.5950506366	0.7419954646	1.04901976	-0.4643152528	-0.7967541477	-0.03757626663	0.3701309192	0.3739110535	0.7139539259	0.5621160483	-1.227981732	-0.1972161109	1.004741689	2.251858576	0.8164046301	0.07353245142	-0.9683301518	-1.404543526	-0.3884820365	0.02466186437	1.19552048	-0.2487300672	0.4646167788	0.08932064605	0.4222456628	0.2216468999	-0.310976705	-0.7241597533	-1.205925098	-1.130040846	-1.647353767	-0.3330343015	0.08245637539	0.6250636404	-0.671898275	-0.5564354053	-0.4992420631	-1.019313608	-0.005300263651	-0.7855117197	-0.2942704121	-0.03699628188	-0.2603993014	0.1878687941	-1.47523338	0.354568261	-0.514687462	-0.2012242777	-0.7577593312	0.08511496642	-0.6467304111	0.1071076441	0.3189576179	1.575490497	-0.1519223913	-1.584675019	-1.451993327	0.05100813105	-0.6734685962	-0.2512959277	-1.052998735	-0.7405305546	0.4949080593
-0.8895750612	0.7423414519	-0.9783814001	-1.408816091	-0.3720552633	-0.9877686615	-0.1044386489	0.9327276293	-0.5911382752	-0.658093109	0.5281054069	0.128459845	0.5197635212	-0.1894471827	0.735510217	-0.3004796413	1.102573461	1.431853825	0.8008504078	-0.5037526843	-0.5556472779	-1.032409463	0.04744903741	0.8458602957	-0.211834648	1.306542957	-0.2339794277	-1.09351362	0.8060201744	-1.269030199	-1.064131301	0.6775149295	1.196220761	0.276065015	0.4874525811	1.341679324	0.7792440016	0.848022658	0.474134306	0.8286609941	0.8276916408	-0.8269738307	-0.0768954662	-1.244277314	0.9175640215	-0.4022773722	0.08788444704	1.194458159	-0.3813821212	0.5928745776	-1.181374555	1.273015807	-0.5309529799	0.4464086503	-0.1237928419	-0.3910980502	-0.3373370355	0.463441085	-0.2980159728	0.09274164766	0.6187247004	-0.06407979194	-0.1540658105	-1.399242358	-0.3388181041	0.3354903612	0.1448195379	0.04977300396	0.010931617	0.1922503822	0.6013044697	2.760074999	-0.1594242207	-0.4497548087	0.2577459382	-0.5303782705	0.2213714214	0.9808600277	-0.3355056163	0.7660852306	0.625498956	-0.2246662331	-0.3945978545	-0.4160472605	0.07211568113	0.04323307642	-0.6203351982	-1.466880774	1.72123014	1.106112078	-0.7838849698	0.0399313908	1.039291055	-0.03939021697	2.01026096	0.7042651289	0.1724931851	0.3916530241	0.1035627302	0.2078065773	-0.7681427795	-0.4504732788	0.03239914091	1.563592627	1.114681895	0.2343937714	-0.9711024173	-0.5486699422	1.304068042	1.436383552	2.897148048	0.4304212203	-0.4856313273	1.145215369	-0.5363142854	-0.1328481615	0.3649559899	-0.9436953794	-0.8539252008	-0.005638645596	0.5735734849	-0.2457185411	-1.498122958	-0.3175075663	-0.6781411727	-1.099407699	-0.1749210279	-0.04785366817	-0.4577350606	0.09253864363	0.3620325688	1.932806014	-0.7597843831	0.3089623745	-0.4692712178	-0.7394709431	-0.4527976387	-0.7430275389	0.2730539692	-0.6665415064	0.3222338956	-1.911246196	-0.7929898944	1.285081453	0.5385558984	-0.1665405235	-0.2093241523	0.2900090169	-0.2516599117	0.1885228119	0.7961685765	1.485456798	-0.620888573	-1.00000729	1.072402649	0.2653827689	-0.3265065183	-0.4942944442	-0.156637693	-0.1932044909
-0.7733232807	0.11768875	1.006029514	1.482285356	-1.241166135	-0.9875879626	-0.5801181207	-0.07719209111	-0.5385251633	-0.7563756637	1.038496748	0.2923352688	-0.4162114403	-0.6325307609	0.970384708	-0.7096399846	1.887608377	-0.1009419977	0.8702086802	-0.1561358496	0.5342768868	-0.6748628128	0.278833921	0.1894888398	-0.3112057507	1.650808261	0.1144776916	-0.643959154	1.099569634	2.287421004	-0.6403583721	0.6230984184	-0.4778470754	-1.620917276	0.9576983198	-0.3273012206	0.4569062687	-0.07280918794	0.1413315458	1.012955681	-0.6504013416	0.5073321942	-0.4654075472	0.9105506982	0.01023643001	-0.797761754	0.07016569946	2.355350522	-0.2560374585	-0.8110793245	0.5776191659	1.257938674	1.001198651	1.060863502	0.03890588853	-0.4384408598	-0.3523714401	0.3498002531	-0.6682784215	0.8836342316	0.9637834827	1.342204837	-0.1307325738	-1.450795082	1.314600901	-1.090505978	0.4002128493	2.053295511	0.06999489216	1.243060641	0.4679675126	0.3533994086	0.4219596244	-0.2537258319	0.8181041355	-1.110813375	0.20605739	0.8876025509	-0.429292655	0.9147475875	-0.2312998796	0.4202886511	-0.2009480733	-0.2102019649	0.9916838454	1.873920356	-2.582699776	-0.5750346586	0.7239174278	-0.1393888188	-0.04637798588	0.8379846323	1.808165338	0.2119663277	1.876571954	-0.03569935259	0.9494563216	1.274388628	0.0988479114	-0.2049616036	-1.820301831	-0.1672508234	-0.2870481049	0.4203499531	-1.198913354	-0.6537604808	-1.040608438	0.1376110641	0.3486627576	-0.5096683913	2.412266838	-0.1267466634	0.8617686136	0.08224259815	-0.182736318	0.3840599887	0.07720810723	0.6236620651	-1.580354216	-1.219735478	0.8739004126	-0.6942206562	-0.5507016209	1.34094333	-1.055006086	0.3258406657	0.742208497	1.077545317	-0.5080107575	1.402262433	-0.03953929519	0.8741474824	0.3737739174	1.252220786	-1.016463993	-1.106193308	-1.003938613	-0.05736478288	0.6990747734	-0.120323377	0.05153776539	-0.9297672829	-0.01117467205	-0.3629270024	0.2989589688	-0.1520375585	-0.1865411435	-1.300925952	-1.444129308	0.4630042863	-1.49886316	1.527591443	-0.6016582949	-1.479932538	-0.0946221727	0.1991687592	-0.4228313667	0.3925382402	0.4235975634	-0.3591012246
-0.158237275	-0.6755394109	-0.8106929057	-0.740492101	0.5482213848	-0.6476920922	1.007628052	0.237926442	-0.8156220681	-0.620574656	1.213552017	0.8389743435	-0.8060728694	0.8527120363	0.7157735419	1.11053709	2.199268997	0.3916130244	1.108022917	0.2694269003	-0.9698643358	-0.9788648028	0.6551004546	0.1523606726	0.6901285902	1.154429974	0.2076746609	-1.10079961	1.232193231	0.9490127137	-0.1603638884	0.01014455744	0.7829473081	-0.8804784916	1.442442284	-0.7158544142	0.1036492875	-1.753850112	0.5651235026	0.9727608882	2.501442454	-0.01000032235	-1.455981141	0.2688998649	0.09534276968	0.8066745642	-0.6645839098	2.805968717	-0.4549987566	-1.50298035	-1.851491125	1.481434651	-0.04095787309	1.54247403	-0.266860454	0.3658303615	-1.110224006	-0.1662393465	0.3098850484	0.8296763187	0.7801130824	-0.4133379018	-0.03560236632	-0.6808246547	-0.9028698871	-1.367579193	1.115339891	-0.8724987781	-0.7785222866	1.123013966	-0.07986447732	-0.2141996941	0.2454134932	-0.5764669664	0.6626335907	-0.08661854108	0.4991420242	0.9253209934	1.023091441	0.6380401117	0.9333615286	0.4092657423	-0.3482466322	0.1727950138	-0.6522443916	0.9859765098	-0.2331481347	-0.5634744488	-0.6922740613	0.6662375399	-0.5641955568	1.219787138	2.093810208	0.3405472299	1.68141478	-0.65335248	-0.07640973313	0.7383899281	-0.1743142968	0.4373611859	-0.3208597839	0.5890301826	0.3789731461	-1.019548162	-0.4238689145	0.6750416276	1.369630611	0.8913047769	-1.806239751	0.1723879171	1.815370948	-0.3754887858	-0.4297414238	-0.9310084899	-1.196977315	-0.43346192	0.8310777765	-0.456851429	-1.965020663	-0.277649378	1.606044054	-1.420614851	0.6558114883	0.9922482561	-0.8640962525	0.2795670778	0.1402036	-0.6155390909	0.2995631332	-0.08801159913	0.5793643262	-1.613473638	-0.6901403499	-0.0507462124	0.6499973833	-0.4541005591	-0.9983812075	-0.5242043729	-0.5804620756	0.9348332197	-0.1578589364	0.1569276337	0.5988723176	0.4006075388	1.537040053	-0.2068786915	-1.001659594	-0.5537488073	1.271251189	0.5558291555	0.8258069867	1.045087791	0.4146443373	-1.255526622	-0.4905864761	0.3157151402	-0.3507963996	0.5078552849	-0.5697687554	-0.4072083728
-0.9661774859	1.442728487	-0.8621912077	0.001911250769	-0.9943867116	-0.6349894649	-1.265065656	-0.03929556219	-0.3748072194	-1.397567628	1.402525147	0.789516139	0.0969181802	-0.846447062	0.8387708843	1.007243986	2.318802367	0.4122973498	0.9123350891	0.2581082044	-0.01780933995	-0.4961310081	1.531868516	0.01966205811	-0.4475227499	1.378553501	0.2341219594	1.896981199	0.6189777664	0.07622876622	0.1569495836	0.4792524151	-0.1090450382	0.4019010351	0.9898032382	0.4599859787	-0.6940060608	0.178945719	0.7098145932	0.5227940394	-0.2773668271	1.260738067	0.04631823085	0.9431254046	0.3148129753	-0.3927422734	0.4309272724	2.310354328	-0.3936838203	1.057735665	-1.284475752	1.164343416	2.203876456	1.372482175	-0.4824517741	0.06497020108	-0.6357890959	0.3983501895	0.03530591722	0.5869066922	1.185075006	-0.7146876162	0.103375086	-0.5393241464	-0.6174435226	-0.1042224362	1.074744765	-0.4196038899	0.5985535162	0.6647685997	-0.1819926255	0.5930951998	-0.5475753714	-1.456751198	0.8833388116	0.8338776471	0.6297845339	-0.4329186631	-0.8891569797	0.7523328192	0.8382249582	-0.001133622059	-0.6532339094	0.6664333225	-0.8643358051	0.3734401522	0.925030261	-0.7505206873	0.5515392145	-0.04975597701	-0.4636625018	1.181058936	2.078967766	-0.230251989	0.4034054995	0.865227572	-0.1433126714	-0.5016122174	-1.705725649	1.827808389	0.1206600109	1.440945509	0.06472969842	-1.623963402	0.86241238	-0.4209550613	1.610135921	0.7491568456	-0.2936052434	-0.611158979	0.8261654179	-0.05566102337	0.0716591758	-0.7916826971	-0.2021170053	0.2776793012	0.6474702835	-1.026356013	-0.499014747	0.9915334813	0.9315312435	1.977765576	-0.4769903286	0.7333033862	-0.5568270582	-1.258827403	1.356912196	0.01853073918	0.7356383117	0.3782187592	0.7651824965	-0.5697452842	-0.7492781953	1.290206688	0.3125323415	-0.6913349118	0.3315667442	-0.6586169561	0.08400709199	1.324919506	-1.032876594	0.591355105	0.2341860114	2.031531684	0.4113944011	-0.5021703384	-0.07955034014	1.141737458	0.6318182366	-0.3901526806	0.1673167833	0.9844131327	-0.3176308697	-0.347331172	-1.279253943	-0.8554528271	-0.5680548252	0.4150165997	-0.01373089953	-0.9012106234
1.676390708	-0.6391322921	1.326010814	0.2487277527	1.729396649	-0.6134295885	-0.5072423555	0.315529167	-0.792081582	-1.589787274	1.058910077	0.4819899772	-0.0195860696	-0.6076900566	0.4979053593	-0.5555783216	2.232515077	-1.608570221	0.2668449376	0.4196537149	-0.7354654578	0.1056887832	1.458744686	-0.03597766131	2.509839757	0.6821907477	-0.3037429456	1.426499237	0.3835427657	0.7716582183	0.3596582036	0.448419106	-0.225598749	0.3283286354	0.3212669435	-0.04645425972	-1.205585548	0.4068372221	0.06248752324	0.5870536332	-0.810306832	-0.5677312512	2.514857976	0.2266683879	0.8492828168	-0.8405016728	-0.6314305853	2.386409853	-1.110420849	1.418206307	-0.09520443392	0.3940334071	-0.8565666887	0.8909491378	-0.7648768498	0.7912479898	0.05156397841	-0.1441720919	1.24141767	0.2947254942	1.601057938	-0.2353239433	-0.07209420036	-0.2414632467	1.277188245	0.9710701676	0.9783503412	-0.535871356	-1.095085983	-0.0283740419	-0.01380976446	-0.9340717157	-0.3736797876	-0.9815842043	0.7609266054	-0.8012930378	0.1694074726	-0.304929485	-0.05661313533	0.3701281724	-1.154376058	0.5752137659	-0.6503683692	-0.4516666813	0.4134918547	-0.6738570691	0.2850631436	-0.8882773428	1.246933643	0.7135220064	0.06181465617	1.252481887	1.91693712	0.5777896509	-0.2437844668	1.776797575	-0.6047587779	-0.3660319548	-0.8020905987	0.903004659	-0.1370915774	0.3686254472	0.4494252878	0.2574579886	0.624835079	-1.006801886	0.3732208139	0.4156726783	-0.9014736727	-0.7261036292	0.8375907839	1.776712208	0.244522163	-0.8989771424	-1.869780657	-0.2115695935	0.525851848	1.23574631	-0.2902362444	0.3186049229	0.3367795438	0.4984603684	0.9557634415	0.8641530526	-0.6267789228	-1.427219323	-0.4598464258	0.2013776765	-0.1591518951	-0.5101191604	0.6236064824	-0.8011369617	0.07112213395	-0.1518851227	0.01218351539	-1.07378855	1.636942061	-1.733355742	0.2897911003	0.2955865411	-0.8599956781	0.9266173511	0.5132885997	-0.4336045174	-0.4929476989	-0.5396350221	-0.6469865752	1.800677171	-1.230124902	0.04893365751	0.01710489069	0.4219513611	-1.82770575	-1.574389927	-0.6997497518	-0.6502343678	-1.282875039	-1.287931406	-1.339526611	-0.3992190279
-0.2739818906	-0.8115001487	-0.7280207439	-1.353073298	-0.1866089901	-1.163789841	1.030263552	0.4361078885	-0.7755396249	-1.100667903	0.8073282804	0.2181481268	-0.04098739084	1.107368143	0.620973274	0.4156278209	1.930609067	0.1828957891	0.3820791743	0.3721406646	-1.461739197	-0.1554679913	1.031802302	0.0788488497	0.279540091	0.2281636353	1.184682509	-1.19302522	0.4041449817	-1.122994121	-0.08138855358	0.006180271746	1.916885983	-0.6163485487	0.2479935462	1.816804065	1.138656137	-1.178865017	-0.05915361412	0.5179517023	0.718684541	-0.2918662348	0.6173580413	-0.1200787863	0.9931955152	-0.1503052928	0.06665227055	1.860631341	-1.073454722	-1.818580471	-0.2832545319	0.5394326438	-0.2679476014	0.327119115	-0.6804098931	1.506456496	-0.2818925368	-0.09071374928	0.2447045373	0.0664946048	1.442788253	-0.9089219995	-0.1625602745	-1.182307114	-0.4735054673	-0.5362128312	1.366952029	-0.2112905164	0.1909369133	0.8427992151	-0.04635819775	-0.7592776339	-0.6268465392	-1.281418075	0.2031514641	0.6235022527	0.2770478699	0.5321192886	0.2899762427	0.3143095217	0.368614779	0.03712132406	-0.8694679464	-0.796311656	-0.6664856127	-1.04590842	1.261270803	-0.4728305374	-0.8062130714	0.4198449754	-0.37844955	0.7195527553	0.8901741216	0.7804711907	-0.5409142159	0.6771618731	1.018043061	-0.2990611761	-0.01417015141	0.9638015447	0.6946678028	-0.4031387664	0.2575331117	-0.4300984577	0.2539747941	-1.640625287	1.854488435	0.2033646589	-1.645490183	0.6220869061	0.5059131219	1.563899632	-1.39991083	-0.02961680818	1.216729222	-0.1731372521	1.642604928	-0.8121918082	-0.4740201512	-0.176433203	0.08053140709	-1.268440964	0.561232135	0.3912887296	-0.9227220401	-1.179993891	0.623381972	0.5802293291	0.08872755067	-0.09446407477	0.1082893355	-0.7934623579	-0.3772713389	-0.5655873267	0.7223195447	-0.6629215348	1.426318418	-0.2859664772	0.2199118881	0.7027782512	-0.9993344142	0.4505513602	-1.235964301	-0.05475297752	-0.1984985741	-0.9767614611	-0.8493418364	0.1200961941	0.6288117775	-0.3222869097	-0.6482471365	1.491368089	0.1579621234	-1.39906069	-0.261670881	-0.1513738608	-1.706133871	0.02555241701	-1.368274756	-0.3798865337
-0.9745365233	1.202009068	-0.5239781479	0.1539873005	-1.08590698	-1.545966429	-0.9360222514	-1.280362001	-0.7347033324	-1.397888286	0.8301710588	-0.1764272668	0.1815572567	-0.4955858588	0.4446568953	0.4108367577	2.309541553	0.03805176095	0.112627849	0.382592603	0.409741327	-0.5777447694	0.5050892294	0.2816709058	-1.258752379	1.022899563	1.670088074	-0.2923929578	0.2459028011	-0.6793192438	0.4417272664	0.2572441874	-0.3246360956	-0.5089298886	-0.1241736472	-0.1540920914	-1.129838756	0.1270183163	0.4255156783	0.4527741892	-0.7510709367	1.09363575	0.2512378496	1.469813645	-0.211165843	-0.7668072819	1.046244134	1.276389104	-0.1938847293	0.9833632428	-0.1620426003	0.4844776861	1.64688242	0.2078778506	-0.5497495628	0.4321084556	-0.1656189701	0.1256066351	-0.1221834082	0.3934660881	1.296509699	-0.3834886869	-0.05501159515	-1.744554844	0.7761897343	-1.927319018	0.7813454913	0.2577209579	2.281822649	0.6346597925	-0.1170509427	1.180544786	-0.7069897122	-1.238262078	1.041430117	0.2391730241	0.1078408137	-0.1386000591	-0.4202417024	0.2514043454	0.2224160263	0.06126915831	-1.325378535	-0.5583492611	-0.4567397582	-0.138895327	0.5866263357	-0.4452931511	-0.8756192625	-0.4665179926	0.01328219129	0.2465510507	0.3346982838	0.1082375351	-0.3339671325	-0.5667331572	0.08400329878	1.17494794	-2.432505435	1.168496507	-0.4805669805	-0.2474054454	-0.4266783846	-1.371077237	-0.8953593089	-1.462211904	0.9013421907	0.33101437	-0.1283229992	0.4527267809	0.1588003046	0.6952613899	-0.7923161162	-0.5426311229	1.3869314	0.1175748538	1.084110824	-0.1089162956	-0.4425108959	0.2220482716	0.06323752079	1.789261104	0.0423205645	0.2134924598	-0.9265815469	-0.4044474188	1.747241473	0.2756581405	-0.196303098	0.6282713377	-0.3274758559	-1.366199944	0.496092822	0.4018099989	-0.0898364807	-0.7325998345	0.2543837561	0.7133003633	0.3145801725	0.7393307538	-1.19363735	0.2919263857	-0.8912271756	1.021853288	-0.3519762542	-1.554294678	-0.1816386794	-0.5415239957	-0.1486345977	-0.07056599068	-1.220536185	0.6467432506	0.1249314911	0.2073515506	-1.597692307	-0.3717722478	-0.9947273176	-0.997150582	-0.1199719215	-0.4907702548
0.9931539515	-0.7598548185	-0.1086051431	-0.3524642726	1.768121368	-1.15589458	1.577604604	-0.5214076472	-1.498409853	-1.256390642	0.4290244383	-0.003893486362	-0.2012077466	2.820902078	-0.3098289676	0.1858965589	2.487089757	-0.7219327772	0.4674097206	0.13698451	-0.2362651771	-0.5047874228	0.5676943168	0.5116673175	0.5496454299	1.182902558	-0.3853720562	-0.6095777824	0.8156996585	-0.5023341444	0.7289003763	0.3209454125	-1.237392862	-0.3705832693	0.2161745393	-1.026400639	-1.402372021	0.3564477983	-0.6043429784	0.6013326782	-0.09526191381	0.6960316865	-0.6469199679	0.6385895076	-0.4687503946	-0.05084989424	0.03327267606	0.59309027	0.1198363492	0.3277464987	-0.6631321313	1.001490643	-1.002442606	0.5401607264	-0.6323479065	-0.5490034253	-0.2487738702	-0.3024843327	0.06760669972	0.7401838391	0.8803944696	-0.7441106558	-0.262895656	-0.7060374912	0.2527795983	-0.5803403151	0.9846607088	1.636805365	-1.223043367	0.02858660011	-0.2068592567	0.1489906463	-0.2343166741	-0.818840755	1.502018391	0.2912979342	-0.2357847438	0.2802863376	1.096983093	1.076408379	-0.1531842307	0.8548903591	-0.9730562734	-1.74443656	-0.6075908306	-0.3598575796	-0.727388842	-0.6994820016	0.6651591512	0.6439291579	-0.06984703839	0.5579447657	0.4193930305	0.5974567821	0.06088096403	-1.145287463	-0.4579196905	1.332907839	-0.5554902092	-0.02329940895	-0.01762619328	-0.1727828934	0.6968277474	0.3991422412	-0.5555850727	-0.3457548962	0.09319277983	0.6537881243	-2.045479605	0.9341832359	0.7738449554	-2.246002896	-0.01355127422	-0.7429741627	0.1154484419	-1.685296211	0.6015183824	0.2387337119	-0.5671903548	0.3921762176	-0.3186085074	0.7209276714	0.499669803	-0.9350919575	-0.7973750427	-0.2512566286	-0.09097680475	1.145304926	-1.422063092	-0.6244363285	0.9496274129	-1.308889786	-0.1218746224	-0.9330355163	-0.1945299751	-0.2730708261	-0.8384672445	0.7244827168	0.06901037683	0.112539871	-1.434224655	-0.4205243311	0.1166439545	0.5399534949	-0.3438763987	-0.8409666592	-1.189307635	-1.033680526	0.5473635392	-0.4109790245	0.2802738845	0.6298806126	-0.338479455	0.4622897218	-1.618963508	-0.1101517624	-0.8672324873	-2.236361614	-0.4103840623	0.479626957
-1.102745831	0.009455168714	-0.6848606844	0.514404657	-0.7622001373	-0.8626904172	-0.3836048361	-0.029749325	-0.9440508921	-1.42609345	0.1670675469	0.5134396261	-0.3019486349	-0.01481627737	0.3638327463	0.1071235335	1.969948308	0.199977882	1.197413237	-0.1863508417	-0.679802896	-0.5855736478	0.7683664109	-0.08661165478	-1.075568132	1.372281134	-1.292704542	0.3905801537	0.9001567782	-0.5376451332	0.1436507582	0.5221149738	0.06826027986	0.5857496754	-0.01617134142	0.9299374399	-1.086373585	-0.505282015	0.2841900307	0.006992135395	-0.3490884096	2.669552895	-0.7189844212	0.3890754372	-0.06740117681	-0.08020105158	1.047731829	0.3713386588	0.404299006	0.7892744816	-0.9045445835	1.568749812	-0.1377043766	0.4361694144	-0.9664168705	-0.9456105685	-0.7341067112	0.4616848165	-0.9271790044	0.9672635633	0.9030338922	-0.83058578	-0.08564688031	-0.4196458429	0.2439950843	2.467298966	0.960370454	-0.2706451042	-0.8507516265	-0.7304551949	0.07842752578	0.6017023194	-0.3875382504	-0.9978292379	1.837021384	-0.2082283041	0.1137700629	-1.504300041	0.5371106081	1.944897022	1.057749511	0.3420731078	-0.5071737216	1.330151264	-0.2492376481	-0.6267011104	1.81392029	-0.7481798096	-0.2840731704	-0.1610157161	-0.5396893945	-0.1201037065	0.3941970741	0.7369956552	0.5614285466	0.2638780084	1.372560988	-0.3498985928	0.5991774452	1.977180723	0.4362339433	0.985544721	0.7659090346	0.3146816617	0.7098715577	0.01885280723	0.8499126196	1.343963792	-0.8354754718	1.464241425	1.114600354	-1.165935658	-0.04661927597	-0.9009711283	0.2424146376	-0.4968153411	0.2169746558	-1.203266235	0.1362833654	1.575401247	0.1986122732	1.003137643	-0.4170413089	-1.963353689	-0.6027549736	-0.5692467947	-0.2509852277	1.268966522	-0.7440684075	0.4905370354	0.1946370162	0.928798843	-1.237170815	0.7413339568	-0.7366828162	-0.2210616495	-0.9471820908	-0.2075305472	1.318164896	1.068879509	-1.170175282	0.1784076842	-0.5957846999	1.48133764	-0.6121600613	0.101842504	-0.6911673327	-0.653803727	-0.2298356247	-0.6556968166	0.07640201893	-0.3033201987	1.216056889	-0.2188546946	-1.553605391	1.012275457	-0.7490663514	-2.011306094	0.0837546516	0.6752287003
1.637860795	0.8046050406	-0.8363036225	-0.8097806742	1.622350289	-0.3614715494	2.026871587	-0.6062431314	-0.6470867025	-0.7044796726	0.002519151313	0.4490793085	0.1920356776	0.5413025526	0.9833580878	0.6602398097	0.8253561434	-0.9015699889	1.800597887	0.1296884078	-0.464457616	0.7454576184	1.108540666	-0.01015395455	-0.2517298471	1.161019322	1.364216348	0.3363568951	1.332048916	0.02934591645	-0.6787089397	1.108884106	-1.045148255	0.3318320089	0.6624382833	-0.9779068662	-1.427312625	-1.196212289	-0.3267118309	-0.1268739537	-0.8896779192	-0.1971791239	-0.3516968495	0.4069765196	-0.05695437485	-2.50517235	-0.898671479	-0.2156234035	0.6510455378	-0.546720943	-0.03413388275	1.728799082	0.161841464	0.6820776407	-0.698613204	-0.5707176862	0.2009034897	0.2499421676	-0.9336569437	1.193426116	0.8000643863	1.865364404	0.5089125137	0.6382017898	-0.4246586319	-1.459179477	0.6097223941	0.5312779187	0.1281771841	-0.889770224	0.3726375213	-0.522149847	-0.2158600646	-0.9189865095	2.879775739	0.1120669937	-0.481361655	-0.9768883173	0.04502107052	1.995986219	-1.157585843	0.7796786053	-0.2169538409	-1.00234424	-0.8594889893	0.1058298996	0.7035687451	-0.5772086077	-2.638331803	-0.3252716122	-0.3328979514	-0.9730908375	0.4542507879	1.388103347	0.5653231302	0.7214046575	-0.5124088216	-0.4639858277	-1.049051928	1.792259412	-0.5909745505	1.0795674	0.8978482851	0.1478673287	-0.2825760794	0.7171898787	0.2941294845	2.768767793	1.215322099	1.187034497	1.270638032	-2.160424611	1.154836648	0.1945362782	-0.9009558217	0.2347215594	-0.05024560652	0.314202531	0.08874253872	1.419691573	1.00452944	-0.01327298326	0.2237364157	-0.9394173168	0.8552132218	-0.8962756534	-0.9401915122	2.883697148	-0.6706089308	1.542861705	0.9802003175	0.7333742208	1.661214896	-0.2644044863	-0.4095519564	1.551398781	-0.3081871364	-0.7060491019	1.617954341	-0.5432811348	-1.380591693	0.227818906	0.9035166802	0.5302585236	1.039115743	0.125950651	-0.05509761133	-1.005622007	-0.5724488481	0.6169669602	-0.2026160908	1.104121548	0.2520394428	0.02399981729	1.597626655	2.377376223	-0.8455861768	-1.08859388	-1.053334752	-0.6184630284
1.423683672	2.742510229	0.01272158224	0.194011644	-0.743285334	0.278639516	-0.2512723754	-0.6144308354	0.3924253479	-0.3821034244	0.5716530078	2.583939115	-1.043433792	0.3495164964	-1.67239989	-1.545106652	0.008756429069	-1.041910893	2.661172577	0.1305389389	2.351351915	1.435444547	1.813426785	1.255729608	0.1356800275	0.5391693784	0.4064951536	-1.081769496	0.4903114864	0.2289668033	-0.1787597474	2.359816872	-0.0911963851	-2.110437641	0.927539515	0.6541916906	-0.7435625098	2.66573083	-0.1463791917	-0.08091359557	0.514648919	1.200291153	2.160776948	-0.754254156	1.712675825	-1.935932611	0.7597392969	-0.45015848	0.2000232435	-1.181552337	-1.594446589	1.112805103	1.043190509	1.875420834	0.6948453118	-0.6500264154	-0.1605201731	1.536877886	3.423933768	1.969484302	0.8121009721	2.199495943	1.707587898	1.405170636	-0.4330453689	-0.5502838486	0.2277505432	1.511388669	0.8812177125	-0.2039080579	1.528009326	0.6460896995	-0.5056065136	-0.2410311485	2.934406457	-0.9425420832	-1.591559761	-0.3081703479	-1.064410226	2.248212039	0.08367915305	-0.03378194396	-0.5569480126	-2.092790946	-3.768327987	0.1597054484	-1.788806406	0.1149262281	-1.071502834	1.447724414	0.240183483	0.8048920631	0.06531548274	0.7855873292	0.9932489685	0.6898286537	0.7629486084	1.224957486	-1.288440163	-0.4905441912	1.607051701	2.674817864	1.473113942	-3.929295684	1.915791329	1.717201352	-0.1116887668	3.180157284	1.63404511	3.968825153	0.9905737139	-2.980578193	0.2597790323	0.05483374329	-2.843996536	2.13629441	-0.4401404746	0.04235618063	-0.6060936978	-1.339325396	2.339440565	-0.8416078619	3.409819926	-1.986072003	3.88773697	1.471503232	-0.1084599576	2.917849109	-0.112533578	-0.03828786946	5.874027139	-0.215701792	-0.2310623425	1.110285504	-0.3981027522	4.573220362	4.092522962	-0.3641106345	1.146687219	1.862638803	-0.6591506525	-1.122098458	-1.499516981	-0.8492604517	0.1184915556	-1.042466247	1.255816243	3.901680123	0.9913182591	0.440000082	-1.466069758	4.116791428	-0.4042819591	0.6904501878	1.990873863	0.7420047508	0.4761739142	1.399526808	1.024466489	1.166930139
-0.8834289481	-0.05163395095	0.7197172029	1.036658861	0.1284053877	1.720615574	0.04849956059	-1.150818813	0.08912526657	0.4290025984	1.329389123	3.454957029	-2.314971296	-0.07650854834	-1.18180587	-0.1778274447	0.5643849407	0.7342259882	3.071940855	1.165471692	2.312365353	1.422061081	1.202404432	2.341345391	-0.3488946107	-0.05084153485	-0.4307112171	-0.5208157431	-0.199329776	2.494868689	1.007893431	2.565558514	1.077612143	-0.5657750319	0.3616989379	1.30227056	-1.763235765	2.070337791	0.3488637118	-0.3618852933	0.9459379099	1.511891266	3.160829589	-1.269540872	2.346091496	0.7031213938	1.970478403	-0.6916451185	0.5182894064	0.7808216914	0.3926604831	0.5379266992	2.418868185	2.048762166	1.170200883	0.09258587444	-0.1380090867	0.404283287	1.039507115	2.332994627	1.222898425	-1.279169355	0.1647605206	2.041244557	2.756740904	-0.6929841102	-0.1108094757	2.036106242	-0.644401756	0.6300158723	0.3175699351	1.761494381	-0.02472247078	1.972221761	2.44085342	0.5160556167	1.256583557	0.3005152398	1.151760926	2.374066901	1.712579553	-0.8391734064	0.3622754922	-0.7861023859	1.215550045	1.448846598	0.2845738152	0.1719985263	1.44048216	0.4417358612	0.86800312	1.540768219	0.9438236932	0.2874629898	0.6872453985	-0.4037815615	0.4828687216	1.431585269	0.4580497196	-0.2882212967	0.8023856446	2.8682114	0.1277926697	0.2446702085	1.459956607	0.08349344995	-0.05606727613	1.489778466	0.1371909225	1.140200136	-0.809201582	0.5743992807	1.069670711	-1.690165736	0.704838197	0.04674218142	-0.1603058003	-0.8662537425	-0.1692863233	-0.2900127831	3.32681384	-0.322898502	0.7228519168	-1.783244981	1.180399852	0.8030730232	0.2659935341	-1.532621197	0.3376115768	-0.5141738038	1.746095504	-0.8066586379	0.7926405055	2.054023857	-0.6331065203	1.322023533	0.3203741345	-0.6428625718	-0.345290122	1.307735389	0.2486636057	0.4016479468	-0.4657025279	-0.7712741965	-1.106843646	-0.6571439821	1.254821307	2.026949736	2.186154889	0.2020182469	-0.427376894	1.639484885	1.595092797	0.5843174945	-0.600935131	-0.2611965139	-0.6684301693	0.3807924311	2.777095741	1.511712568
-0.4520075081	-1.539799643	-0.4243422424	-0.6392067633	0.7062942645	2.606941644	1.89251688	-1.027804059	-0.2638359416	1.908330456	1.083881524	1.815136375	-1.207180413	1.198036833	0.7955970123	1.183968152	0.3330500994	0.03844270558	2.480184112	1.081550846	-0.726482097	1.329544486	0.7027705816	1.912045369	1.35891213	-0.6193702369	0.9521218569	1.644387996	0.320470715	1.898446766	0.2655791311	1.238030771	2.465223346	-1.234976097	1.284672584	-0.9777594711	1.293116648	-1.909907884	-0.5757658792	-0.3114653359	1.699271601	-0.8904534924	0.3031486076	-0.2972791512	0.08321640714	0.6670070693	0.1963014914	-0.8697875526	0.3732002897	-0.1551381169	1.848353958	0.2157160126	-0.5132819192	2.12034401	0.7796775931	1.204208501	-0.08990028703	-0.1431817244	1.216439431	1.355131203	0.1498278459	-0.7691308157	0.4051517293	2.37496936	-0.06569056343	-0.02909602227	-0.1354216633	-0.3556105799	-0.2074353982	0.5754656576	-0.4212947326	-0.6353118384	0.1368518103	2.570642474	2.110818632	0.6364254269	0.8580254674	0.007859554562	1.462731204	1.924656879	0.1688671717	-0.5124483953	1.497256062	-1.318163284	1.471038263	1.875215374	0.9472990923	0.04045480504	-1.401062826	-0.2203336168	0.3799514394	1.715451106	0.9943876341	-0.1008532274	0.3202996735	-1.273162562	0.9997261289	0.7512214223	0.9164240459	-1.581910113	0.35389382	1.877411042	-0.1935611798	0.3119362823	-0.2356084376	-0.6752310225	1.575954423	0.7963617951	-0.5266789281	-0.0297438282	-1.259581424	0.3263711808	0.2051336548	0.4601254104	1.512613279	-0.09407631268	0.1007272079	-0.1401911204	0.53788926	-0.001011196633	2.87504938	-0.6518348536	0.1706371278	-0.2482827263	0.5252078911	-0.8986601776	0.694516183	-0.0761835652	1.534519271	-1.346353615	-1.101713982	-0.08402810234	1.715879793	-0.3222579279	0.5661816183	0.2746912892	-0.1086983001	-0.1390259234	-0.2511623991	-0.5015323149	-0.5230398267	1.205010434	0.589003969	-0.5732109562	-0.4947616773	-0.9670643547	-0.714901587	0.6529806785	1.635090794	0.5694697349	-0.9089601483	0.5227406538	0.8505616352	0.2678750222	-0.8283350525	-0.3545432068	-1.133632125	0.685230829	1.841286467	1.077311171
-1.101894968	-0.6616077251	0.1812755574	1.637247172	-0.626869217	2.229172595	-0.7566160915	-0.3184570187	-0.1231924807	1.068977406	0.709150605	1.48363433	-0.3322249504	-0.6707227942	-0.1682422808	0.7140554975	0.2434662718	0.5818266347	1.185927203	1.116057085	-0.7390303815	0.2508250511	0.5235062364	0.4511961381	-1.196791751	-1.096954889	0.2255438073	3.163630756	-0.3165123251	-1.161278988	-0.2457153091	0.3104765921	-0.445061691	0.09266713741	-0.05319173053	-0.8122625751	0.01426600479	-0.9948282188	0.3801122342	-0.9077044557	-0.3109130601	0.02130233864	-0.6628132296	1.523358993	0.5712076127	0.9184884453	-0.2681391589	-1.598852826	-0.4140089983	1.16095607	-0.9268892717	-1.028181507	0.1453243433	1.038515109	0.09828335387	2.39106332	-0.8249012405	-0.571926562	0.1994974173	0.2770320916	-0.6236361839	0.1206269629	0.127339275	1.821213362	0.3341079186	-0.6196757046	-0.2307565648	-0.6766287794	2.245833096	0.04381537794	-1.123447949	-0.5523501803	-0.5800778239	0.7175855459	1.368313182	0.2616650071	0.6681711754	0.6118352288	1.18279099	1.858053496	0.8785673038	-0.2139415049	1.240081074	-0.1178218649	-0.531290774	0.06281457418	1.442072625	-0.2289282355	-0.740775986	-1.004664555	0.9362975601	1.159828962	0.3081848656	0.5849081511	-0.656277815	0.07475528809	1.561887916	-0.7702927011	-1.066168561	-1.558916733	-0.1653555291	1.107313379	0.389283852	-1.573478193	-0.1442964626	-1.42476821	-0.1600074681	-1.125222211	0.4436035532	1.060947241	-1.27933515	1.091466919	0.5672706114	-1.156955415	0.4980249195	-1.098597152	-0.8631263566	0.9777825743	0.7509617884	1.411520664	0.6856565727	0.5759290079	-0.2567203936	-1.013815157	0.6625589191	-0.2974725048	1.125632487	0.2032753673	0.5156411573	0.7435330673	0.3708209835	1.013637645	0.7349416584	-0.6634479951	0.479016908	1.293746251	0.7169775942	-1.07412265	0.7930206135	2.824463352	-1.103084452	0.6750169674	-0.3862314348	2.032608538	-0.7499138034	-2.55894992	0.3719845371	0.5489908385	1.267870495	1.245915425	-0.1727602142	-0.9194801214	-0.05646398401	-0.8588733471	-0.8442152359	-1.2085805	0.4895833522	1.070349765	0.1666786672	0.3221829854
0.9818807208	0.06903977756	-0.7473744463	-0.1561023252	2.035205144	1.496780462	0.9836702406	-0.860706625	-0.7226260849	0.1166574751	0.2757609557	0.8495414076	-0.2901337772	0.1354197015	-0.06533116922	1.592338431	-0.4392591549	-0.1518391823	0.1211290157	1.358299034	0.1404370261	-0.8679920572	-0.1186776335	-0.4726043898	-0.3349613591	-0.7209200657	0.3247821084	1.076447181	-0.3094609821	-1.400103593	-0.3710276411	-0.3358159734	-0.6088845257	-0.01784124604	-0.2533586303	-1.125989629	-1.065042504	-0.5116530373	0.4405548482	-0.8329580371	-0.2002357754	0.1086457896	-0.4926500521	1.729669589	0.9842480152	-0.0001497150429	-0.9569741329	-2.102748968	-0.9500480862	-0.8301148074	-0.476318404	-0.5875451903	0.119327858	-0.1721740294	-0.435397738	2.452404769	-0.6574740198	-0.647658466	-0.416774409	0.2763814614	-1.376917075	-0.2528220283	0.0986510432	1.147006025	-0.2187332587	-1.38401247	-0.6242638057	0.9608619269	2.251937858	-0.696609304	-0.874520932	-0.4628656051	-0.6120610822	-0.6489727542	1.998773997	0.06245249821	0.6118480274	1.083613661	1.463665244	1.47417249	-0.2965901449	0.182343457	-0.3119503024	-0.9617379596	-0.04072088015	-0.4801442251	0.563486682	-0.7985827081	0.2171127079	-0.1228596022	0.7832002929	0.3377985268	-0.2729582792	0.6317975791	-0.6925501917	0.3064908264	-1.670797014	-1.213949199	0.9513044855	0.07309595446	-0.7377302696	-0.4939893905	0.8162077136	0.480232211	0.08293773279	-0.3052300301	0.5379427525	-2.274306068	0.06085099747	0.7458388205	-1.18364468	0.3118254184	0.5713888539	0.2603594518	1.443448359	-0.1981989044	-1.245652546	-0.4430893564	0.1414270093	1.04781377	-0.5628999527	-0.4374475055	0.06191600981	-0.78087074	-0.02788809763	-0.2977525089	-0.9613609565	-0.5508073583	-0.6659256305	-0.1848086168	0.4007290924	1.735355692	0.5251489573	-1.13185671	1.011028059	0.7848666204	0.4756835549	0.3693868234	-0.2239185286	0.5964026156	-1.138455861	-0.2248995478	-0.7446969321	0.2398849777	-0.5843010411	-0.28698604	0.03922539779	-0.9478508732	0.7239914067	0.572912497	1.575358097	0.1250067454	0.3006702797	-1.672850741	0.2851666942	-0.5930936314	0.9904535193	1.313476515	-0.9598279036	-1.828447983
-1.182384908	-0.6284159344	-1.137826841	1.242265426	-0.4740820461	0.6938051239	-1.389028304	-0.1653277293	-0.8322489348	-0.6746295392	-0.03263141528	-0.5138618364	-0.2407261749	-0.6423113559	-0.3988552124	0.1318052374	-1.08031663	-0.4563399824	-0.4538008602	1.273412029	-0.626098935	-1.402603755	-1.246182682	-0.7815705018	-1.352502125	-0.08643856812	-0.04874196008	0.5575331099	-0.4028995843	-1.137604654	-1.099972012	-0.4293117872	0.1835530733	0.2109477747	-0.4569490375	0.2448820678	-0.7270887472	-1.042413095	0.3826792053	-1.042609017	-0.4319354625	1.318065766	-0.6365710856	0.6082711953	0.6528997198	-0.1868568069	0.8731611004	-1.583899904	-0.2321409411	1.626180624	-0.9143104923	0.0478325499	1.619676477	-0.7289363197	0.08030190337	0.7015617978	-0.2499597688	-0.9388986304	-0.7389007936	1.163322291	-1.490838339	-0.2091564021	0.2281837718	-0.04974911823	-0.7261439358	0.3679352927	-1.002438575	0.5780679895	3.238907477	-0.7083479044	-0.6963464246	-0.3978699803	-0.1530007744	-0.2558779262	0.8069800037	0.6504764779	0.4651884311	-0.65269768	-0.553253851	1.199172582	-0.05608886904	0.3283191839	-0.4173884586	2.033771546	-0.08112738844	-0.6328067603	0.1002549216	-0.2338876842	-0.5781101057	-0.1955458479	0.3607362703	0.7999986884	-1.452379834	0.7668820538	-0.9509494425	0.5191606115	1.006078661	-0.7465156629	-0.7605467177	1.596426392	-0.05150447639	-0.1452793987	0.7854192854	-1.674847274	0.8745671302	0.4916852253	0.9464663639	-1.767334649	-0.2408799195	-0.4204451546	-0.9286984416	0.9746850933	-1.1602759	0.091551219	1.457949898	0.6598428766	-0.1902981056	0.5436362934	-0.5076052278	1.202192168	-1.18992218	0.9451249092	-0.1178097789	-1.175578545	0.4879445305	-0.7229307051	0.2185962864	-0.6248401674	-0.9478628051	-0.136465218	-0.5305332232	0.7039643578	-0.3260761375	0.5784368274	0.5179681186	0.7366203002	-0.2234302523	1.272480628	1.004234053	0.5777221806	0.009535836833	0.1891887232	0.5289738064	0.5044799859	-1.646937433	-0.3411686716	0.1062588779	0.09278908042	0.3636066652	0.7065174789	0.625211011	1.08341552	-0.4564996782	-1.139234436	-0.1643122495	-0.5566222031	0.4684518452	0.2291095283	-0.29778754	-0.4018472119
1.310873425	0.08493804768	-0.2395132409	-0.1672175163	1.581764874	1.014781144	1.282524286	-0.5491720052	-1.081351575	-0.2355144102	-0.3370998553	-0.04488708101	0.7205292683	-0.4543933733	-0.3168632624	0.3034057405	-0.9956048099	0.20882947	-0.208488139	1.735377431	0.4364560135	-1.752998692	-1.689040324	-0.5220864504	0.08039012646	0.4364059517	0.518224709	-0.3059566677	0.1105833127	-1.305104734	-1.272757459	-0.3817415867	-0.8347696158	-0.5369641951	-0.02178373523	-0.5121317194	-1.966161937	0.8812481093	0.5205817261	-0.9442223274	-0.2816000321	-0.6492500946	-0.9469950144	0.1164802484	-0.5175733156	-0.5139685847	-0.6889450392	-1.474135005	0.7828213954	0.007565335323	0.3360587616	0.7630867214	-0.3087432045	-0.3395431045	0.4302091562	-0.9955347412	0.1098562978	-0.6742591507	-1.080237391	0.188123029	-1.221609453	-0.2149968445	0.1688679723	0.4942996639	-0.3406719425	-0.02551276967	-0.8375625259	-0.1859483208	-0.6136503308	-0.6371589286	0.2764938721	-0.195330698	0.4515903384	-0.1438317684	0.5026340882	0.7200354101	0.1819029539	-0.06747721088	1.299001448	1.141418077	-0.7939576814	-0.439546785	0.1284986811	0.4930294824	0.448836594	-1.356902012	0.759629286	0.1208734288	1.098455498	-0.3734596503	0.8118269917	0.4628429431	-1.459610512	0.1059695459	-1.553156273	1.280841483	-0.2352586371	-0.407510592	-0.3634323354	0.8719600038	-0.7180801609	-0.3492902327	0.7444037903	1.890333763	-0.1803899854	-0.2307757201	0.8699662914	-1.54009808	-0.5875558731	-1.826925694	-0.526521579	-1.915045259	0.270683333	-0.9891316986	1.889030496	-0.6047853668	0.5294334441	-0.0373706755	-0.08272696007	0.3182403806	-1.357147334	-0.06910771879	-0.3878201366	-0.3520735342	-0.1226369455	-1.075829891	-1.298769929	0.04836517177	-1.238083095	-0.2993170219	-0.6028708332	0.6893967767	1.304963731	-0.9659605176	0.2149713547	0.7509854998	-0.07105768814	1.642725907	0.3404986846	-0.2897708996	0.364893251	-0.3395545263	1.408540563	-0.4666729773	-0.272265114	-0.4739645189	-0.309722913	1.017832466	0.9087957026	-0.6146545528	0.6389725488	0.3775762608	-0.04779786965	-1.218533945	-0.7961231818	-0.384556317	0.8105343558	0.2551052805	-0.1786007462	-1.351437288
-0.4507104233	-0.7877319545	-1.064306484	-1.517545695	-0.04992874551	0.01003116442	-0.06706540914	-0.3383892854	-0.9332810486	-0.08172521393	-0.1853177694	0.2306377008	0.1993250473	0.1193987743	-0.3115356137	-1.257226074	-0.430897272	-0.3759608146	-0.3207263031	1.32277083	0.5338051385	-1.861383538	-0.8563961828	-0.4448952142	0.09628802841	-0.06654682913	-1.393044896	0.1210653516	0.1867870169	-0.7196068453	-1.460189044	-1.568797851	0.866316017	-0.7285160338	0.2750942207	1.778868534	1.292598335	0.05829828137	0.5211620478	-1.503964846	1.211401123	-1.248596215	-0.6241107654	0.1658057039	-0.2091016837	0.2880942811	0.002076149368	-1.624897052	0.9637186916	0.04206017987	0.5045193448	1.279228844	-0.5961182685	-0.3485736878	0.5956444932	-0.3187085523	0.3283996574	-0.6301758822	0.427636428	-0.8690649078	-1.120955072	0.1171517767	0.0004540326321	0.4272589439	-0.2681288289	0.8070032958	-0.9014584386	0.4730894707	0.009320022021	0.07040537512	0.02466676328	2.578370042	0.8622198063	-0.2741489429	0.09599662534	0.8658370905	-0.2738545057	-0.0622049557	0.2827814898	0.1915615105	-0.1614470904	-0.4177101866	0.4397336185	-0.7520349638	0.03991629969	-1.981604356	-0.9166563391	0.5171207579	1.361699066	0.07212212361	0.9554692638	1.188318128	-0.8137493656	0.3244874944	-0.5901303315	-0.2741147614	-0.1147511338	0.8743446429	-0.0419922767	-0.8407810365	-0.01052695295	-0.8772015392	0.7511147582	0.5110212264	-0.4930883468	-1.670259044	-1.288887164	-2.59728018	0.89879554	0.2930345236	-1.667682105	-0.9976747416	-0.9181674632	0.349278205	1.431667025	-0.7223759027	0.2037297526	-1.676223851	-0.08391760186	-0.3445383624	-1.367435736	-0.5545841041	-0.4753676243	-0.5027800604	0.2923736616	0.2835130241	0.5034395552	0.7119670615	-0.3483873314	-0.5478145012	-1.398778102	0.8917141313	0.2644344018	-0.6298554765	0.2959724462	0.6785262209	2.226320211	0.2667452486	0.6365282681	-0.1985191966	0.4134993497	0.3263499303	-0.5071233276	-0.07722558627	-0.6182985843	-1.481408893	1.033729076	0.64728256	0.4526451187	-0.9377282905	0.3584120864	0.9448783471	-0.1398111198	-1.475804872	-0.03607407344	-0.7092407208	0.04465654179	-0.5905098862	0.1109242444	-0.6448090939
1.205199545	-0.3891135835	1.553843863	1.270350736	-1.123776001	-1.301557123	-0.6551254416	-0.6898264819	-0.5893998327	-0.2508755954	-0.1470996736	0.009619339486	-0.8785487681	-0.6581933673	0.03774309706	-0.6345608325	0.3194867842	0.1106956095	-0.8019454036	1.306505027	1.167156757	-2.340920996	-0.291909561	-0.8562952379	-0.8288277274	-0.5737444857	0.3276239702	0.08517508797	-0.2685421484	1.320814685	-0.750678307	-1.175368116	-0.85601537	-0.07965355864	-0.5792811827	-0.6579177981	0.3311082146	-0.5306211706	0.3863504123	-2.273931798	-0.3477785281	-0.2131355353	0.4510607201	-0.5807093357	0.7368966993	0.3257587412	-1.136495389	-1.544001159	0.9915743783	-0.7092373107	-0.3767024508	1.051526147	0.002064193586	-0.2210156119	0.07300777572	0.7102912703	-0.2969298917	-0.2634094861	0.2875150152	-1.357344985	-1.293859089	1.33205878	0.04651596076	0.05573485843	-0.3547708377	0.6193304236	-0.8357646953	1.118918561	0.1991040003	-0.4301941987	-0.4447493403	-0.7702387023	0.5555761242	-0.4363775779	-1.05869594	-1.267984617	-0.2760069657	0.5349317404	-0.4438308281	-1.142750951	0.009346379714	0.008849881774	0.9116327998	0.02472298126	0.8323743955	-1.423074875	-1.973544626	0.1884470359	0.8349315367	-0.2245395837	0.9239323271	1.433146911	-1.21061769	0.4753119725	-0.8146663863	-1.771742671	2.056137506	0.334815683	0.5506711685	0.2204075683	0.4323633669	-1.170988719	0.330592969	0.1816715188	-0.5180754374	-1.128065708	-0.7711742691	-2.320283262	-0.3803269038	0.9171726577	-3.031202822	0.2778892442	0.08300647869	-0.4449093564	0.9430961618	-1.61232205	0.2073678668	0.7994953748	-0.9224184394	0.3839136207	-1.124603564	0.4063825352	0.8171837343	-0.159916778	-0.2250381857	0.7468863978	0.6598517144	0.2113689472	0.3435265768	-0.28313302	-1.338848861	1.253245802	-0.4965917618	0.2378101652	1.049949538	-0.2970692306	0.04893849266	0.8309946374	1.655501574	2.756536255	-0.271085906	0.6004872115	0.2819382548	-1.002293284	-0.9835281557	-0.1188074773	1.498049648	0.1545103733	-0.508192456	0.05030271639	0.7927334826	0.4917202269	0.320830564	-1.604189175	-0.4814941968	-1.283325855	0.5026980129	-0.9622106255	-0.2757104321	1.009481398
-0.151868647	-0.9611857394	-0.3500479547	-0.6030192865	0.08208140792	-1.20405278	0.9292123406	-1.814497881	-0.5356843784	0.9226220536	-0.9573554622	1.020806822	-0.6906557171	0.8427725851	-0.03187113395	2.334545711	0.3884740357	0.7743144956	-0.4388256486	0.7913851038	2.170307414	-2.09892263	-0.02296027897	-0.3994101774	0.79240777	-0.9463644736	0.4153234899	-0.8840251254	0.1142844263	1.176684588	-0.2977682082	0.4845565724	0.7277964711	-0.7805759994	-0.4351288399	-0.6527707597	-0.5908475646	0.1711008706	-0.2925534913	-1.882126238	2.165548153	-0.2514612303	0.5925744572	-0.3631229054	0.3811583577	-0.01387983575	-0.5749194997	-1.170259868	0.5264692841	-1.122523441	0.03879862707	1.666473373	0.2093044254	0.3173133659	-0.2933806458	0.6047471092	0.004402402546	0.04578919539	0.2755990278	-1.853966	-2.033315417	-0.9848460654	0.09202054862	0.2896049349	-0.9227326358	0.03120159988	-0.02504022501	-1.714561317	-0.386349579	-0.67697802	-0.5499834134	-0.5438285174	0.9451056007	-0.2856580468	-0.8833862668	-0.6786622241	-0.07147567742	1.331600491	0.3386479813	-1.669482516	0.9191545914	0.253272078	0.978097054	-0.9816931267	-0.4437484832	-0.644796589	-0.5147348895	-0.4126970616	-1.107103389	-0.186749172	1.222035145	1.270335946	-1.651486455	0.2555236512	-0.8773997743	-1.91673103	-0.5071407492	-0.1885816165	-0.6167713059	0.3402248184	0.514922313	-1.308660664	0.2266963346	-0.6384507088	-0.8390881961	-0.004377518453	1.066124111	-1.522181393	-0.5448030103	0.6065399834	-1.921865393	-0.3926424044	-0.1962462471	-0.1769322541	2.10290165	-0.2014961255	0.2114446424	-0.2976642074	-0.2511558575	1.467754536	-0.981808539	-1.339782386	2.024204166	0.5915233887	-0.1712962713	0.3893666857	0.3253710649	-0.5085848182	0.8845443739	-0.8526217227	-1.375030033	-0.5144180156	0.10133434	-0.00378228694	0.8214719088	-0.7299255969	-1.694476131	-0.1708070408	-0.07932652303	1.295777597	-0.4498448068	1.095566628	-1.335606028	-1.19006341	1.158012282	1.361313536	0.8097137557	0.1300771002	-0.4883303698	0.3795518814	1.449201672	-0.06896444435	1.196501919	-0.4972182197	0.4034217795	-0.0001233514601	1.170413826	-0.3069667735	-0.5704815772	1.29889068
0.2090358808	-1.378420143	-0.5121097611	2.091615046	-0.4282277822	-2.160479736	-0.6941296251	-0.6271183419	-0.9668037409	0.2651956157	-1.780106967	1.365521369	-0.008820507762	-0.6457416591	-0.4789535346	0.4468071593	0.2115468618	-1.385224152	-0.6040048229	-0.48253985	1.287871325	-1.786748781	-0.6958716815	-0.01343996459	-0.3840362567	-0.7423538201	-1.05859728	2.432612691	-0.2897778759	-0.9730958824	0.006324852266	0.6035583346	-0.02287625644	-0.07895420516	-0.9772115267	0.7033632185	1.178574742	0.06154773119	-0.5119118916	-1.181060912	-0.7923137935	0.8056698221	-0.3133137305	0.8375875854	-0.07464603909	-0.4208710821	0.9007046665	-0.521338119	0.3477255659	1.988079571	-1.726926809	1.07655115	2.111916963	-0.6123583105	-0.055501874	-0.3428505931	0.9936268696	-0.8691097715	1.033717604	-1.582625043	-2.12092557	-1.181338712	-0.08532059094	-0.1850624819	3.769089674	2.432694467	0.4883172685	3.055391019	0.4776898311	0.7406074803	-0.8378063406	1.456438438	0.5797782649	-0.1249526849	-0.4634329352	-0.4435820042	0.2365933037	-1.278056936	0.2521468379	-1.272757521	-2.239526129	1.409880208	2.12832635	2.009394343	-0.4137890496	-0.04101006341	-0.2708955731	-0.8299053152	-1.903433165	1.136414971	0.2725801948	0.8386517824	-1.304295711	0.401604031	-0.8410510245	0.3374960506	-0.814521072	-0.5328482279	-0.995230203	0.09625282636	0.7572476158	-0.8008527772	0.6850729022	-2.99545957	-0.1909562838	1.422319494	1.998350543	-1.043555688	-0.586646208	0.1460311133	0.2699503867	-1.072734831	-0.8313687045	1.85439934	1.195999202	0.2547206703	-0.9993611923	0.9229473423	-0.02508624325	1.012653349	-0.4275106398	-1.665434608	1.555812173	0.0252238361	1.335796656	-0.2464532641	0.07282863093	-1.155319795	-0.2592311481	-1.002606954	-0.5608146932	-1.312157843	-0.03024091413	-0.4925320788	0.1802379479	-0.7093339306	-1.181263184	0.3263668839	-0.705802667	-0.9340248281	0.7173348086	1.41382786	-1.773030806	-1.191023595	-0.1852222933	-0.007813110049	-0.6829489994	1.110692437	-0.2780416265	-0.1876291583	0.06442251622	-0.8905500651	-0.1561710265	1.166377455	0.004913544491	0.03273767185	1.584431656	-0.1065279567	-0.5249816016	0.3156020123
1.184720558	-0.8462005576	1.409363635	0.9754508082	1.651511748	-1.887391849	-0.9339335049	-0.8698281745	-0.3859432088	-0.8373166582	-1.683868521	1.209769872	-0.3018289488	-0.8401773471	-0.7475509181	0.07188352866	-0.8486898144	0.5485701779	-1.048156388	-0.46365348	0.7456290396	-2.60137333	-2.284574469	-0.916453502	0.9494276389	-0.9180476083	0.867201075	0.6011776299	-0.3070059311	-0.4936843634	0.4159084542	0.02591879313	-0.1373836544	0.6295577554	-1.500555346	-1.082578333	0.7440971454	0.7307845362	0.3577193601	-1.294455498	-0.4740605658	-1.061725955	1.763901959	-0.05753075368	-0.0155647004	-0.9331176398	-0.88622867	-0.3109919121	0.7321672795	0.984690879	-0.7761467206	0.05692576687	-1.358583615	-1.269267233	-0.5130442673	0.2062954922	0.3355671161	0.1712823836	0.4682695586	-2.699357551	-1.867136445	-0.2958670812	0.2551560304	-0.5091606044	0.7682992318	0.783942889	0.4741319306	-1.144748864	-1.390850343	1.646275635	-0.9399113139	-0.5417161126	-0.6635625648	-0.337130797	-0.8090670757	0.008154239658	0.2714531912	-0.6184966404	0.8251149375	-1.310467144	-0.04141140141	1.055148504	2.615826076	1.162915255	1.229567768	-0.8461116216	0.02382197575	-1.186498404	0.04133192533	0.3086446984	0.3810990052	0.6300431077	0.3667495271	0.008885250973	-1.521683782	1.106583768	1.772885959	-1.095851222	-0.3671184683	1.971397814	0.4397495099	-0.9873190564	-0.1309654453	0.05942645978	-0.07668674991	-0.55076181	-0.7209471702	-1.359663999	-0.9525351311	-0.6125924269	-1.217352752	0.2858366843	0.7169221654	-1.083971129	0.897577689	-0.2308473814	-1.582206871	1.721037159	-0.04338980243	1.183847495	0.07396582844	-0.3583468718	0.8677347808	0.4026161322	0.6405989562	-1.036172412	-1.339633853	-0.06194734644	-0.09934827786	0.477331904	1.030261507	-0.103800226	0.05079503145	-0.7437861733	1.368291226	0.1415330567	-0.4942774702	1.548013142	0.6597529158	1.035424463	0.0787331338	1.084986317	0.1434413398	-0.6690832386	-1.153118006	0.3220479745	-2.116324229	2.439384849	-1.326118274	-0.7209585107	0.9287456592	-1.652422925	1.071784813	-0.2913402188	0.4729085607	0.6300808976	0.9837769712	0.1971200336	0.8114844938	-0.695182203
-0.06783703808	-1.167630719	-0.16547792	-0.9383689421	0.7211912904	-2.250239929	1.520472697	-0.2342805609	-1.33214178	-0.4893169994	-0.7337032745	0.3544974026	0.322371472	1.692935811	0.06050131956	0.2248307751	-2.010993791	-0.9459038188	-1.708931943	0.124660709	-1.062362158	-2.063060309	-2.730329117	-0.8877358404	2.242483904	-0.0787729821	0.4216349385	-1.174378662	-0.3992136204	-0.5490234032	0.05229789401	-1.688679408	2.730556574	-0.2779667917	-1.358941574	-0.5978983818	0.8390184059	-1.149927805	-1.220962263	-0.5663785247	1.851940942	0.05776332213	0.146064827	0.63406155	-1.24876652	-0.4329868615	0.1335305018	-0.2597013932	0.7353737273	-0.1782352387	0.841622356	0.8172876857	-0.6746578759	-2.331146158	-1.260369079	0.3930391639	0.08356805523	-0.2382387104	2.166177038	-1.91796997	-2.507956354	-0.9785747814	0.1835313426	-0.8217001487	-0.2494963476	-0.01250353391	-0.05633432049	0.8250454275	-1.651409885	2.627233892	-0.7642434124	-0.4284105372	-0.6902805597	-0.4674373109	-1.125517361	0.9664215304	0.2446935132	-0.248610077	-0.08615428512	-0.4596210137	-1.213531599	-0.2521140752	2.47050894	-0.5570320461	-1.219055122	0.1843746728	-0.3708348962	-0.7504639617	-1.127447499	-0.3982094243	0.69893343	0.9448853086	-0.7668220826	-0.4726036203	-1.809354651	-0.7944607799	-0.3692026866	-0.4331642032	-0.2846466069	0.8709341496	-0.7483492447	-1.927933231	-0.533548391	-0.606673677	-0.9208283005	1.215287694	-0.3907324545	-0.6974816437	-0.4007022214	-1.22810326	-1.132491969	0.002656045217	-0.3926157634	-0.2395313193	2.051580927	1.349689179	-1.214786753	-1.338433637	-1.020016938	0.5704256255	-1.615338758	0.3159090027	0.01542471114	0.3444492236	0.17336354	-0.8796342981	-0.0680895177	-0.2674564683	0.779810639	-0.7406491047	-0.4683277471	0.340086192	0.3320494743	-0.2034538582	0.3138702218	-0.7860777128	0.1998827814	2.307251822	-1.065938823	-0.1144729596	0.01955871617	-0.3260340372	0.734027731	-0.8174642654	-0.2114108151	0.2510179922	-0.8910919854	-0.3454110575	0.7558262732	-1.273613543	-0.9518109695	-0.02855113029	0.6542715099	-0.1811336128	0.06502317114	-0.09470078284	-0.428916745	2.112040929	0.4682822812	1.834890773
-1.340973033	0.2461444896	-0.7547745028	-0.6401097156	-0.8463022446	-2.711723709	-0.7220501843	-0.3142316208	-1.373567621	-0.7904383615	-0.9218927052	-0.5646850761	0.8080805428	-0.2330386999	-0.2017566477	-0.1692817002	-2.046591869	0.8613064479	-1.895101082	0.3742637703	-0.1006711046	-1.912189087	-1.782493527	-1.56331903	-0.7100656508	0.3732024006	-1.280508588	0.9969351392	-0.420439651	-1.007120218	-0.2382124081	-2.116893564	-0.81368347	0.6156651881	-1.30734059	0.3962981118	1.214455586	-1.216937567	-0.1786980839	-0.6271672311	-0.9017838468	2.189445796	-0.9210704547	0.2928524894	-1.810292427	-0.1748932146	0.7224435009	-0.2746917457	0.7633884736	-0.8548508344	-0.5669069265	0.1403468543	1.212006496	-3.036918098	-1.854278064	-0.7260699897	-0.5747241769	0.3079005421	-0.3835850556	-1.258515982	-3.304385914	-1.055143546	0.1687067761	-1.367076865	-0.09487546441	0.2123490338	-0.6480669149	-0.2832183345	-0.232118336	1.64316454	1.452675234	0.5714203129	-1.037604751	-0.7193949062	-1.445759286	-1.575555274	0.2762545925	-1.72731729	-0.05257628163	-0.0803547065	-0.5044402406	-0.426669514	1.674032481	1.207874122	-0.6120417836	-0.9628410099	-1.651339558	-0.7641000218	-1.236655659	-1.019851588	-0.09063207044	0.8716518663	-1.514472638	-1.36979247	-1.907946355	-1.494241673	1.574665154	0.3211624268	0.7574986387	1.071276955	-0.06152129583	-1.301497129	-0.1661952724	-0.9169282468	-0.1670102749	2.061727427	0.1216970696	-1.126493074	0.2822395891	-1.143112984	-0.8581688072	-0.1565346412	0.08771625061	-0.2814503364	2.441142514	0.5185080089	-1.349037586	-0.6077676158	-1.639939878	0.7080427372	-2.246921671	0.3173397762	-0.3125350147	-1.575664467	0.07103478979	-0.2735111171	0.713049633	-0.6590501319	0.3748713819	0.02166649235	0.5536027484	1.197799772	-0.7984452141	0.05486486167	0.0696238858	-1.310936711	0.8658509275	-0.2641355689	-1.998088004	0.3654138486	-0.149082208	-1.537174729	0.9021077629	-0.4213529115	-1.153879707	-0.3284393449	-0.340294295	-1.391391455	0.5498081429	-0.5844795461	-0.8755456947	-0.2200868667	0.3532735847	0.01107391638	-1.701051812	-1.755072731	-1.233855168	1.988664441	-0.009270107951	1.788108016
-0.8544366208	0.01385648281	1.408741322	1.364920164	-0.7768106093	-3.117459594	-1.059939046	-0.3554079734	-1.687272894	-0.8803357514	-0.2735780672	-1.117307288	-0.3445892078	-0.709980381	0.006532481529	-0.9888941022	-1.925598501	-1.158080244	-2.442701927	0.6474827416	1.033568771	-1.736198043	-0.8206150034	-1.368133851	-0.6545358326	0.7797800272	0.1412311947	-0.4551005284	-0.9094583777	1.296343239	-0.3532797048	-2.306795691	-0.6386399603	0.6685964122	-1.585172728	-0.04407198672	0.2721705321	-0.03366331064	-0.8614013694	-1.044733462	-0.6636126299	-1.119434233	-0.5449732093	0.0009301539465	-0.630959582	-0.07651465552	-0.6665292985	-0.4290030116	0.813901939	-0.7548744039	-0.754993973	-0.3096792498	0.490538164	-2.770440277	-1.85782281	-0.7327998494	-0.1894854932	0.02520742297	-0.005767917211	-0.7522473944	-3.29814169	0.4117382752	0.04186165494	-1.456935052	1.13773867	-1.198347317	-0.598752998	2.700739375	-0.2545330063	0.2525774252	0.3825910817	-0.6135997902	-0.4489396455	0.04141004451	-1.333051478	-1.243846682	0.1390576713	0.2280285817	-0.9272905931	-0.2810397374	-1.176212301	0.3022758131	0.6120835923	0.2815066596	1.049642733	-0.2505250888	-2.099807603	-0.9993355143	-0.4990049424	-0.3548802844	-0.1908856964	0.8772282471	-1.364527833	-0.6303393451	-1.822564473	-1.604585461	0.04347563231	-0.007659305967	0.1292047725	-0.1081011228	-0.7513245397	-1.174802252	-0.09575535895	1.057487696	-0.1600279038	-0.2141707521	-0.6227188727	-1.31765429	-0.3928622747	-0.7926615715	-1.255089281	-0.5361632408	1.785298746	0.1484782103	-0.2543480294	0.3462485051	-1.47842442	1.355076906	-1.800833595	-0.5006947552	-2.812464104	-0.4077292755	0.3140539339	-1.89376605	-0.4379717548	0.1108541809	-1.627132565	0.9754951666	-0.2949202194	-0.2504465349	0.8612666563	0.80855061	0.9558692886	-0.1645596325	-0.3927183123	-1.094508806	0.6124073515	-0.1735260822	-1.127594875	0.04538700075	0.4780470329	-1.471650971	1.031047033	-0.6289212326	-0.4937930324	-0.2412845734	0.7271713138	-1.136218763	0.01107096471	-0.9563622085	-0.3274065873	0.6581023723	-0.5499297245	-1.235555146	-1.267134157	-0.694941647	-0.5766890832	-0.7104062431	-0.7417337287	0.1312998946
-0.3773776765	-0.6732604377	-0.4060596561	-1.631541525	0.3459161137	-2.668813894	0.8922423646	-0.1149668577	-1.15740091	-0.5131352392	-0.03525440382	-1.275316732	-0.473063316	0.7881082195	0.345634713	-0.3520186961	-1.93584996	-0.2646575072	-2.068871793	0.9817516932	0.59345197	-1.42216179	-0.8049911514	-0.2068940308	0.2380467339	-0.1669036521	0.4959691172	-2.383225271	-0.5759263943	0.4524809553	-1.2680429	-2.225762798	1.45262542	0.3592917618	-1.575966356	1.774582814	-0.3077101524	-0.458581628	-0.9497976226	-1.035913713	0.9018820032	-0.5197348032	-1.210192627	-1.536294175	0.5385168948	0.494321632	-1.004550338	-1.108188709	1.235267906	-1.134686236	-1.081431761	0.3356758118	0.01062882721	-2.523835574	-0.7172198193	-0.9022712093	-0.1550986195	0.6762003856	0.6304863875	-0.5066104117	-2.984932841	1.341701301	-0.07408816649	-1.254912463	-0.1846256413	0.09311732869	0.06316065212	-0.1965380244	-0.1955130427	-0.1197664443	-0.1165653585	-1.343350856	0.8183557471	0.5882319801	-1.40767329	0.9675179501	0.2449000964	0.4419198695	-0.3533371144	-0.06807372386	1.022580124	0.8332944402	0.5344518032	0.1636080171	-0.1674229567	-0.2518461309	0.6820473344	-0.5412400506	0.3612962348	0.04852194196	-0.5127381844	0.496706233	-1.324137781	-0.2546265367	-1.438354087	-1.14770918	0.6464024356	-0.008789104466	0.5099987478	0.27206893	0.6250831758	-0.3653608558	-0.03386255247	-0.264202323	1.008040977	-1.961109756	-0.6365561762	-1.340582009	-0.6631565144	-0.3945474396	-1.882001898	0.2269950811	-0.7127489352	0.4968816969	-1.904453283	0.4208751131	0.1251069064	0.5195624818	-0.4609695746	-0.1067370156	-2.886467343	-0.7580741634	0.5279094003	-0.6579455951	-0.0605796193	0.1605371215	-0.9994306967	0.2910549009	-0.2937700803	1.424053572	-0.430273216	-0.8087278555	0.3784178867	-0.07638295634	0.2283264638	0.2764713136	-0.5828045427	1.11598552	0.5716278008	-0.6197479079	0.922491572	-0.6392026456	-0.5711078308	0.1305086185	0.9247624405	0.1381064891	-0.3503297889	-0.2648778904	2.734335596	-0.1169503766	1.397965088	-0.3249900059	0.3097058368	-0.8019027668	-1.521348549	0.365986099	-0.5776158814	-0.1372366816	0.05697691649	-0.9916176684
-1.042246509	0.9260854	-0.4493022887	0.742263323	-1.035283797	-0.9152130329	-0.5336215571	-0.1617588073	-0.8122733447	0.6582480951	0.3582714177	-0.9656480773	1.127724172	-1.046671151	1.039701367	-0.1781992548	-1.150237052	-1.002371551	-1.451622334	1.490046278	0.5255686611	-0.4554785515	-0.6723672185	0.4223422015	-0.9270024226	0.3511957238	0.8822252041	-0.8562943665	0.5221523943	-0.3221689098	-0.3502286308	-0.8964590225	-0.6734024149	-0.2860307282	-0.5666260577	-0.09271889626	-1.038956479	-0.5216827586	-0.6431813373	-0.2704635455	-1.237806559	1.335462464	0.08719684876	-0.2840021282	-1.058609925	-0.399559763	0.4281570015	-0.3024816251	2.063474849	0.7606231796	1.018083214	1.323345037	0.5876243021	-1.985817877	0.5401282985	-1.495049243	0.7134999297	1.156871979	0.5043559561	0.5341792455	-1.341125698	2.753787611	0.1370123159	-0.8153365304	2.706475678	-1.360742929	0.3961829493	-0.5910521513	1.897652039	1.054656929	-0.4223684845	0.07004346468	2.528475439	1.42677235	-0.6524680417	0.8526932213	0.276461807	0.8951146351	-0.6772882298	0.2161047655	0.2249065727	0.5829004993	0.9086623665	0.7922350371	0.3110452068	1.267056896	-0.8242426612	-0.02224136099	0.1319289406	-0.3158890287	-0.1141733347	0.5843731773	-1.068479174	-0.4853391448	-0.747955036	-0.347802511	-0.1843234931	0.03636805188	-0.5592244824	1.0635192	-0.7301375589	0.4160258334	-0.6234999077	-0.71061368	-0.1610916609	0.003003548629	-1.421146455	-0.9664086518	2.145477231	-1.178917331	-1.715959594	-0.04846825332	0.06617074637	0.3856679612	-0.9473055379	0.97391125	1.702940385	-0.01281417142	-0.6423777051	-0.3761322275	-2.101973293	1.101144273	-1.253065348	1.483903186	-0.1485999236	1.28768332	1.26435497	2.334375072	1.567206468	2.51076755	-0.6678131214	-0.07316095605	1.045759752	1.152298711	-1.213776474	0.9066367948	-1.310121738	0.5745918678	1.504772036	-0.6665179555	1.566971663	-0.6067275516	0.7491421629	1.530498995	1.302637041	-0.8328635338	0.2196301347	0.4947975644	0.807245853	0.9298293768	0.9668464091	-0.03671039119	0.2141566473	-0.1264543131	0.4113105422	-0.07191398129	-0.0008821827932	0.9445693139	1.517528119	0.7878248377
1.775139905	-0.7046486156	0.4661853406	0.365154027	1.398777512	0.8002250634	1.953108035	0.1454529865	-1.215257269	1.257307731	-0.3679156002	-0.3764446521	1.402662369	-0.9812574084	0.73947112	-0.6904678298	-0.9598456633	-0.6812171042	-0.8547620371	1.410816151	-0.6155522507	0.03109608623	-0.4934181099	0.5250530019	0.8828822076	0.2317472566	-0.5450962643	-0.1715517206	1.402814158	-0.8022410655	1.09028893	0.1053263468	-0.7994037011	0.1270505804	0.2906947099	-0.81296062	-1.242420118	0.4091561032	-0.906201071	0.1640120234	-0.6044483511	-1.010737726	-0.060418835	-0.07877128098	-1.848377758	1.193035593	-1.287176229	0.6134836512	0.8727675304	0.4546653837	0.4406848113	0.9626476217	-1.568392851	-0.8678531263	0.3693966132	-0.717069383	0.2444599488	0.8176522318	-1.080362616	0.5905745012	-0.1035716877	-0.9226701271	-0.004188084744	0.1451981245	1.262295604	0.3622240523	0.8117481307	-0.06105404813	-0.3697899982	0.3632395543	-0.5327203199	0.002698238368	2.67150828	1.494915826	-1.756173435	-0.2387217151	0.2482931005	-0.01356640301	1.850005821	-0.08611556846	-0.9685855765	-0.03539270291	1.30128533	0.165991907	-0.2673963403	1.291278883	-0.4902109757	-0.5328448197	-0.262540958	-0.2455856177	0.07523487077	0.6440728392	-0.5814830163	0.1972708533	-0.4605158394	0.5416503639	0.121481394	0.5720145118	0.4566556927	0.8554864345	0.1163581744	0.6644231004	0.2817015319	-0.0904499921	0.3420495903	0.9879297097	-0.5953140318	1.316284283	0.07665596251	-0.1916830943	-0.5482761518	1.015142872	-0.07305542857	-0.8792444051	-1.509713836	-0.6435916094	2.079471825	0.1133591231	-0.8688703005	-1.115507645	-0.5767132081	1.28731489	-0.06959784003	0.6417430678	0.03940831113	1.07874155	-0.8151822115	-1.211406297	1.805391761	0.8863523165	0.3071519342	-0.7543300055	0.2462663523	-1.051883064	-0.1408081633	1.384819471	-1.336872564	0.5644809871	-0.4654277895	0.1302757124	1.856568854	0.07841959714	1.688000178	-0.0004092761433	1.070748475	-0.7236945173	-1.172939677	0.1255148399	1.129491779	0.1937029981	2.188702638	0.8000173879	0.7812959576	-0.8923805765	-0.5135894423	-0.3568892886	-0.06213455652	0.4500327125	0.5119040269	0.1303159782
-0.7909553369	0.08936504712	-0.978724918	-0.8916092117	-0.2280230499	0.9188337019	-0.1066723968	0.01168325184	-0.8002594074	0.4370837975	-1.237816787	-0.1908284617	0.4978657734	-0.4158191719	0.8319801261	-0.4840526317	-0.7793048844	1.635772242	-0.1521429996	-0.08321582336	-0.4041260467	0.5430646877	0.07727394618	0.92134464	0.3620180188	-0.2212679119	-0.2456625647	0.3098061269	0.2205224501	-1.581229158	0.2811980614	0.7714247755	0.5086347299	1.187037248	0.5035583157	1.051961728	1.655928922	0.3492428918	-0.4702810739	0.2752733024	0.8242271993	-0.9458974633	-0.6493306176	-0.2526288128	-0.3318358349	0.889850502	0.08971249518	0.0579418138	0.1745257289	-0.1586125344	-0.1390505309	0.1951608896	-0.3502720685	-0.6704987887	-0.4179540743	0.2981461486	-0.1454940831	1.344037904	-0.0972114461	0.2785446811	0.09275555835	0.2303662614	-0.06751581335	-0.7663216481	-0.7436534116	1.285725826	0.8132127661	-0.6874454226	0.1965329247	0.04465953852	0.8704318899	2.211801139	1.433431258	0.479121662	-2.015106685	-0.02480106674	0.04812810924	1.428303651	0.2006459935	0.135765056	0.2696585972	-0.2215772739	1.246640592	-0.01413931718	0.6661584384	0.3101878022	-0.05823151697	-0.8155470275	1.604306318	0.638342901	-0.1580817583	-1.148592641	-0.3064050783	-0.2857143141	0.3470656622	0.74900539	1.091132289	0.6404973374	0.5012572365	0.8776973771	0.528879051	0.9744484766	0.06508518217	1.062092406	1.163830853	0.57197783	-1.841596103	1.674231831	0.278771607	0.6906705748	0.1551438969	1.113871895	-1.512482893	0.7630234986	-0.8923686272	-0.6879535858	1.168554135	-1.849236709	0.02173825591	-0.6961039229	0.6055925075	0.268954516	-1.547902984	-1.01424737	0.2548723315	0.5514402195	0.8688419977	0.3524681576	1.816763035	0.5477526937	-0.09132707891	2.385338591	0.01657855019	-0.2016449176	1.107558806	0.6534681505	-0.9764334218	-0.4474199072	0.696977354	0.8001229328	0.8588204279	-0.616655266	-1.198247607	1.181254147	0.01325069437	0.06361537707	-0.2934199846	0.5789987503	1.34495963	0.2682587395	1.306282713	1.269901773	2.129262862	-1.308692317	1.127274501	-0.008538747765	-1.411506795	1.044517563	1.218402193	-1.299950566
0.7153054857	0.7548230509	1.001349856	1.365916243	-1.183906449	0.8713671408	-0.5514138547	-0.7992781593	-0.7344090607	0.5286530996	-1.076690491	-1.045031004	0.1333399254	-0.9144369435	0.7088701972	0.2435165644	-0.8164246181	-0.1065309546	-0.2472391002	-0.4850330974	0.6609841275	1.064239553	-0.0758683013	1.015208234	-0.6960467542	-0.2785262613	0.6433951549	-0.4428496616	0.02600972481	1.623885799	-0.003989108276	0.5682627253	-0.5317588544	0.2980218638	1.007660282	0.1810271905	0.9336688702	0.08767581957	-0.2402241307	0.6870031663	-1.108434747	0.244052682	2.160157845	-0.0608365993	-0.5721600292	-0.757780816	0.5888026802	-0.1338721808	0.2671481248	-1.163441176	1.184350023	-0.0370960267	1.366525024	-0.636196481	-0.05761322471	1.152324748	0.3258742119	1.349711004	0.8268324236	0.9573621622	0.09324917145	1.222018205	-0.1166288484	-1.758804637	-1.298559684	1.087288518	0.4469916105	1.212674567	0.04910441109	-0.2742392456	0.564639841	-0.3116326127	1.111654149	0.9453856455	-1.164322983	-0.7545206287	0.002115175328	1.03794293	-0.933999946	0.2331495437	-1.174652333	0.382993396	1.05887323	-0.7038195722	1.42745813	1.132522504	-1.193069808	-0.910084365	1.116880166	0.06802779306	-0.2314280065	-0.4563192558	0.4582319519	-0.4108749231	-0.1536900199	-1.123663477	0.2979695774	0.2963482317	0.8455416649	-0.07072421532	-0.1551149774	0.5015673153	-0.7689571165	0.8423522093	-0.1490096487	0.5568379842	-0.8417971331	1.591449574	0.5247336913	-1.468018168	0.37091254	0.001355820043	0.6938523845	0.9150264249	-0.5718873397	0.3427621034	-0.04614602525	0.3565765089	-0.5842605099	-0.8505871603	0.9074312027	-0.1105869778	-1.587855952	0.6231566127	-0.3331674506	0.7984949401	0.9803379685	1.701934217	1.615036744	0.4554837885	-1.023822856	1.970186942	1.281993155	1.101910402	1.105942765	-0.3105900797	-1.10458093	0.2871465353	0.5060788677	-0.9055890367	0.7985310687	-0.4799738369	-0.9422825324	-0.9449140519	-0.3127120666	0.1128939012	-0.4581123038	-1.443962072	0.1315552602	0.2387379124	0.3244211489	-0.1846715538	1.352871514	-0.8794706692	1.770413856	-0.8728459252	-0.3261570432	0.2027423504	0.9913771285	-0.01916638585
0.08905408927	-1.230700087	-0.5325924372	-0.8141091464	0.07214382559	1.066831426	1.314474315	0.002916176143	-0.7672818656	1.270011576	-0.8683399824	-1.123538657	0.2260901771	1.019824981	0.3617715153	-0.2136259816	-0.7361005382	-0.1163792018	-0.04930653242	-0.3710899867	-0.5493061892	1.107353847	0.2799281014	1.21516957	0.5784277814	-0.7282077079	0.8021000912	-0.8181706003	0.655018359	0.6960221869	0.03060287166	-0.3465019518	2.183688609	-0.1311770727	1.542269215	1.383227501	0.7332866322	-1.255203063	-0.8618518475	1.285573586	0.7240899733	-1.201980491	0.7315097215	-0.6851605008	-0.9749223884	0.3924367509	-0.08576136883	-0.01288049202	-0.1387458104	-0.01784602616	-0.2604092477	0.8467886307	-0.7724923184	-0.519837077	0.655495109	0.6122433235	0.5261832158	0.632623503	0.2064354563	0.5754852037	-0.05638864444	0.100942052	-0.2215825362	-1.287765052	0.423685366	1.304370018	0.6792890362	0.2161809593	-0.8635625915	0.06653225009	-0.02224926321	-1.345323479	1.288936833	1.35944253	-1.59782225	1.550894717	0.2354861818	0.189601132	0.6532524828	-0.158901583	-0.4382924037	0.06347296414	1.136832948	-0.2610289751	-0.6560519992	1.138804293	0.5773833672	-1.331940973	-0.844217734	-0.1327390834	-0.485032514	0.3037028092	0.4158967202	-0.5110712119	-0.3450012108	-0.5525460851	0.6371148854	0.470178298	1.004924931	-1.256888234	1.026706824	0.4173217687	-0.09494141717	-0.7167752655	-0.3414571084	-1.653950079	1.408514593	1.128078736	0.0262091748	-1.129649147	1.159898401	0.4142263828	0.2771739231	-0.324904297	-1.309473008	-0.3404899736	-0.1732181697	0.7316005699	-0.4208594482	-1.505175582	0.4290657006	-0.9473500824	0.2089316289	1.407957003	0.09288430317	-0.2204914201	0.806085585	-1.262619534	-0.01531155433	0.4891312581	-0.7868830768	-1.222651488	0.5516293389	-0.6620006024	0.6758230292	0.02967437711	-0.9934600978	0.3491407843	-0.5434173312	-1.571509547	1.801561644	0.645094683	-0.3785788237	-1.428301223	0.5856553886	-0.8437267524	-1.147837346	-0.5075944946	0.8140894724	0.08205767047	-0.05157342674	0.7266020815	0.7194620647	-0.3284390733	0.6502649071	-0.6999076144	0.3578899824	1.450993231	1.02635239	0.0613746349
-0.7504072349	0.8439879238	1.171732582	1.301106117	-0.9761776014	1.240855598	-0.9934421968	-0.142403957	-0.1200251503	1.315202383	-1.33195054	-1.313033672	0.5970442395	-0.5862100722	0.9008381812	-0.195218568	-0.1994952394	0.6686703927	-0.3208045704	-0.8310709056	-0.8761224782	0.4216487236	0.7172758461	0.4658398207	-0.3714038124	-0.8862458338	1.391195276	-0.2019234778	0.5253906304	-0.4913561719	0.537256937	0.5302160265	-0.3617877849	1.190771667	0.8270590167	0.2322096617	-0.4255279718	-0.3010998277	0.2078942507	0.7548246129	-0.6701897744	0.1384935253	-0.5255728952	1.209357642	0.3677709792	0.743898537	-0.03804724054	0.7116491158	0.3501765743	-0.421454154	-1.441740202	0.8829047459	0.1729964937	-0.6653810833	1.196108344	-0.3353739953	0.2010606505	1.799756692	-0.3013173505	-0.3484929131	0.07954853984	2.323065454	-0.0429358008	-1.697912957	2.083705672	-0.3547631647	0.3452724919	0.9099143813	1.403045447	0.1386379106	-0.1909249085	-0.3633855689	1.009132648	0.9697083902	-1.128069597	0.2213492958	0.4085162617	0.4691292383	-0.978039237	-0.6404339514	-0.6701555487	0.2187919525	0.825139046	-0.4161348266	0.1744620266	1.18891559	0.8183337173	-1.268430955	0.3264558811	-0.4222518296	-0.08834058934	-0.7887711733	0.9824612799	-0.4175026121	0.4809856517	-0.8736977931	1.180509042	1.323764826	1.286179229	-1.486925107	0.4061841879	0.5713023501	-0.1903037743	-0.1997787513	0.02336356484	-0.4546483752	0.5007552019	0.06869040943	0.2911201307	-0.03991267878	-0.504930939	0.7815208773	0.7105748897	-0.7963018961	-0.9956466594	-0.9182186092	-0.3593903677	0.7999676745	-0.2901423838	-0.2854119715	-0.1800505634	0.3421473603	-0.7548996566	0.1926343468	0.2962815072	-0.1752252721	1.657246891	0.04782431365	-1.218723446	0.5619329721	-0.5919719603	0.1992840676	1.4142688	0.08010185167	0.4297119297	0.4481917259	-1.623192936	0.4909329288	1.615628587	1.348154961	1.304764756	0.2805313856	0.03173166987	-0.05658849152	-0.6062112853	-0.1557720657	0.8247966697	1.142308149	-0.376851002	1.533840682	-0.4958753687	1.400208592	-0.01379654981	-0.1313819838	-0.09909338269	0.5647346944	-0.05100161179	0.4110684149	1.368652497	-0.7445157379
0.5574608015	0.8053897836	-0.5907053383	-0.606997092	1.492891924	1.388371019	0.9372537016	-0.9810543994	-0.6339701076	1.854002803	-1.924449095	-1.161745442	0.8450173374	2.203324628	1.140406207	1.289990089	-0.6061868522	-0.3007746371	-0.2796810754	-1.150925884	-0.1145434621	0.2049448317	0.7644736353	0.07230173615	1.14278806	-0.3822598209	0.4773970727	-0.8368215232	1.023936493	0.4202690709	0.951865464	1.19222815	-0.8845273757	0.636506324	1.084981154	-0.672767128	-0.8037416884	-0.6103163708	-0.3952870304	0.3722100461	0.2569436089	0.018587866	-0.008628881499	1.214280614	-0.4290263113	0.1276924547	-0.4261483163	1.413974338	0.5887134784	-1.043713956	0.05124092729	1.455986782	0.3590690037	-0.1392146869	1.109387435	0.2744699583	0.6306620667	1.425584484	0.2547334161	-0.3910409153	0.3859159518	-0.01897526522	0.09681324463	-2.30669066	-0.8763292858	-0.8736783431	0.2772340536	0.1844442504	1.067394696	-0.1870571612	0.1201906343	0.1158871271	0.5988235378	1.27515412	0.08530637897	-0.07141622069	0.4318974709	0.7358740094	-0.2106938181	-1.051272928	-1.72053275	-0.1213812341	0.1328674223	-0.8114186488	-0.127149282	1.571053682	1.0977419	-1.650847935	0.2573055062	0.3736652047	-0.1555464587	-1.174486641	0.3841072465	-0.6032547244	0.4542191797	-1.201894414	-2.040452883	1.420659161	0.007023938805	-0.3878224841	-0.4958556254	-0.365666425	-0.7160017515	0.1664141633	-0.588756862	1.212996591	0.9517272573	0.4889176897	-0.4954422136	-1.003293432	-1.422930524	-1.015495414	1.082274676	0.1997448689	1.09416217	0.404969532	-0.3754615959	0.3031188333	-0.151606451	-0.7023946628	-0.3786894117	-0.2458741148	-0.9638648066	1.03558056	-0.4564455962	0.4567985027	0.7802234425	0.9713519225	-1.264860034	-0.5361870359	-0.2102901812	0.5609355552	1.038094226	0.09195639381	0.7416937792	0.7440925464	-1.525868488	0.8718611596	-0.3129759883	-0.09141002987	1.685515869	0.02720693831	0.147140288	-0.4840546674	1.463272123	0.6874200695	-0.3548675202	0.02446396373	0.5829120362	1.074659951	0.5037168111	1.301745933	0.6593549487	1.356022038	-0.8948575163	0.6712203317	0.6089354617	-0.8834225289	0.4417895375	-0.7178438824
-0.7408255708	-0.1185819738	-0.9645951801	1.519587647	-0.6141623527	0.6831410961	-1.036428038	0.9373270925	-0.4561648341	1.307909283	-2.116489692	-0.6863806136	0.8991767651	-0.2372958679	0.4669716837	-0.4688035153	-0.7539436497	-1.255917283	-0.2706142284	-1.460269465	-1.1155402	-0.05290298297	0.572492136	0.3137507344	-0.5755594562	-0.1538927332	-0.6527438225	0.7895893187	1.085790352	0.434671791	-0.004040357658	1.257849476	0.235132153	1.440165749	0.8217998002	0.5943539128	-0.5906782879	-1.203205986	-0.1466144656	-0.5652738777	-0.4276344876	0.8121766901	0.1187073267	0.8495191388	0.2952480239	0.3853004437	0.6147212069	1.529863284	-0.1071772746	2.65038859	-2.158286107	1.231354241	2.426979789	0.1523088474	1.419078002	-0.3198535353	0.2085361759	0.9847417912	-0.2108254581	-0.1216294369	0.9229976082	-0.737096262	0.01003039323	-2.270163476	0.5127102435	1.184113001	-0.06846040495	0.8576899551	1.330711525	-1.04574156	-0.6995573799	0.2658308776	-0.06018410861	0.6520869126	-0.01286096667	0.4034144309	0.5946524915	-0.1890687761	-1.653493719	0.2502341545	-0.2138258794	-0.6227094343	0.5192476019	1.116040349	-0.5997952559	1.009437348	0.8154416167	-0.7575943598	-0.5525867708	0.7389276634	-0.1587832184	-0.5722941411	-0.06533137194	-0.1058397365	0.0588999952	-0.01268413723	-0.4581509672	0.2041069493	-1.276432473	-0.1695328275	-0.02326501367	0.9486328208	-0.154257974	-1.888441896	0.4882236251	0.2066968814	1.293414321	-1.003729406	-0.337613158	0.3432520261	-1.434611236	0.429918853	0.2523154975	-0.7200162497	-0.3529965933	-0.2176754733	-0.5233393649	0.3715006166	0.5703572115	-0.171547304	-0.9742228808	-0.9222386347	-0.8667409592	-0.5204625756	0.4899429636	-0.9638164568	1.080577756	0.9987629414	-0.8134305284	0.1827295804	1.092008511	0.6394047893	0.1131574935	1.008496032	0.2103181013	0.586852726	0.2843545874	0.04018709847	0.8686637122	0.01948092703	1.688527241	1.554806931	-0.8243962919	0.7250747263	0.1388386412	-0.001398306275	-0.5825896725	0.3918783958	1.18494812	1.629827888	-0.6015408687	1.512520275	-0.8065804894	1.677047342	0.1014064534	-0.09642123524	0.5148232266	1.145656287	0.5962124024	-0.6242235339
1.218004507	-0.1628988987	0.3254088003	-0.1411304029	1.617383362	1.000594321	1.639219162	0.5152859446	-0.3727219876	1.530514614	-1.597367816	-0.3109775933	1.435641477	1.641229514	0.8805176454	0.146972549	-0.8365013708	1.353097709	-0.03577712057	-0.4971085203	-0.7368905554	-0.2686496712	-0.3993703426	-0.1621411246	0.03661803724	0.1898474544	0.4886038753	-0.3444852916	1.660772352	-0.7421862711	-0.7268196255	1.22497393	-0.4737527464	0.3044219665	1.934162329	-0.6305424809	-2.035714147	0.5989844069	-0.235539779	-0.7508107952	-0.8317465144	-0.6208552998	-1.523629996	-0.06250104254	-0.803107838	0.558989373	0.393296139	1.311816293	0.4278945504	0.148590856	-0.6462373098	1.57135138	0.569062671	0.6491003917	1.481828554	-0.480049416	-0.587664606	0.7420688215	-1.485799829	-0.04347445172	1.476766531	-0.3610614071	-0.1985657906	-1.454830036	-0.5771621445	-0.04299594175	-0.1108686454	0.04920198551	-1.041092899	-0.6498346523	0.4164475751	-0.865537863	0.1487643913	0.07046508483	0.3450698987	0.6629389683	0.2248760888	-0.00999255094	0.08227717373	0.6608784278	-0.4278086167	-0.5614171319	0.2706410983	-0.3081766729	0.4382467447	0.411274883	0.8252891559	-0.221319767	0.452885149	-0.5261189253	0.01904524689	-0.03837288508	-0.05731383918	-0.4602485659	-1.500492329	-0.2802534631	0.2520010212	-0.2383029454	-0.227910729	0.461461634	0.02576235653	0.9222693369	0.7391473083	2.121127888	-0.2962390028	-0.7685689432	-0.6985006972	-1.307254166	0.3804850191	-0.8145360507	-1.104349725	-1.450939545	0.3915965949	-0.7104464609	0.2688990244	-1.845295614	0.418362738	0.2465284853	0.8339793184	-0.3314609899	-1.232626253	-0.7323662901	0.005990580972	0.40738196	0.1965674208	0.1094371366	-0.3543521147	1.366276216	0.1755172669	0.6327205843	0.7728594017	0.4649675594	0.8511869643	-0.6558625772	-0.4836255476	0.2876092131	-0.7632091372	0.7008855549	0.2934023152	0.04389670448	2.156201202	1.512778977	1.819348432	0.2304329197	0.6153858035	0.3557048411	-1.328443718	-0.6096822783	0.3696996423	1.058666018	-0.175064274	0.2085178529	0.005727931911	0.8832731817	0.6102473479	0.459493126	0.3654862085	1.40843777	0.7841119986	-0.3713814241
-0.9823243901	0.7188013606	-0.8450970702	-0.408732384	-0.2612365452	0.286291861	-0.6035729972	-0.2899500885	-0.07329480811	0.9794548596	-1.319363887	0.2307860241	0.8136226216	-0.4233769216	0.809821011	-0.2275163964	-1.491835625	2.1598092	-0.4388722296	-0.2074770088	-0.1792284895	-0.8364960665	-0.8182293403	-0.5285462669	-1.378383254	-0.09780635467	-1.506150654	0.6155943408	1.228051725	-0.09755656166	-0.08315844239	1.215668052	0.753019761	0.8669344331	2.484602935	0.3334229202	1.470863133	0.9640241786	1.090063078	-0.7694439728	-0.3587542529	-0.4904129565	-0.6664879399	0.03802386752	-1.113249692	0.01403250703	2.013700261	1.23421987	0.7767145096	0.4534346985	-0.28690788	2.372615381	-0.9647040814	0.7723777684	1.328870581	0.04620998699	-0.6503180152	0.2764464005	-0.6516305505	0.1600407572	0.9760368022	-1.045498452	-0.1950657049	-0.3787038744	0.03103890308	0.295532252	0.1504628567	-1.105337598	0.03913668586	0.1971666017	1.367940388	0.5463327383	-0.002898518038	-0.496349655	1.462043581	-1.000180818	0.2984901771	0.4239681661	-0.3869199734	0.3391640187	-0.6136844556	0.319391374	-0.8479724934	0.6398227622	0.6202497953	-0.6223349185	0.4133043172	-0.5701557464	0.8490394645	0.7451142941	-0.3555698278	-0.6367732752	0.2138371968	-0.620729929	-0.9677454176	0.4019033077	0.3569627443	0.05190988287	2.955057988	-0.5135298925	0.341713388	1.292745836	0.7447677664	1.306485136	-0.3276852216	1.388918851	-0.4104981008	-1.442071854	1.052359697	0.2711191176	-1.264904341	-1.099888158	0.6746576539	1.740088373	-0.4476969718	0.4673991945	0.2193290794	-1.000914505	-0.522182857	0.2150595119	-0.6078810062	0.5594849485	-0.5353168713	1.106632324	0.7131616951	0.9009716396	0.40251849	0.6538192439	1.417653706	-0.2869743296	0.1503683596	-0.1940975699	-1.014206356	-0.3284831992	-0.2981213622	0.387949816	-1.429152311	-0.01421417984	-0.9629455598	0.5415144943	2.100158005	0.04559952049	-0.1120006107	0.8639860947	-0.010539297	1.375192816	0.1903002859	-0.2063045284	0.3188792402	0.360538429	0.2448339424	-1.62682076	0.913741422	1.066766309	0.3847726203	-0.1496028548	-1.318357756	0.2259843276	2.002372294	-0.3383292853
1.752148461	-0.4051831134	1.897394798	1.319774631	-0.470623794	-0.5840015464	-0.8347102649	0.08349441488	-0.4491031056	0.5009847919	-1.666655412	-0.1747616157	-0.1278767532	-0.6368743899	0.9729228099	-1.297177951	-2.272595725	0.06777164865	-1.41633735	-0.2493856911	-0.5771309101	-1.270289822	-1.465955967	-0.5237487566	-0.4298846622	0.4904040447	0.2346080549	0.6384189471	0.8587752541	2.496448195	0.5195426877	0.206658933	-0.3343543301	0.5087397422	2.300526442	-0.8914720738	1.714296566	-0.05347865246	0.2598303351	-0.7599511551	-1.017238832	-0.2742134623	0.7398262737	0.8712631737	-0.7804485166	-0.6106879459	-0.8462442703	0.7197262331	0.3773516638	0.3694116596	1.368954198	2.337075201	-0.3266939893	0.08233864673	1.093327225	1.043271365	-0.0712962793	-0.2369723078	2.1071683	0.7995296905	0.3428850483	-0.308501246	-0.2017307342	0.3352171013	-1.061692482	1.277339148	-0.2642221522	1.102009619	0.3596872188	-0.7020015384	0.3957567497	-1.442920268	-0.2543925359	-0.2059110293	0.6737092507	-0.9634336333	0.5053447393	0.5633819844	-1.187556231	-0.3287209297	-1.157511417	-0.5099746089	-1.31269213	1.376371579	0.8038805186	0.4552630182	0.5023979848	-0.9764503438	-0.4120206617	-0.5222662967	-0.3444656777	-0.04445597453	-0.1543102724	-0.006048114509	-1.231058338	-0.1274580479	-0.1796566249	-0.2123194652	1.173162061	-0.2485286604	-0.7009774405	0.6246920661	0.2831663607	0.5870035102	-0.9173670461	0.2873052422	-1.109169281	-1.170407201	0.02525000738	-1.643855487	-1.363440348	0.1593910328	2.354198981	1.693316653	-1.540305731	0.3125573741	0.1865023466	0.9742555404	-0.5436460754	-1.092777962	0.2931936777	-0.9254648591	0.03942634207	1.250931185	0.3695323279	0.7979502318	0.04254773523	-1.537025876	1.622992586	-0.04473445159	-0.0741930745	-1.04671709	-0.5573676766	0.05167674991	-0.03035693685	-0.4728948359	-0.6874847373	-0.5165265381	0.266527502	-0.3425579217	1.623796698	-0.3962334692	1.556367603	-1.037001282	-0.4116976859	1.098726121	0.855116813	-1.936328839	0.245044624	0.9698909708	-0.7901069175	-1.156172456	0.2932733095	0.155710175	0.8715111626	0.09703093066	-1.530958435	-0.8215629067	0.8359747957	-0.1983097301
-0.0342747864	-0.1533672141	-0.1115616964	-1.275233056	0.1321429209	-0.5339804418	0.9401587134	0.2100499188	-0.307428889	1.366344776	-1.993153855	0.1708375913	0.1499413947	1.227998314	1.363621884	0.4815811052	-2.595794784	1.261333094	-1.26132379	-0.1082415022	-1.235948324	-0.2357388719	-1.848910321	-0.06547281945	1.270563329	0.4048732382	1.08732394	-1.321613208	1.003850076	0.9550647102	-0.4006777468	-0.7724240409	2.7653889	0.4852895156	1.665194981	-0.3860699811	0.9522069201	-1.611017162	0.08206404175	-0.1274762793	1.090538797	-0.7587435969	-0.7689752335	0.6093583046	-0.9975185876	0.19353181	-0.6802705058	-0.5529167859	-0.2987145804	-0.6640064868	0.6515684055	1.137671649	-0.390248982	-0.5029020934	0.112386029	1.065486401	-0.6414434901	0.1316026905	0.5032456259	0.3294593351	-0.6462869985	-0.6006662398	-0.2772615284	0.681983871	-0.8797280844	0.2634505	-0.05153347257	0.3192621362	-0.2465850655	-1.069612589	0.4634502166	-1.787664808	-0.7220279964	-0.9694901119	-0.3157882694	0.5255699443	0.2129599453	0.9379163378	-0.8423589638	-0.7315465252	0.1359994614	-1.78058968	-1.872435782	0.52204332	-0.9471696022	-0.2987201843	1.825894374	-1.260130703	-1.850598564	-0.7814378096	-0.2906707258	0.163568054	-1.305350324	0.1626241448	-1.393775813	-0.948747503	-0.3255255892	-0.4966979425	-0.9134648783	-0.5894764199	0.1061943916	0.2882835373	0.5638002885	-0.272119495	-0.7518887344	-0.08055021982	0.4462859451	-0.04024154084	-0.787634864	-1.491628426	-1.404901373	0.5734086895	-1.755608709	0.5353198434	0.1943925608	-0.01043699791	1.018244332	-1.201382834	1.279151596	-0.9438831153	0.8901308333	-0.8084935859	0.4169070464	1.476810768	0.1131048599	0.8655851002	0.1902969935	-0.9490794192	1.174090917	0.2590531827	-1.170024349	-0.3581421695	0.1262600955	-0.7185342858	0.1376103924	-0.6188049507	-1.096965008	0.6810284588	-0.6221621767	0.05918415925	0.7623945223	0.2917809494	0.842067009	-0.738578499	-0.6939762055	-0.3063893373	0.977419384	-1.578268998	1.596461573	0.9432578955	-0.05065249666	0.5115472297	1.338573296	-0.004985077743	-1.158717374	-0.1424303771	-0.4716356212	1.49387706	-0.2334342483	0.7536841184
-0.9868611216	1.158601987	-0.01638898517	0.7212762135	-1.19489122	-0.03203743131	-1.321142474	-0.6919429826	-0.1369413802	1.38584301	-1.964732087	-0.2272339512	1.117597631	-0.882169206	0.8667968745	0.6389161872	-1.451525283	1.47263936	-1.338994	-0.4567679559	0.1902031534	0.5353651383	-1.431037535	0.0239645562	-0.8861202813	0.3408280252	1.359010442	0.598243862	0.4340481149	-0.4301860007	-0.7371820599	-0.2413243844	-0.3146099133	0.5814749495	0.4082887979	-0.1432166443	-1.156388311	-0.5472515748	0.7885475864	0.2066118567	-1.247619135	0.5399617118	-0.2480016867	0.7551246463	-1.774934234	-0.606822392	0.3346184584	-0.9126052469	-0.644582272	2.006478882	-0.04055806939	-1.12898957	1.339709186	0.03730062097	-0.6712344226	-0.2135525594	-0.7171283274	-0.04336102158	-0.3641677212	0.4955915403	-0.895086702	-1.286835829	-0.168869942	0.4258143248	0.3756437677	-0.7001836699	-0.03839840057	-0.05143910808	1.611174113	-1.062963407	0.5362104438	-0.1342936046	-0.9930774505	-1.198260307	-0.3438304141	1.055597787	-0.02164923915	0.4241957721	-1.453854775	-0.6963011817	0.2030704679	-1.450249488	-1.808746611	0.5854085254	-1.050090328	-0.1701688432	0.8236506977	-0.9245971832	-0.817683474	-0.6778207315	-0.3468585158	-0.111501763	-1.349008825	-0.08705687962	-0.3356674999	-0.5480905422	0.1013142446	-0.7813444847	-1.712999346	-0.9568113254	-0.7824461594	0.5991528647	0.1088595486	-1.376322708	-0.8535590169	-0.6632232099	-0.2798767311	0.3648981004	0.2015795252	-1.733042059	-0.5004583665	0.1347766919	-1.279781315	0.2259348	1.87904203	1.019035637	0.2765628337	0.9068353426	2.013458648	-0.4597636748	1.606411391	1.934898632	-0.8797449065	0.5362017701	0.5038950321	0.7825224788	1.399502773	0.4644570956	1.145691125	1.022745612	-1.130625114	-0.775067345	1.143730472	-0.8174654657	-0.2619157418	-0.3683994535	-0.9033663249	-0.4460204056	-0.8642841703	0.8918941842	-0.201111884	0.2599778997	0.7870025566	0.4160763685	-1.369879718	-0.9218981923	1.508672953	0.5033849846	1.213644781	1.382947242	1.361409853	-0.5699476839	0.3135468175	0.3037607677	-1.664524343	-0.4315073859	-0.3638471055	1.100832867	-0.5630619829	-0.4003337759
1.759178555	0.143657658	0.3139471133	0.0483527735	1.676577881	0.6158830253	1.214468673	-0.001528256943	-0.6442857445	1.589167331	-1.348381545	-0.2735682289	0.9197728247	-0.864365227	0.7657335256	-0.9376401238	-0.7420639038	-0.8276125837	-1.025214038	-0.8287148108	-0.2651331206	0.2323614014	-0.7518974381	0.07810944654	2.138831555	-0.001687370587	-0.4104505108	0.5381293355	-0.2835497761	0.2747721515	-0.0230941957	0.3771616342	-0.4090489824	1.445260335	0.7867774073	0.3128474649	-1.475558262	2.328553307	0.156440911	0.5194752273	-0.7615147265	-1.300618975	0.3320543136	0.4462429165	-0.2017277534	-0.6629822391	0.5197650098	-0.7207871456	-1.336048912	0.832194942	-0.1523612019	-1.917781946	-0.6067441034	0.6423770841	-0.7978815962	-0.4623117622	-0.3222424093	-0.4156582496	-1.060913313	0.7387948722	-0.1896247144	-0.3444580982	-0.2841164864	0.6737208657	0.5961129905	-0.08365433483	0.1143848769	0.1792250516	-0.9349511841	-1.494742314	-0.8771184205	-0.271438501	-0.7319091674	-1.199202574	-0.9419042118	0.06093500938	-0.137983035	-0.3969680242	-0.5356210627	-0.7618969477	-1.078965727	-1.077658695	-2.268167019	-1.249574279	-0.2004494644	0.5781393496	-0.407579945	-1.214121898	0.2735397203	0.03818520814	0.2800253891	0.5478187415	-0.6186204213	0.4187594984	0.2551730745	0.5518173565	-1.381484455	-0.5150999291	-1.117466923	-1.515638283	-1.010991884	0.732860767	0.7163853187	0.8541815408	-0.4429639741	-0.3771348049	-0.1117544388	0.5665369305	-0.143839513	-1.573976055	0.4633067439	0.5279197932	-0.4047911366	-0.4863419835	0.5785336918	1.180328224	0.02881303258	1.24045166	0.9725527634	-1.498975508	0.5619794561	0.9834929256	0.3561020538	-0.7584667206	0.3664878564	0.3269654295	-1.718325156	-0.4032256427	-0.1843907566	0.01617315263	-0.9419018234	-0.4446346191	1.582251348	-1.973599045	-0.746237057	0.1247892796	0.3774116574	-0.9696687964	-0.8438982743	-0.9418152941	-0.08470235782	0.3002837952	0.4420016797	-0.2465802734	-1.357599249	-0.2200697275	-0.3895179883	2.495709239	-0.2940086256	1.276848509	1.276634673	-0.7070666318	-0.9253650528	-0.5800047075	-0.2848982342	-0.1488055252	-0.7278422333	0.1429191355	-0.2115218131	-1.542301663
-1.00695424	-0.3125211017	-0.9815444921	-0.9482091411	-0.4946186476	0.5105260739	-0.3094802039	0.4763535555	-0.3281893738	1.138456197	-1.323779684	-0.5228448444	0.243421778	-0.1325163441	0.4417606093	-1.477147258	-0.3951159992	1.70764572	-0.6605170891	-1.240873071	-1.424103378	0.3504552184	-1.407259585	-0.4179394436	-0.5445871029	-0.4185215978	-1.823157341	0.08200735146	-1.299492861	-0.8298197756	-0.7334480242	-0.6451777407	0.5511054799	0.6288069833	-0.3130599159	0.9475751355	1.590669231	-0.2368497229	0.3622164868	1.029394326	0.6216876014	-1.413804965	-1.119865543	0.08012837624	-0.5155628452	-0.2696918938	2.100249136	-0.6861960784	-1.459015173	-0.2388033724	-0.06268502664	-2.117378326	-0.754170859	0.06281220805	-0.535508441	-0.1449094068	-0.5544207752	-0.350549213	-0.9248857229	0.2886385655	0.5485061212	-0.1644104805	-0.2963965789	0.1015601758	-1.103833186	0.2763186438	-0.4310208915	-1.202915612	-0.2092885698	-1.416175344	0.009021478609	1.296842573	-0.5919422397	-1.084817275	-1.161891866	-1.444876838	-0.3902472843	1.142217243	-0.7577608335	-1.397666425	0.2106527176	-0.6574943092	-1.612232843	1.150755166	0.08011493724	-0.2967988973	-0.4773454518	-1.039458604	1.364624813	0.2109758436	-0.3318914855	-0.1446988614	-1.08423882	0.3811340367	0.3439558015	0.7314166662	2.693152335	-0.01519259241	0.4360264718	1.107807395	0.4872171608	0.6527259318	0.2295884385	0.7828434933	-0.3414136766	1.614065823	-0.2998986174	0.2537487194	0.7886715302	-0.1134696063	0.4516068361	0.05208673153	0.249053502	0.079677946	-0.4122377191	0.000179325498	-0.8467770676	-0.2875456705	0.7167906711	-1.376841021	0.06439117097	-0.3901837112	-0.279166666	-1.503678606	1.094200559	1.179293899	0.2495772925	-2.355793984	-0.680018332	-0.345723671	-1.641255106	-0.3614926144	0.9688123928	-0.6041117697	-0.9910864993	0.2632049333	-0.4574585606	-0.3431267738	0.5498094095	-0.1293650923	-0.08342499421	-0.01784453762	0.2223975606	1.291155448	-2.182371849	1.207814783	0.3213637396	-0.1744317338	0.3938025943	0.4087868648	-0.698785147	-0.9862019156	0.6900693615	-0.9159929659	-0.6334826977	0.1364117484	-1.160397146	0.3039101988	0.2564096566	-1.499475656
1.245169859	0.6941332217	1.254918772	0.1828770771	0.5434254758	0.9239915377	-1.180143652	-0.4347840969	-0.5158945666	0.6281562045	-0.4142288996	-1.17878081	0.4037497985	-0.7311697814	0.4908309575	0.05427054406	0.07209799708	0.4925917516	-0.9678661247	-0.7832164473	-0.253648406	0.3128463719	-1.130982369	-0.2913348709	0.04787607735	0.1770460101	0.5675673747	-0.6933437	-1.335792354	-1.008951586	-0.4053842939	-0.9895318851	-0.9722350379	1.257354202	-0.5356924442	-0.3144230107	0.980738603	0.08181176843	1.247422126	1.333744304	-0.2141146045	-0.646848064	0.4678631312	-1.442327928	-0.7372784712	-1.111056681	-0.7853110209	-0.3031393353	-1.036637722	-0.08251142644	-0.3867703272	-1.753311757	-0.6025970907	0.4155771869	-0.7963316752	-0.6496643687	-0.8621271421	-0.1839546234	1.127618192	-0.1371866545	0.2542490322	-0.7774765263	0.06214468992	-0.2787947638	-1.189643783	0.3717802177	-0.5334666703	-1.594337903	0.2378706464	-1.034388588	-0.4212902803	-0.4166346176	-0.7820558577	-0.2628442292	-0.8296568867	0.08287268313	-0.2338954228	0.005788076393	-1.632895334	-0.598106448	0.1342148432	-0.6666197836	-1.243106003	0.7527358516	0.6603406195	-0.2918451765	-0.4967526667	-1.057249605	0.9081625172	-0.2415917182	-0.3252185852	-0.7217600804	-0.6496539287	0.2003539524	0.6199306148	-0.3796434567	1.56936132	-0.8056750615	0.7989249666	0.6391775037	0.2059558304	0.7592504437	-1.142543512	0.8424928067	0.1788677109	0.877071452	0.4584454703	-0.04880155351	-0.7951405326	0.2549748674	1.564588676	0.5385548157	1.510322271	-0.3811664799	-0.1594851722	0.3846362566	-0.5279411557	0.809629463	1.255739125	-1.570501863	0.3767291697	-0.3571737208	-0.2056617015	-0.8139409862	0.50528644	0.1370437961	-0.2050058751	-1.100012853	-0.4384856388	0.3332952962	-0.3287129243	-0.1377182394	1.008198945	-0.4013802182	0.05921273167	-0.9983021931	0.4818413034	0.3618221715	0.8659986928	0.01796172433	-0.2005658799	0.4379464932	1.718765525	-0.4052050294	-1.297924722	1.072681959	0.2405694622	-0.9533802544	-0.4190184778	0.7123762403	-0.3624082171	-1.63448661	1.296869235	-1.547376253	-0.6574138218	0.4123978026	-0.2399866782	-0.2245389763	0.3135309156	-2.204121474
-0.7270299245	0.2873995876	-1.232702657	-0.8798137475	-0.2123016989	1.00035594	-0.4401400117	-0.3489376774	-0.9327087738	0.3369646832	0.1927212341	-1.320671763	0.4584417076	0.6971163638	0.222471269	-0.5399063662	0.4651274966	0.4524723534	-0.2922457765	-0.6956365616	0.3714082734	0.1028341239	-0.264092236	0.1955090084	-0.4870062919	-0.002846839301	-0.01887168925	-0.209236589	-1.535673719	-0.2344984261	-0.3017515918	0.7049616875	1.030883472	0.4284795378	0.8128639726	1.846565793	0.5460233025	0.9330542931	0.1373920632	1.013350017	1.377056086	-1.235489005	0.5501864803	-1.09759474	-0.5078804606	-0.9531235083	-1.133417879	-0.1054606005	-0.7330927553	-1.396033428	0.9620554676	-1.544634665	-1.666895869	0.4259732123	-0.6875017534	-0.7369656416	-0.03365310008	-0.2470679982	-0.4158402682	0.192401062	0.3667423948	-0.7710807516	0.01189399463	0.05440925113	-0.9399409006	-1.033696578	-0.07958228831	-1.154858965	-0.6082376401	-0.6503468497	0.2554245755	2.207839296	-0.6041231721	-1.018049251	-0.6217973043	-1.164006141	-0.2433880553	1.709400178	-2.04104657	0.3208770582	0.0701943594	-0.2541571595	-0.8644126712	-0.2959826509	-0.2734632592	0.3925360921	1.176228136	-0.9163422061	1.212621623	0.3008520414	0.3954628631	-0.1951038693	-0.6037212612	0.4215433322	1.141178735	1.101690446	-0.7476382171	-0.4453250529	-0.1310828959	-0.4480177959	-1.016363443	-0.08757295775	-1.58182588	0.3399536239	-0.04814428163	0.637508138	-1.229329838	0.4495355106	1.90902826	0.8312437124	1.62519358	0.1591825318	-0.07280965825	1.223721965	0.8823394989	0.9241527582	-0.6278183037	0.2026258266	0.8351127044	-0.6914331462	0.08185534093	-0.2857635942	-0.942305932	-0.6305065833	-0.02299141622	-0.1372603573	-0.462436799	0.04136739083	0.03354671123	0.9143462338	-0.6884958664	-0.509865043	0.8132726062	-1.481101348	-1.439011265	-0.09504449881	0.6735260249	-0.0849352752	-0.680937721	-0.7980341179	0.03910871731	0.1091857165	-0.3240484829	0.6483018665	-0.101055881	1.751954045	0.6523242956	0.004911457229	0.05387054694	1.301441632	0.3363094787	-0.03662812137	0.1768454731	0.3336125308	-1.35816721	0.6618967918	-0.1078810428	-0.8798660983	1.017544582	-0.2021519947
1.241236629	-0.354671716	1.52211449	0.5251182445	1.47215816	1.116079162	-1.086234681	0.3249276401	-0.67249118	-0.1321883772	0.5366656078	-1.417291112	0.4298118714	-0.5653284568	-0.04376397201	-0.8720144373	0.9145562241	-0.3505286225	0.3422374719	-0.06858042866	-0.9602557676	0.2769274383	0.2003123603	-0.4443008349	0.7229564343	-0.144298797	-0.0005769813042	0.1721410326	-1.503013845	-0.2379419269	-0.3121921544	1.060179886	-0.422358823	0.9245935999	0.52438567	-0.5691351098	0.9761472751	-0.639896057	0.710784685	0.7800118367	-0.778746047	0.07044897212	0.4586769779	-0.8611466148	0.03155278729	-0.8338004945	-0.7667300005	0.8040935775	-0.8434673179	0.2358132875	-0.4958817857	-1.465193612	-0.6554205966	0.8632522137	-0.7354157702	-0.8685995066	-0.1113078152	-0.1287803495	1.150097779	0.5864440472	1.378016518	-0.4410440607	-0.1146885283	-0.05244319458	-0.8738365205	0.8238889244	0.1922829014	-1.538919506	0.1124288495	-0.5172683553	-0.5342847369	-0.4715128873	0.06727424963	-0.462268866	-1.222125278	-0.2723598887	0.005800417198	0.09863657791	-1.088903329	0.1845291081	-0.3332408923	0.3248816814	-0.6844862769	0.2835384539	0.1887094384	-0.2504454112	0.7407488106	-0.1499454757	0.3050054502	-0.3417367474	0.09664160307	0.1809963699	0.9665760342	0.3292606381	1.680029878	1.258386796	1.336260624	-0.3442547713	0.1799117045	0.6056959522	-0.1922700414	-0.2427382036	-1.438105914	0.08141730666	0.1547559956	0.3522646816	0.9083569311	0.8422991121	0.2781392096	0.725883399	2.06807926	0.7341531091	0.9519890777	-0.7191063385	-0.1706278839	0.2918734354	-0.9435252825	0.9326469065	0.1384284498	-0.3822623246	0.3371805004	-0.5417801528	0.1068468718	0.09970994348	-0.1250200567	0.6511838414	-0.7866053443	-1.417250374	0.1276923053	0.4153960805	0.05135930605	-1.582120204	0.2139473909	-1.238824867	-0.8430348961	-0.4077781817	-0.3177287877	-0.2403247049	0.960005732	-0.1529067828	0.5908174773	0.2788300664	1.258404487	-0.3448304238	-1.43425586	1.154753679	0.04953791322	-0.433567853	-0.7982257961	1.562399786	0.6522522122	-0.3178498575	-0.3610666095	-0.330432371	-0.949972004	-0.107902245	-0.1405382587	-1.086088068	1.535184897	-0.7855335055
-0.7824746515	0.205521624	-0.9955090309	-0.889393639	-0.3315160246	0.7790160342	-0.0700726534	0.1557553709	-0.9139496462	-0.2316040809	0.4638959833	-0.8596600966	0.7090838845	0.6246626598	0.3051380512	-0.7264956728	0.6673706251	1.413356667	1.206451961	0.25227368	-0.337456498	0.212223124	0.8743420436	-1.257960285	-0.1263593924	-0.2870163647	0.8454774787	-0.6080669039	-0.8380798274	-1.030445867	-0.6312150863	0.9373532567	0.9415286516	1.249362954	0.2551208864	1.830990762	1.47679989	-0.1348073702	0.3887810794	0.5787076138	0.7581439137	-1.41341843	0.8489909987	-0.1702135222	-0.6303635525	-0.4669393836	-1.106447777	1.531018236	-0.4793111516	-0.390764169	-0.2956061481	-1.147172348	-1.040243233	0.5089476865	-0.8008393303	0.1561857664	-0.08147892712	-0.5759069635	-0.6907631985	0.4814321004	1.516915156	-0.255622661	-0.01944942969	-0.3721487642	-0.8329033519	1.052576579	-0.4312822772	-0.5085025686	-0.8626289475	-0.0869222459	0.7338673419	1.30424735	0.6566003495	-1.000749179	-1.116501079	0.5186678905	-0.2132589569	1.154593623	-1.239622538	-0.0192485246	0.4976654891	-0.4947820945	-0.8266446369	0.5533708438	0.2282742425	-1.130317652	-0.6201310281	-0.4147510131	1.329979948	0.6491487011	0.03580838495	0.06458679599	0.1998182984	0.3516646999	0.9227680118	-0.8300018326	0.4999576745	-0.889184292	-0.1778225216	0.7442369846	-0.2750467777	-0.6372421421	-1.618204853	0.6844427553	0.2264048775	0.1221900496	-0.9640035371	1.056126733	1.337308485	0.1408548974	1.307086059	0.9328257766	-0.8767784136	0.691260744	1.001652562	0.1273463713	0.1983030622	-0.4909519434	0.1678305371	-0.1950873988	0.5114254841	-0.6709414966	-1.395614739	0.1948135353	0.03275193869	0.9366793797	0.009163870229	-0.3831777031	1.136144709	0.5754687624	0.07444180119	1.277238381	0.3580285972	-1.539457778	-0.01084746082	-0.7752736353	0.5845017852	-0.4242231539	0.2739584272	-0.5940952911	0.6077189359	0.2644498998	-0.7223757109	1.851037343	-1.00030694	0.3009969961	0.9954885009	0.7344186672	-0.753437799	0.473679892	0.6165284265	0.2781497225	-0.007407518155	-0.2945975805	-1.423664188	-0.6448248829	-0.08484910646	1.017898675	0.9514032473	-0.2758204312
0.1921613707	0.1740515171	1.251038584	1.604771423	-0.8269857515	-0.0861427691	-0.6744706702	0.3815340689	-1.058433526	-0.4057598103	0.3481924623	-1.241496936	-0.05597068507	-0.8222693596	0.4653150359	-0.8282600766	-0.02493581436	-0.8339503743	1.168875275	0.4965851837	-0.2302798412	0.06870090441	0.6698372755	-1.926087714	-0.6635966044	-0.1059220234	0.1579790645	0.6583295157	-0.655995867	1.769738368	-0.3263220114	0.3214189236	-0.4818363137	2.003559357	-0.6207888271	-0.1772662023	1.054762012	0.1197511222	0.3028709333	-0.0384207758	-0.2644105614	-0.4147602966	-0.5557237418	1.364211886	0.4616049118	-0.4516220445	-0.05654282419	1.759269634	-1.100425041	-0.8495476469	-0.8311359731	-1.430846317	0.3657473391	0.4704939027	-0.9521963999	0.5560850103	0.3376172433	-0.8565868011	0.2823225054	1.068808903	0.9160437809	1.28747121	-0.06216270021	-0.005376027066	0.5031972279	0.3203030413	-1.261374377	2.745923283	-0.5472216883	-0.007998471543	0.1725684692	-0.5837603891	0.5705272752	-0.8174865163	-0.9039156289	-0.2674912756	-0.07815133838	1.427167112	-1.751815989	-0.0834924971	-1.084970611	-0.05597809654	-0.7945609327	-0.2058680852	0.6940467924	-0.1288382355	-2.090697524	-1.000975722	0.6474037607	0.4553528863	0.7941562502	0.1486764677	-0.2551061768	0.8692979568	0.569338488	-1.941307958	-0.4638350025	0.2590968426	0.6862822941	-1.13735345	-0.2152602839	-1.597774897	-1.196833212	0.4214692556	-0.2307738998	0.6655468216	-0.9147882739	0.5027134375	0.1530100167	0.1396863954	0.8556788549	0.8152862841	0.2170713219	0.1464295157	-1.2817015	0.4578866861	-0.4260813456	1.526032966	-0.2836647088	-0.9653670019	0.3166167003	0.04825972698	-0.656503044	-0.1632565781	0.02369902618	0.8127995577	-0.9308711291	-0.240615638	1.426583576	-0.4135538421	-0.005497917939	1.137931204	1.081160952	0.5323465392	0.08945107147	-1.233544498	-0.008403499098	-0.3202329608	0.1504343885	0.28628274	-0.08216323945	-0.7139709208	-0.6221815893	-0.6768776528	-0.8506308591	-0.419217157	2.06925015	0.1685992281	0.01728607141	0.8307222081	-0.07348383357	0.106420109	-0.3837669643	-0.2652260952	-0.6411637065	-0.7211367279	0.2288050115	-0.1574320636	0.9354162499	-0.02862671866
-0.04653711077	-0.1955923482	0.1410856293	-0.857747105	0.7271253258	-0.3695559028	1.56315553	0.8185414747	-0.9063833084	0.5359864606	-0.003319681129	-1.206889904	0.2845035818	1.824837409	1.01824155	1.379653734	-0.93602231	-0.3541573124	0.6815949712	0.5387066326	-1.15330963	-0.4737017539	-0.57384917	-2.24931388	1.262759877	-0.327403279	0.2175840645	-1.324026996	-0.6533517593	0.6250803041	-0.6079058357	-0.3061868651	0.4803159726	1.5973926	-1.087248884	-0.04585731066	-0.03339742383	-0.7705131393	0.2588465785	-0.9469646512	2.541413937	0.197420039	-1.416854772	1.394531033	1.035624614	-0.04135085317	0.2118648983	0.7918518506	-1.219177483	-0.7451174212	-0.6106957906	-1.081535806	-0.2769865857	0.1924666667	-0.8693829063	0.562180248	0.1922623643	-0.4371688754	0.9378091134	0.9735600772	0.03987514159	-0.1510683822	-0.01401047222	-0.244693058	-0.9124192712	0.3218287133	-1.720373134	0.1550441927	-1.382396563	-0.794430539	-0.5609775215	-0.8095699555	0.2558208676	-0.5034425667	-1.245603656	0.6294774944	0.2657101131	1.007680336	-0.2754655541	0.2401571701	0.1105770716	0.1243956365	-0.5190140179	-0.7235740511	-0.4479604238	-0.3238116575	1.518391009	-1.018566608	0.6370707458	0.2507384898	0.460508921	0.2063731977	-0.584489958	0.1517038421	-0.200364827	-1.967012787	-1.096599459	-0.1812211524	-0.8928704035	-0.162418542	0.9801603517	-2.743721317	-0.2810218312	0.2800721117	0.2732230018	1.691620834	-0.2579053332	0.232587154	-0.8573440596	-0.16284331	0.9423851663	-0.3689797502	-1.067584548	-0.928765121	0.9027968764	0.53693353	-0.2787015986	-0.8366900336	-0.002001012577	-0.6451895618	0.1987814081	-1.007244093	0.5885275713	0.1772609933	-0.1916365397	-0.09735361099	-1.093263821	0.7512620581	0.9221250109	-0.4789747807	-0.3600885103	-1.206138259	0.1766918599	0.2944322146	0.2548156094	-0.8666298812	-0.4479540799	-0.466159886	-0.7336802807	0.4368890391	-0.6474730314	-0.5055383997	0.5157408204	-0.5104321621	0.2532854482	0.100364084	0.1065641366	0.2749675216	1.131452237	0.1628620618	0.2439945682	-0.9444582426	1.236206491	0.6874477078	-1.004409026	0.3985045115	0.414358414	1.489003242	0.01560714366	-0.2869357927
-0.9659358919	1.42512424	-0.78229836	-0.4037449513	-1.297386624	-0.7842946636	-0.657446579	0.2838971713	-0.8387241211	0.393981963	-0.7945384307	-1.976431248	1.164412836	-0.1053221057	0.5581391599	0.09271016769	-0.9066511964	-0.09535342687	-0.05643219297	0.561267449	-0.3519197084	-0.8136800831	-1.183936736	-1.424966488	-0.5882033239	0.3215008164	-0.8643074088	1.468953789	-0.3139583695	-0.7571948742	-1.446415908	-1.025495	0.2434280677	0.3123670182	-0.7288003259	0.8694743135	-0.4881145008	-0.2043320562	1.314226384	-1.178062096	-0.8438463552	2.748228878	-0.4134828324	0.8500734529	-0.5397562737	-1.439806444	1.102536627	0.7552661003	-0.4192865755	-0.7503631755	0.6249573695	-0.2221695698	1.4397978	-0.185785436	-0.4434966527	-0.6780482347	0.3821015677	-0.152806399	-0.1592724193	1.170328016	-0.7241720469	-0.6752316891	0.113333069	-0.7233421961	0.1874504203	1.699084034	-2.445373005	-0.1314203385	-1.274732417	-0.9636693383	0.9135060014	1.007699313	0.24556714	0.7428712153	-0.8161330092	0.03332132706	0.3344330799	-2.173950617	-1.29129349	0.8738949616	-0.3929855004	0.02587492476	0.4697383199	1.845841924	-0.7768078167	-0.2967618156	1.578716642	-0.2080161267	0.003652597507	-0.8513335761	-0.1475887958	-0.4501170138	-1.100071775	-0.7836219941	-1.06858908	-0.4781821858	0.06126655178	-0.3675524317	-0.0817056864	0.9852248147	-0.2791172236	-2.528600403	-0.7693411455	-0.3601862321	-0.1409523899	1.184954187	1.090841902	-0.167401115	1.094908217	-1.327753412	0.9683994723	-0.5215420408	-0.2133918394	0.3364303616	1.447834266	2.018148988	-0.3274904935	-0.9777534729	0.2826935593	-0.1527478699	0.3463250681	0.526810454	-0.4466089006	1.073242271	-0.8188106823	-0.07911746031	0.7002948391	0.2185802861	0.4110792649	0.8148911479	0.2447030867	-0.5744196206	-0.1122295134	0.8127452961	-0.2009626746	-1.141535285	0.1552546888	0.05108587431	-0.5399821466	-0.3339039332	-0.4453764106	-0.8451473422	0.3451519686	0.2878029564	-0.3709183739	-0.5587681493	-0.3457975882	-1.071187543	-0.1926547739	-0.09495819999	0.2387085017	-1.964361573	1.402017467	1.239200224	-0.8558904089	-0.9014753106	-0.3673441225	1.042704694	-0.2182836372	-0.1425855841
1.380739171	-0.2702071603	1.743478916	0.2686280204	1.522958953	-0.9160995145	-1.068783744	0.3144661425	-1.169308798	-0.1326889984	-0.5176072236	-2.03274877	0.958070429	-0.7353461405	0.6836405676	-1.17222222	-0.9115212612	-0.6312442599	-0.5162018891	0.9229439084	-0.1419468966	-1.169306953	-1.456393971	-0.7482197029	1.10842469	0.5040354711	0.7547468551	0.6908450639	0.1755672503	-0.3246464884	-1.190338164	-2.038936797	-0.5262621731	-0.367935396	-0.2727997523	-0.8248316825	-0.503874829	-0.8183410571	0.1756525812	-1.570601641	-0.8713540142	-0.8445614503	1.087778321	-0.5221247298	-1.230306128	-0.6195161991	-1.313555624	0.2872713995	0.4538430439	0.6226609473	0.9719551818	0.6308286972	-0.6949777278	-0.09882213421	-0.330044871	-0.8059034134	0.2301514251	-0.40736032	0.6756550596	1.054551326	-1.630031918	-0.1629216172	-0.2466783112	-0.7275090159	0.08655893147	1.101593813	-3.045510577	-1.118167181	-1.471569483	-0.5149427402	0.1970766811	-0.4136544809	0.7243603493	1.973850305	-1.239904863	-0.04439139002	-0.02155590789	-1.435942397	-0.8071528401	0.9311048876	-0.5084980439	-0.2965086335	0.9413977742	1.134168919	-0.5514107242	-1.188780612	1.666043209	0.7990429059	0.1428641223	-0.5448882699	-0.2366451797	-0.3767887648	0.1323977562	-0.1077487235	-1.05706723	0.8502690935	0.8701931902	-0.7137041232	-0.3931503608	0.4553430143	-0.5845401824	-2.990197115	-0.3616223927	-0.1907217794	-0.708610618	0.04877480229	1.123577758	-0.535435385	-0.525718822	-0.689149437	-0.2939359535	0.6659501161	0.5193144277	0.1701516281	0.9829780222	-0.2269117556	0.1530224676	0.6440636823	-0.183756827	-0.7899275491	0.08463955209	0.5328428005	0.08668457525	1.30231641	-0.7819820027	0.3680212584	-1.507119463	0.3221368197	-0.4876912546	0.3860695152	0.4211446886	-0.9962659863	0.7211936351	-0.8434277305	-0.2539645515	-0.4160302677	0.2531886432	-0.3231728852	-0.4141634861	-0.6870230933	1.009414766	-0.1806278457	2.541382907	-0.5920636128	-0.4040973883	-0.8606962852	-1.260941048	-0.8966798254	-0.8290303475	-1.33961962	-0.5660305935	-1.265309111	0.2342854808	-0.5008060017	-1.210287121	-0.667471806	-0.2474887124	0.6476614368	-0.636455953	-1.281980494
-0.4089556475	0.7002818285	-0.8955943954	-0.9405733076	-0.3966389159	-1.541527426	0.07125198196	0.09988172579	-1.15465298	-0.7135168074	-0.6020200685	-1.605931552	1.231796976	0.709128784	0.8388439457	-1.130915691	-0.89254656	0.9988727408	-0.940472778	1.080319948	-0.5593468181	-1.091071851	-1.258872618	-0.5248531734	0.277702081	0.426976378	1.065398234	-1.132860729	0.5525111796	-0.8493639135	-1.421712845	-1.971291193	1.083335166	0.242951321	-0.5460561218	1.214592686	1.3369297	-1.36214447	0.4378392462	-1.670690251	0.5890889281	-0.7078850666	0.04829283803	-0.1961794412	-1.570509854	-0.3848330087	-1.269665747	-0.2628215392	1.259507397	0.7543027773	0.3869050164	1.150021478	-0.7499903777	-0.1785843294	-1.065206073	-0.5557360853	-0.05021926691	0.1659847833	0.292402975	0.1549004355	-1.502122841	-0.4729718013	-0.2363346361	-0.5095352068	0.315915737	0.6756643437	-2.845112915	-0.4439094355	-0.2250268656	-0.2224052949	1.329560023	0.9147252139	0.7648585517	1.293843608	-1.001251048	-1.29901062	-0.02909010689	0.8501655616	-1.022992115	1.235978352	-0.4956812755	-0.4522825946	1.622539778	0.6779609692	0.124997846	-1.834530558	1.240079379	1.49155594	1.764399536	0.8542603687	-0.7129094137	-0.5967014015	-0.171394567	-0.08731143597	-0.3981154243	1.257895426	0.6409428217	-0.7434953416	0.3338470429	0.6669841958	-0.2961759894	-2.393045532	-0.5244288846	0.7368097206	-0.1887551452	0.7390440929	0.09203214244	-0.1829709806	0.9579913612	0.2775385836	-1.465054017	0.3912488528	0.8990518851	0.6453597319	1.201471374	0.6239228647	1.335231529	-0.5879663093	-0.4645939474	-0.0897418062	-0.5309839711	-0.4820548545	-1.614825596	0.2620814756	-0.2259015688	0.4330324813	-1.510840444	1.069196985	-0.1431330112	0.6371752818	0.520276661	-0.4869075093	1.174538771	-1.403511197	-0.1109686379	-0.6388861779	0.4316475916	-1.036969691	-1.707265207	-0.8749523164	1.188975736	-0.8019950879	0.2719006692	1.36862393	-0.2226347037	0.05714129945	0.2604694747	0.388349441	0.3594296571	-0.8174117226	-0.5269686035	0.1233810165	1.444266984	0.8592420783	0.04334186169	-0.4564686677	-0.2724924738	-0.3099988893	-0.3619148931	-1.397547274
1.311369827	1.163720466	1.279178241	0.4631976765	0.31845046	-1.021995019	-1.040576158	0.1426764734	-1.026607711	-0.65598185	-0.5115430667	-1.758291373	1.367011259	-0.5632149185	1.389348185	-0.8271488076	-0.8951751055	-1.301973208	-1.033450071	1.195293552	0.1893578047	-0.3056357029	-1.581154158	0.2434483875	-0.0482900532	0.7303527776	-0.6153905788	-0.5388063233	0.8018048459	-0.3255082938	-0.7213683145	-1.012113366	-0.05691310236	1.096337384	0.6673353227	-0.1264781042	0.7342454067	0.4383774642	1.078333165	-0.2159712543	-0.9252932994	0.6422210792	0.3818066375	-1.356571749	-0.5061013472	-0.524485131	0.05000169003	-0.4728625547	0.8496601333	-0.03121140488	1.437186426	1.433798252	0.5646094097	0.3737909813	-0.2692324866	-0.9344819319	0.2668774127	0.4611458588	1.480515881	0.3607216445	-1.222991611	-0.2232680383	-0.166826468	0.04026538479	-0.9081159305	0.5988294944	-2.111364851	-2.286083957	1.235847454	0.3691113586	0.1736449952	0.4040378136	0.8223155902	1.702959326	-0.870499913	-0.7353695396	0.02970023625	-0.9138757484	-1.598538689	1.133338261	-0.9607583587	-0.2358391952	1.357792515	-0.4726032028	0.2704877842	-0.3365842785	0.4515089807	1.713170115	-0.8025019131	-0.1938125931	-0.4733651661	-0.1202167864	-0.6647149091	-0.1473485389	0.07932922158	1.778252579	-0.2963314094	0.2444227393	-0.8642006279	0.7981260845	-0.9127510249	-1.814728998	-0.06306946051	0.5752676501	-0.0887878607	0.2209602592	0.1473530668	1.207274675	0.6261204585	-0.3848749537	-0.748586371	0.8399766831	1.98522016	-0.09575958267	-0.4708611091	0.987236563	1.601363162	1.323837608	-0.6259465822	-1.381653536	0.02203801025	-0.3471630832	-0.8241300967	0.0106186996	-0.4114390907	0.6561814736	-1.466651146	0.6842868708	0.6199694028	-0.03251540324	0.01990327614	-0.92906914	2.326980697	0.4406736326	-0.8936493662	-1.124105854	-0.4442404499	-1.1204337	-1.168712211	-0.9736226029	1.147192218	0.03078679118	2.161672726	0.3200431205	0.6005443627	-0.08832945926	0.2127816856	-0.9547605936	-1.734478306	0.7627671172	-0.06270808315	-0.4376827779	1.650318836	0.1660463406	0.574725578	1.090132102	-0.8392633074	-1.942484242	0.7225465438	-0.6895314167
-0.5381899461	0.2289513658	-0.8562359437	-1.048084955	-0.2250384246	-0.4239836449	0.1774893956	1.153879041	-0.7383899382	-0.5277414704	-0.332584022	-0.551541838	0.5657305138	0.4528392732	0.7775119663	-1.409604712	-0.3254051832	0.4490889415	-0.09339365366	1.125800339	-0.8201582032	-0.2254305576	-1.207082323	1.543302543	0.2226227854	-0.07574747131	-1.10998098	-0.9432034241	-0.01895722363	-1.08810728	-0.2080691131	0.201593539	1.309829487	1.438859281	1.27513516	0.846675222	1.126995796	-0.5732378835	0.9443281549	0.65654769	0.9623781484	-1.041017602	-0.371612296	-1.298799739	0.4000704971	1.116453313	0.2244300415	0.04153085535	0.6042745109	-0.4736700922	-0.3598166636	1.456485644	-0.4099257169	0.2538768001	-0.003805579717	-0.1478145002	0.09539447249	0.3737152016	-0.6153751702	0.8290310095	-1.099842497	0.5307655998	-0.2960431291	0.6962989919	-0.4787409077	0.4509453265	-1.675501898	-1.052491199	-0.5358289147	1.976700471	-0.1402709085	2.174424428	0.6290971053	0.6636095387	-2.16883034	1.152875182	0.157916786	1.112285836	-0.4906245632	0.7312503459	0.2451403063	0.7675557326	0.8259668411	-0.05444233665	-0.6292955945	-0.4968868963	1.021219636	1.53355101	1.180205314	0.6567834034	0.266684503	-0.4538980113	-0.3497312786	0.688438508	0.6481983477	0.4651646643	-0.05316103523	0.5507985167	0.5285803721	-0.98636748	-0.570727082	-1.472368497	1.164335976	0.08453907429	0.5767627233	-0.129614248	-1.577214506	2.043826793	0.3580745721	0.6430582668	0.01105511926	0.7298372937	-1.259606408	0.8414563689	-1.686252766	-1.159837617	1.474088378	0.2346951073	-0.2775022461	-1.007721258	0.04534485344	-0.2107273449	-0.5950659529	-0.2371025754	0.4811675164	0.17672501	-0.1167767915	0.2057434518	1.105076875	0.4877725803	0.6531106083	0.8880978856	0.669140261	-0.3862671865	-0.3378724994	-0.1008396646	0.4701260113	-0.6039740183	0.352288539	-0.02369871035	1.911904664	-0.07534114397	-0.05785498252	2.841908879	0.01940296703	0.3120588036	0.08566778445	0.3224845413	-0.5855889657	0.468774604	0.5132135404	1.408036428	0.8768194636	0.1769515374	-0.6865464796	1.11616764	-0.7802764073	-0.6124815952	1.420570492	0.5915081944
-0.9901773326	1.743098589	0.1914597507	1.155795948	-0.994249434	0.1817551294	-0.8342108522	0.6045867249	-0.3027665448	-0.04637205612	-0.5908012571	-0.3099528704	0.8223786376	-0.6070356277	1.307009991	-0.06474743493	-0.3817388616	0.2756382518	-0.1897290336	0.5439885696	-0.7760625467	-0.4624499326	-0.8579887216	2.364974029	-0.3377918729	-0.2135762046	1.274579916	0.9550744304	-0.8927934385	0.01908910658	0.914748106	0.6135164446	-0.4172304868	1.204371265	0.7163022983	-1.083195489	-0.08770446378	-0.844476229	1.442649175	0.9802500046	-1.340272671	0.480324587	-0.4345336831	1.384268827	0.3521400596	-0.3294470632	-0.5290269352	0.255317882	0.3300377035	1.234672304	-0.3130925731	1.367899879	0.6541227345	0.7134091082	0.4635240315	-0.061361918	-0.009294149575	0.6643507194	-0.05006595012	1.650497893	-0.7717111298	2.081209352	-0.237877376	0.180028632	2.347144562	-0.9234930791	-1.307364796	0.2654844593	0.1301816046	2.639124276	-0.1391642244	-0.2870666154	0.006049359047	0.382787666	-1.778780067	1.241979945	0.03076501177	0.9503214578	-0.905957576	0.8249101702	0.2643833439	1.381761408	-0.2449484437	-0.02146127751	0.5803146249	0.3987538449	0.07193784931	0.428500064	0.9860230626	0.3988585881	-0.5569342891	-0.4368658363	0.3671832486	0.4031036521	1.265417887	0.008680228008	0.2233990418	-0.1221885819	0.5963496905	-0.9087356158	-1.464824211	-0.3579291374	-0.344289327	0.4478411098	0.6515352127	-0.2261025503	-0.3773316191	1.673294276	0.2963662533	-0.4858898762	0.6179011435	-0.003386839367	0.329743985	0.003902563368	-1.001367011	-0.3110870713	0.1227024209	1.047091371	0.09255785025	-1.073446885	-0.6225838722	0.9036379283	-1.210770939	0.8319113116	0.3783643008	-0.1387785591	1.926438158	1.800220435	1.842002501	0.6731130024	-0.276567549	1.657932389	0.4358665392	0.1683127152	0.274016521	-0.1309665257	-0.6815542793	-0.2312207954	1.622010948	0.6719491957	1.012627696	-0.009678261267	0.3994183312	1.612110137	-1.524993739	0.03944148822	1.42209807	-0.3254049315	0.3956112162	1.083054379	-0.1278056491	0.5778358214	0.7279754239	0.6783921471	-0.8081226591	0.3034939254	-0.8136388113	0.4535665247	0.8266002639	1.287584346
1.763981604	0.3625395348	0.9594648811	0.3911353069	1.160552155	0.9179988861	-0.6215264834	-0.166521314	-0.8143932221	0.8201474961	-0.7175241368	-0.6615851479	1.281077949	-0.666898249	0.6176334407	-0.1898506017	-0.6400169816	-1.121261244	-0.3261765813	-0.272242524	-0.4420839137	-0.4377340234	-0.6150215591	2.196378349	2.742982678	-0.1855969057	-0.03164851144	0.4007142259	-0.7369197506	0.6062112175	1.638881649	0.9144682577	-0.1431099452	0.4916599676	0.8755090311	0.1371227823	-1.335926305	0.5734473053	0.8343981842	1.212846033	-1.008426971	-0.5510694878	1.924648216	0.807980382	-0.4514727315	-0.4498106578	-0.7171228365	0.4272755055	-0.708752693	0.8905164048	-0.04860304	0.773607424	-0.5493010837	0.7762518927	0.8052721108	0.9575765924	0.163278364	0.1626012766	-1.16511419	1.515221045	-0.625753506	-0.7733984272	-0.3302594417	-0.3902229519	0.6696846616	0.4349911154	-0.6737697916	-0.5260639952	-0.3286769879	1.000576319	-0.5063759533	-0.04563805144	-0.490392053	0.3379568189	-1.568695817	0.06614666722	-0.1387785424	-0.530305068	0.2019449889	0.5559688071	-0.3197399127	0.9118462388	-1.540164513	-0.9951267921	-0.1973587618	0.7634197669	0.7247712093	-0.3298789176	-0.2820958592	-0.1584475347	-0.2664714237	0.02417457185	1.269936074	0.5733871373	1.065143017	1.117181274	-1.395821266	-0.08886946063	0.07415441536	-0.6726659084	-1.785946161	-0.9502794728	-1.135271498	0.6813310961	-0.4369529781	0.1083385105	-0.2593516285	2.638166227	-0.5599730863	-0.6020728637	0.9348636479	0.8448925918	0.7775939671	-0.3484282297	-1.758473148	1.01092215	0.09322694778	1.961109819	0.00514970827	-2.409158718	-0.7989879253	0.7159835975	-0.1538087054	0.2865204703	0.05895142249	-0.3457624398	0.1118510138	-0.5051272666	1.969688354	-0.3561311313	-0.1451600952	0.5449739345	1.236621042	-0.531155527	0.03722950372	-0.006784624729	0.628207536	-0.9130724678	-0.8445496731	-0.6564764593	1.162116306	1.190528845	-0.1680954027	-0.4789086827	-0.09022625279	0.4012351016	-0.6348646093	-0.330915335	-0.9742053438	0.4782872206	-0.5253204648	-0.5336456195	0.550028527	-0.1398386816	-1.553102836	0.6919514546	-0.5481288149	-0.3599785573	0.4374424121	0.111539475
-0.272305121	-0.7048430293	-0.8615628745	-0.927464736	-0.421679086	0.3692972452	-0.1093969211	1.349107319	-0.7885898428	0.5368855309	-1.034567436	-1.36159115	0.6748412929	0.5747216694	-0.2745392359	-1.621213493	-0.5711940622	-0.02339678136	-0.1070938479	-0.9721309378	-2.058087584	0.08839049746	-0.4055763333	2.528052348	0.2560053789	-0.8257747343	-0.903746351	-0.44269336	-1.351538827	-0.8186344971	0.4229504805	0.6637144935	0.447462672	1.04040831	0.2760764427	1.735732291	1.576252998	-0.5495879804	0.1347346474	1.213314594	0.7301201809	-1.128719924	-0.2143779824	-0.04637460921	0.6509970297	-0.01413952979	-0.5092483653	-0.2763716347	-0.941518005	0.4577312879	-1.38807561	0.1751956817	-0.3159252023	0.3956639967	0.4788165971	1.371513294	0.4689164575	-0.4418274156	-0.8886490764	1.282407527	-0.4159874122	-0.4531809249	-0.2689202172	-1.507849026	0.09478086133	1.254606363	-0.5054781994	0.1468365166	-0.132396438	0.02302278281	-0.4972710858	1.698811197	-1.034019728	-0.3665003167	-1.642717192	1.989242662	0.1382805557	1.689887104	-0.57610551	0.7542079495	0.7384530929	1.385192415	-1.57297198	0.3082678681	0.2620781111	-0.3856384934	-0.7143163231	-0.34600293	1.247793048	1.545345805	-0.1329116064	-0.9712273037	1.360258456	1.093235066	1.214198961	0.9380295297	0.3415148205	0.1144848853	1.654395013	-1.715007638	0.05704551647	-0.3747101084	-0.7690530048	0.2044052481	0.5683723937	-0.4190485451	-1.891778185	1.787946571	-1.027331475	0.5258891801	1.219964293	0.9404597682	-0.6516650248	-0.2345723978	-1.459979782	-0.01900518813	-0.06759710595	0.6199896439	0.07784531732	-1.240685807	-0.9409205641	-1.34930646	0.1360709707	-1.276904371	0.1017261861	-0.1937114613	1.072095964	-0.6598493045	0.4653338771	-0.5707715154	1.081880041	1.371422161	0.8067397235	-0.1902730423	0.4899689604	0.6770228318	1.247553989	-0.1334528756	-0.6485291575	-0.5196830133	0.2128947256	0.6062453423	-1.817673964	0.902464439	-1.176543338	0.6507296457	0.732029302	0.8383531426	0.5942278663	-0.1817922592	-0.844808373	0.6630941068	0.2700932373	0.07492314358	0.7719108034	0.1073273091	-0.7832520166	-0.5218870682	0.9295612334	-0.7732853621
1.456144483	1.197889252	1.58836981	0.8633574114	-1.147913336	1.205314636	-0.6304347217	0.6365346489	-0.548175052	0.7660251	-0.8028068569	-2.209633452	0.3408513537	-0.7892257451	0.8099254971	-0.3067415505	-0.8462565986	0.5045165384	0.2332026164	-0.3509804147	-1.178217154	0.1114189994	-0.6506475604	1.918115468	-0.8890607235	-1.112212675	1.001032728	-1.272651557	-1.162073314	0.4378399403	-0.04191906933	-0.08782020885	-0.2204970412	0.8983399899	0.7076507289	-0.854977177	0.635276337	-1.105911387	1.303176093	1.394706923	-1.024876378	-0.08592610047	0.1798187633	-0.2572484846	-0.007350345352	-0.8958474239	-0.2755111218	-0.5538956961	-0.1248198589	-0.1018402292	-0.2187881593	0.2943453919	0.4671833036	0.0235958472	0.9208150997	0.5569517332	0.396156096	0.1295356941	0.5404714072	1.340392918	-0.4313405932	0.7243290156	-0.04917117898	-2.111935152	-0.8043587227	1.263218716	-0.2322469758	0.5579671723	-0.2258703575	0.0367646222	0.06067931525	-0.4645232556	-1.554287725	-0.6417074915	-1.821553184	0.3223386539	0.07369092252	0.7145565698	-1.688754404	0.528716341	-0.3582401743	1.654540717	-2.029994935	0.6647585784	0.7543078837	0.2029216111	-0.2790250595	-0.1576570895	0.9266549896	-0.3705506945	-0.6725959025	-0.109380752	1.71565516	-0.01345058918	0.9976795755	-1.449682209	1.758814122	-0.2050922198	0.8357461168	-0.4308857058	-0.6639051949	0.1147293832	-0.8573281503	0.9469979376	0.2576347881	-0.4151728441	-1.002696231	1.640008649	-0.3157926718	-2.046390304	0.6413133311	-0.2584102559	1.045025597	-0.02395149625	-1.708197598	-0.1851684912	-0.2915636151	0.5618930604	0.4355334868	-0.8218070188	-0.9009852723	-0.3176553656	-0.6695034306	-0.442101076	-0.4508177741	0.5226968451	1.321660178	-0.2757466228	-0.1072768991	-0.5750796875	-0.1834036069	2.062559814	0.3214556411	0.4620714635	-0.09593299417	-0.7735714574	-0.4441590669	0.9297682477	0.5847675702	-0.3113988618	-0.1276997127	-0.2225857835	0.300178352	-0.3639641416	-1.626845433	1.00472868	-0.2622897643	-0.3002336306	-0.1868411306	-0.4282567678	-0.9485751857	-0.3158169935	1.455082702	-0.2247714657	1.056108566	0.08954269662	0.07433115612	-0.7658561468	0.09136070639	1.236646077
-0.09859629003	0.6894399455	-0.9855068165	-1.089725956	-0.2522245378	1.661328046	1.066327737	0.1788676657	-0.7218405358	1.220528311	-0.5720915442	-1.720923651	0.5092204209	1.007004393	0.7871354606	-0.3630809223	-0.9713834145	-0.1995316741	0.2895065684	0.1693502257	-0.3174295629	0.2335830265	0.2495583926	1.761040997	0.8164792028	-1.315279203	1.287673089	-1.073192291	-0.2894911879	1.233467912	-0.6887093319	-0.9928360606	2.838794967	0.9199281183	2.141565445	-0.01584752032	0.6367696425	-0.6470663035	0.7772794938	1.62542372	0.6829635947	-0.7558723577	1.005491209	-0.5320359972	-0.8813517555	-0.9743620722	-0.7970744353	-0.5640504742	0.0521039263	-0.5792017736	0.1816629236	0.8095845665	-0.7034465491	0.2282473202	1.089003324	-0.1143805723	1.02627376	-0.2348905593	-0.4314511231	1.032922419	-0.8244754092	0.4154209982	-0.04419039194	-1.208479059	-0.6141627828	0.2802960128	0.1819184007	-1.119529248	-1.184902833	0.3901716493	0.5361671028	-0.9031185198	-1.406688257	-0.8083127049	-1.040412748	2.437674147	0.02717641606	0.07877404249	-1.310255679	-0.01686928711	0.2672659976	1.470038908	-2.204845766	-0.4642095108	-0.4420370354	0.8866419876	0.7148417608	-0.6103324684	-0.2802731839	-0.148333776	-0.3311985718	-0.02524604845	1.493125763	0.4360074366	0.1535075108	-1.385305076	-1.013818025	-0.1983319111	0.1520615649	-0.8241271594	-0.7921235475	0.4092000547	-0.347185887	0.09009745515	-0.4241202506	-2.731818537	-0.1803554343	1.481119636	-0.9034399518	-1.575952987	0.351430378	0.006049051739	0.9187212094	1.001692547	-1.360709201	1.513552689	0.5160371599	0.2217738735	0.4880518578	-1.065719839	-0.006922045186	-0.5780964501	-0.3416880588	0.4211026051	-0.6235013715	0.3432114986	0.4156563032	-0.9118164686	0.5731006245	-0.48621057	-0.5621661449	0.7869743773	0.4953307307	-0.1535768443	-0.7757186862	-0.557398843	-0.1552864816	0.6168498364	-1.361471445	-1.530979446	-0.2160599254	0.8014167363	-0.5754414436	-1.184847746	0.4375062251	-0.1676087786	-0.5922995546	0.3392034477	0.3175897471	0.07532030505	-0.1307645076	-0.3470575264	1.012746652	0.7447574224	0.3904823333	0.8824096195	0.885754324	0.04613833724	-0.2382024632	1.062670191
-0.7630590645	0.3144449081	1.587315693	2.098307111	-0.6847043792	1.34802333	-0.8209438501	1.397844059	-0.7945180154	0.5105472336	-0.1155285277	-1.431154132	1.096205019	-0.4710339697	0.6141362876	-1.266407646	-0.2148583958	-0.7919505671	-0.2513181741	0.5427741737	-1.119597929	0.7500935187	1.035613417	1.435209226	-0.6076031381	-1.606428448	0.05572861385	0.1637754368	-0.5305590726	-0.03243812858	-0.6729754412	-1.046940245	-0.4294913625	1.624756568	1.291721633	-0.07533398035	0.5016632011	-0.9495857647	0.4875758526	1.351177576	-0.5264283594	-0.2580022353	-1.006717763	1.344903438	0.1637531525	-0.1626675237	-0.1728717047	-0.5608611135	-0.6376205329	0.2221709041	-0.7183258819	-0.09423716504	0.1808798026	-0.2134202605	0.8708378565	-0.9893691357	1.105431917	-0.3856900981	-1.270032291	0.3404655583	-0.8055941824	2.882286379	-0.2429041457	-0.6879040008	2.369672728	-0.349597901	-0.3185563547	1.902128081	-0.01523200612	0.2089477326	-0.01615078306	-0.248484635	-1.203145949	-0.5336104465	-0.5828919884	0.6823683886	-0.1015941137	1.403385693	-1.6251146	-0.6447430481	-0.6096122686	2.586480017	-1.149204327	0.5033042071	0.2756891391	0.7640508368	-0.5711909142	-0.06505040688	-0.1672489025	0.4531900653	0.8666698114	-0.6433422119	1.28906855	1.252545348	0.6923835903	-1.080377279	0.05817526522	1.29155689	1.748779853	-1.981252224	-0.2589973208	0.6778570411	0.8510581808	-0.9200288188	0.2996904895	0.1620493474	-0.3746969045	0.5470180392	-0.3966544073	0.1913907376	-0.5150900707	0.7637216925	0.2089908014	0.4835182547	-1.014233241	-0.9010066414	1.029121932	0.410257345	-0.6153877879	-1.210516692	0.01875187383	0.08334143874	-0.4890702426	-0.2277808709	0.7729623857	-0.5379484425	-0.03071864858	-0.4882367115	0.1071318522	-1.288372834	0.6916480003	0.2777724436	1.114939698	0.3135691999	-0.4468612309	0.05487829233	-0.8892016899	-0.6454070549	0.8487007231	0.2454833779	-0.8288359089	0.9627176654	0.1526144731	-0.2326347652	-1.692820776	-0.2911913578	1.094786048	0.4139054472	0.3422325913	0.09085523151	-0.639224964	-0.3133850111	-0.3901168796	0.009427669654	0.3415281155	0.325935659	0.5792518488	-0.4165992977	0.3117766729	0.2245433397
0.4326538921	1.282335985	-0.07346207901	-0.4510114193	1.086585579	1.719434986	1.226935768	0.9937009468	-0.8294695371	0.8087222411	-0.05421326089	-0.9520419918	1.180185968	1.982004064	0.9217945602	1.372950381	-0.4229877661	0.3802153217	-0.2257991082	0.5292625883	-0.9996022345	1.326219222	-0.01888754144	0.6783529977	1.38137577	-2.102164806	0.8300304131	-1.251867945	-0.8977653583	-0.4792823378	0.4001955936	-0.667250116	-0.8234189993	1.574754432	0.9029124078	-0.165018289	-0.190399491	-1.178445654	0.5523181849	0.9978732784	1.25069188	-0.3823765455	-1.162768785	1.630988498	0.1695385091	-0.2868340857	-0.4213929085	-0.5670978087	-1.886969199	-0.5206914715	0.3398538957	0.05656712071	0.5489563664	-0.9138120679	0.8007942578	-0.5088841309	0.7009766876	-0.1009526292	0.4621154896	-0.5872195327	-1.227446424	-0.01448862985	-0.2271667896	-0.6970821921	-0.4928926381	-0.368875157	-0.9894357511	0.3682970018	-1.028558694	-0.4873106019	-0.2236911046	0.06707354282	-1.163393053	-0.4154962961	0.2150669093	0.4654073537	0.03230192755	1.129412375	0.08168563763	-1.104367936	-0.04199874111	3.205980827	-0.8861180558	-0.2099587456	-0.01537472612	0.6542790885	1.668814757	-0.7581185622	0.03659168646	0.15359836	0.2120032284	-0.4650350348	0.1089444826	-0.1511551732	-0.771251714	-1.581125103	-1.826944578	0.7096525089	-0.007446514299	0.1000239061	0.4964208488	-0.03434484735	1.031378671	0.4667078164	0.5392020844	1.282394809	-0.3789920493	0.3700557661	-1.227111076	-0.4725595875	-1.30057793	-0.6970121856	-0.5941180951	-0.3257680641	1.484344783	0.1535985339	1.214729928	-0.8889387925	-0.9051204158	-1.091344175	-0.2526670834	-0.7549768303	-0.0768001291	0.4731777557	0.2304151462	-0.3174950936	-0.005894899729	-0.3644296321	0.8708194452	-2.011517281	0.1547375372	-1.034428392	0.2628087555	-0.2139635958	0.3349710086	0.1401230091	-1.945164501	-1.469934484	0.267844658	0.2300223906	0.0766560945	0.5558501077	2.11787314	0.6378350689	0.2621029962	1.046461673	0.1388237124	-1.027773212	0.5394022352	-0.61717868	-0.5911409585	-0.6387460118	1.501768504	0.3827200554	0.3014410493	1.049241587	0.9486306541	0.5602402222	-0.1884078438	0.7575014102
-0.9181673515	1.544730103	-0.7351170394	0.3872329767	-1.015472224	1.444420272	-0.5984240786	0.4160278182	-0.5270754046	0.5983624037	-0.5598471126	-1.209948605	1.333304977	-0.3110322517	0.679560487	0.4442056989	-1.001098155	-0.3308874759	-1.047719113	-0.5712885845	-0.2250399701	1.725200667	-0.9425921228	0.2721667386	-0.7486978367	-1.789784718	0.1679595401	0.07001805302	-0.762299624	0.3745764111	1.09954699	-1.502334332	0.2918463563	0.6805015281	1.162888046	0.9707262702	-0.9857450042	-0.4011984441	1.10775537	0.6773401355	-0.6314449314	1.630667456	0.1200227459	0.6443480907	-0.7283948353	-1.078754086	0.1334759147	-0.2160473431	-1.878994096	1.922313376	0.8032557025	0.4427687991	2.714476088	-1.496026412	0.8528087942	-0.600616139	1.085010867	0.1076969716	-0.5637016267	-0.379105975	-1.301999769	-1.320311536	0.04781366825	0.06378965848	-0.4720473398	0.1973294259	-1.209133573	-0.6854978713	-0.3179182363	-0.9535441741	0.02151371682	1.295221464	-0.6990242199	-0.1922706724	0.6774402184	0.5419345095	-0.09149564085	-0.9291988005	-1.565465257	-0.5680580205	0.05584278985	2.902061814	-0.4608024135	1.274092225	-0.8295924327	1.387754792	0.3033741378	-0.8933966686	-0.4166929301	-0.9124404754	-0.4034480483	0.09229005281	-0.5896493156	-0.09741439867	-0.8510272669	-1.084323121	-1.195115572	0.1595787504	-1.533354654	-0.07568347891	0.3177775684	-0.2627975417	0.5291749424	-1.746051548	0.18854669	-0.6064905503	-0.2438962985	-0.250238715	0.2851780961	-0.3902096072	-1.408829841	0.05112858755	-0.08698064144	-0.422198035	0.2650820913	2.770647202	1.279797832	-0.4899104707	-0.102606851	-0.9662727553	-0.5731060543	1.784269548	-1.086355845	1.673793491	0.1973951954	0.01109482542	1.34901072	-0.2569079769	2.055888829	-0.3152054014	0.2586330118	-0.7585158582	-0.09008281897	0.2683190599	-0.2005877058	0.4686671374	-0.6269222239	-0.8628730851	-0.8067142527	-0.9308881228	1.078227369	1.114801459	0.6253927434	2.001144661	0.01724297314	0.7075902899	-0.01956109616	-0.6813373449	0.631108651	-0.2704962352	-0.7698345279	-1.281094127	0.4528427351	-0.5003056256	-0.5421748339	0.3731225005	0.8343455991	0.8049280508	0.1055311744	-0.1590498068
1.512964647	-0.04423610222	0.3472852185	0.1039119385	1.85152715	1.162043324	2.485342236	1.370990887	-0.5350198953	0.8358909217	-1.568601573	-0.7973041383	1.415410039	1.360643535	0.4748319379	-0.9066896817	-0.413857012	-0.4788857592	-1.114764974	-1.247213771	-0.9577488048	0.9073330351	-0.1620627298	0.4158880864	0.460255388	-1.907414842	-0.2876914216	0.2536783319	0.3243166029	0.08797710173	1.391340832	-0.5888002271	-0.2980054049	1.480717676	1.659318196	-0.555998665	-1.518393865	1.062198135	0.2704691062	0.06391541605	-0.613941688	-0.4037097477	-1.246070055	-0.07792014377	0.1622313625	0.1322874203	-0.1353965389	0.362682872	-1.452442376	0.6729245677	-0.5258024634	0.7118946567	-0.5704928241	-0.7137393419	0.894062863	-1.448575539	1.384763099	0.001927497975	-0.866158308	0.3371571214	-0.3766556969	-0.6402397637	-0.1527748456	0.5171551705	0.7777616432	-0.8069431711	-0.1519436863	1.261297319	-0.6457235819	-1.079014033	-0.3846352652	-0.2195584297	0.0810989978	0.2750342153	0.05252003595	0.08681815782	-0.1924988111	-0.5932014255	0.4978572145	-0.03765619923	-0.8084345533	1.860095937	-0.4396271555	-0.4540760538	-0.5426708784	1.573024355	-0.2022214813	-0.8954221117	1.078145123	-0.5795932045	0.2302764318	0.290275198	-0.6918391412	0.6576529047	0.605411398	-0.1212867578	-1.197738845	0.1775841572	-0.2009094814	-1.800880696	0.000114415611	-0.5101855826	1.017150988	0.5356677821	0.1838052355	-0.991949071	0.09362479144	-0.750519091	0.07197812719	0.7838052251	-0.8088291886	-0.6126612732	-0.1149767266	-0.5879703917	-1.617840916	0.1277306053	1.677481496	0.8228032491	0.1555716055	-0.8643403147	-0.3965039682	1.48116015	0.2393896146	0.5294382663	0.2125202912	0.2014454838	-0.8885076813	-0.4718090342	0.9209698905	-0.7323056354	0.7383923418	-0.4632186338	0.1079602184	-1.56900722	-0.3786112467	0.971635817	-0.3401887859	-1.032917078	-0.5815195067	-1.056987312	1.866901552	1.050547684	1.161734784	0.6808799366	-0.8474845355	0.3568677271	-0.4160756987	-0.2447808056	-0.009028703951	-0.05699904547	0.1097146217	-0.407925035	-1.00372022	-0.703755838	-0.918151232	-0.513358379	1.272884246	0.3266340834	-0.1830232151	-1.297055405
-1.039394222	1.247239347	-0.7591810107	-0.4952479856	-0.449700668	0.7978233868	0.135131812	1.686362768	0.1378818824	0.6258532714	-1.778062259	-0.05368726888	0.9990303869	0.05772951031	0.8129850485	-0.9609408406	-0.04114920313	1.554280381	-0.5206309197	-1.868116209	-1.293372148	0.7779832118	-0.1307544669	0.9302945905	-0.3441291371	-2.298964003	-1.644461866	0.6288088313	-0.113031249	-0.5829987972	0.7666709356	0.1664917834	0.9086005683	2.079509756	1.620005495	1.095023252	1.69642503	0.4300066686	1.651557804	-0.6537418688	0.2019533011	0.1532017829	-1.112322543	-0.1283813864	0.9442949744	0.1262675445	2.334434115	0.8768670391	-1.184542203	0.2216674545	-0.7197392443	0.4312035438	-0.03644279127	-0.1147019818	0.7064758378	-0.9760602233	1.223810115	0.5389893973	-0.1090478165	0.005174601222	0.1900712933	0.04565234291	-0.0862816452	-1.039640928	-0.1030519806	0.01865760256	0.3041650032	-0.2442591881	-0.01673533562	-1.639976915	0.9118082051	0.2703288853	-0.3443251947	-0.4625069419	-0.3044844252	-1.659622169	-0.01986914497	0.957941441	-0.07248993518	0.1730816912	0.06074374199	1.143523281	-0.653055598	-0.2079634435	0.01819300255	0.2690732905	-0.08585781038	-0.9861451058	1.283821123	-0.1626844696	-0.6717504872	-0.1241242443	-0.6843161553	0.05340448083	1.677268242	-0.2254863043	0.3630026538	-0.6265742154	1.055652616	-0.04327339111	-0.02683898213	0.1389178793	0.552770916	1.279206068	0.6196781182	1.023181967	0.1788804194	-1.015502335	1.043244271	0.7847966485	0.01257705564	-0.4984400667	-0.5367278717	0.6802245098	0.6589342203	0.6373745901	1.026739057	-1.087097409	0.3774651567	0.2851117867	-0.3385257774	-0.4480815	-0.2303793102	-0.5016504701	0.2338809634	1.085468143	0.6856997304	0.8835941516	0.906605366	-1.175704921	0.6247334539	2.406045041	-0.7470061626	-0.5505438493	-0.0132413432	0.8789027039	0.2555449762	-2.349704226	0.7351792016	0.2664602661	1.077812041	0.6900696718	1.540398049	1.228207595	-2.039299149	0.4910274447	0.5159661392	0.4296817003	-0.3794002322	-0.2896714248	-1.516332167	-1.216191637	0.5649542088	-0.8054081038	-0.0409674741	-0.6292127851	-0.3787986466	0.3731515332	0.5623894651	-1.180065508
-0.6043008695	1.433485998	1.048534514	1.564342389	-0.9363316626	0.999117173	-0.7298457872	0.475544689	-0.4796271158	0.4464229325	-1.399384234	-0.5963355342	0.407695757	-0.5393828472	1.6354525	-0.8934106783	-0.1289411565	-0.0105660787	-0.6808589904	-1.2247319	-0.3081210644	1.421030955	-0.5967918517	0.6430972235	-0.9826674509	-1.922955472	1.025888508	0.2505440474	-0.8206196834	2.142029962	0.4127727631	-0.5323638681	-0.8028184859	1.037866475	1.456159771	-0.5739392877	1.110746488	0.489389178	1.194025642	0.07060881967	-0.5036607939	-0.4172649242	-0.1992047471	1.072078518	0.09755655104	-0.9864982515	-0.8661826522	1.168445911	-1.2954617	-1.349213141	1.301967101	0.07672329885	1.022648007	-0.1256332336	0.002567977879	0.8274091162	1.577633665	-0.2174506448	-0.1855236696	-0.2255196267	0.1059410278	1.409189719	-0.02290480333	-1.243344238	-0.497760079	-0.8709390356	-0.4256534583	1.297287818	0.00557359784	-1.453750727	0.2470088285	-0.5887296397	-0.5606202872	-0.06390404842	0.09012169974	-0.4465384003	-0.2060236185	1.010499708	-1.086821416	-1.048139068	-0.8629189098	1.463086003	-0.5164644494	-0.6991970148	1.146065266	1.13840845	-1.673839352	-1.400350263	-0.1613166417	-0.674443527	-0.4163275856	-0.5525539281	-0.7160930749	0.4726382084	0.6557519114	-1.57317064	-0.6816487999	-0.7497796227	1.552803154	0.4891093173	-0.5264673131	-1.016534039	-0.02299492729	1.235341213	-0.2952403469	0.3671987798	-0.5156407058	-0.6300913657	0.3153381074	-1.268736794	-0.4162433593	0.6597623823	1.855183057	0.2877781553	-0.03148108782	1.333184847	0.6598960949	0.9861702753	-0.2985285381	-1.531550345	-0.2845824624	0.3264723653	0.3495996819	0.6528166483	-0.3201506506	1.045936279	-0.3867680723	0.2952587382	0.9394642243	-0.7853052153	-0.0925912345	2.445726147	1.360033239	-0.278996082	0.05588802311	0.1511567179	0.2014471514	-1.290936813	0.4318868921	-0.2140471122	0.3778558197	0.008908678431	2.719394095	-0.5832353871	-1.90451789	1.400945758	1.651874333	-0.9256144042	-0.5193639195	-0.9071502551	-1.738917321	-1.315850942	0.603780335	-2.16867618	-0.2836212339	-0.2376034366	-0.07277211934	-0.07041464297	0.05400281946	0.1259994509
0.07562567651	-0.0838473805	0.0525578147	-0.5788346017	1.118281609	1.099848463	1.082604547	0.6423134786	-0.9123207969	0.4672107032	-1.667349264	-0.5384394123	0.3958136152	1.543986078	1.078197914	0.06661822419	-1.042754956	-0.7229258673	-0.8957734769	-1.363643489	-0.8995054959	1.4647953	-1.169808802	-0.3839971692	1.129897542	-2.100326672	0.3960857192	-0.948418477	-1.399203316	1.540754171	0.2493544131	-1.537013549	0.3830362938	0.4777156159	1.270805471	-0.6196443884	0.2994827573	-1.451298746	-0.3035874014	0.41541809	2.207481687	-0.6071228185	-1.496218129	0.9056507694	-0.3422972583	-0.4245553052	-0.6258326204	0.7039633897	-1.291871739	-0.3654578462	0.8370258053	0.2223120612	-0.3706379193	-0.9524972529	0.4397354271	0.4107508949	1.874776276	-0.611317036	0.5748603525	-0.2359415818	-0.943427868	-0.04961757271	-0.1231243187	-0.6676263463	-1.391546235	-0.8738142458	-1.146250002	0.1134437727	-0.5097139694	-1.186182924	-0.4537795166	-0.1523901456	-0.502530533	0.4887981535	-0.5068486505	0.3917525875	-0.1679790368	-0.005574287157	-0.6978266732	-2.790027665	-0.7632458628	2.129916515	-0.7748785701	-0.5518051479	-1.258201019	1.185815059	0.7661725738	-1.259715632	-1.440348417	-0.4225536602	-0.1726727202	-0.520908041	-0.7707150966	0.7893312757	-1.051340374	-1.09063373	-1.293504991	-0.4296621846	-0.2378712686	-0.8690222606	0.2245300017	-1.652082342	1.129675856	-1.694577442	-0.44281381	1.258732668	1.017573615	-0.1167022172	-1.35858824	-0.6413172273	-0.8206263741	-0.4080705014	-0.7952256923	-0.9387087946	0.04852528667	0.5079378125	0.4169669082	-0.1737419737	-0.54825029	-1.222169914	0.2646339798	1.099581045	1.176381183	0.556847408	-0.2377464979	0.6083784095	-0.3828386178	-2.186667813	0.1543505124	-1.868730924	-1.420183656	0.03044399912	0.287875197	-0.2722571813	-1.195460988	-0.3267035661	-2.117827349	-0.3819541863	-1.142358446	-0.3293803578	0.5139914837	0.7728711984	1.850819259	-1.702322371	-0.4683243331	1.650929158	-0.4652859114	-0.7341904573	1.241674476	-1.72881799	-1.340161556	-0.656286994	1.192765749	-1.537105515	-0.3120501012	-0.04300184535	1.56009301	2.147048977	-0.2504716962	-0.4711702206
-1.042772162	1.228002374	0.1189868761	1.323629167	-1.057456827	0.8478592612	-0.7298376017	0.9975475926	-0.1803158683	0.1157042469	-1.1714873	-0.3969215588	1.270978317	-0.6439153298	0.6362167444	0.1646461481	-1.27175046	0.5668083402	-1.511610835	-0.9330631603	-0.6917580905	0.86755795	-1.330149306	-1.328422525	-1.23001107	-2.007117405	0.9676229144	0.6506065973	-2.160617499	-0.4563301635	0.2553167124	-1.433573619	-0.04183966821	0.4967682424	0.8896239372	-0.08723429137	-0.9818638544	-1.283543176	1.125953528	-0.07205410605	-0.4070024382	0.4187859846	-0.641286095	0.591506509	0.1982120107	-0.7972498209	0.2890266926	-0.09968352623	-0.1067829384	1.284765943	-0.2790401633	0.05900310484	1.514526806	-1.164005634	0.4799547772	-1.08725696	1.557974503	0.1627454958	-0.9037549717	-0.4547952	-1.596417166	-0.2124976563	-0.09572576111	-0.7496730345	-0.9822197412	-1.419917415	-1.800963674	-1.23160164	1.344291509	-0.8752497778	-0.1853101154	0.5244028801	-0.7465576751	0.001862546766	-0.8431594925	0.8079713607	-0.188900397	-0.9943227561	-1.423988001	-2.422242879	0.5149405088	1.590576943	-0.4447117136	1.006202121	-0.9943508352	0.6423919113	1.5242137	-0.4577326379	-0.7454702142	-0.4063922243	-0.3032112224	-0.3017878432	-1.190794496	0.4267947798	-0.9589166071	-0.8498659004	1.592427712	-1.475919491	-1.725912959	0.04633378576	-0.08803204334	-0.7785906622	1.082898876	-2.084365615	-0.004387493091	-0.2673619394	-0.261825409	-0.418495979	0.1142478086	0.03697853124	-0.7897693132	-0.168070631	0.3030525612	-1.108931706	1.859324961	0.7911910294	0.7323587853	0.7145772231	0.3819194339	-0.2231941059	0.376698192	2.68498622	-1.569015275	-0.1730555783	0.465574518	0.2088265208	1.005659686	-0.5086188995	0.1593102778	0.3503101087	-0.3147423679	0.9846585374	0.2286783326	0.2067278173	-1.226836273	0.1418534094	-0.380819575	-0.8965498179	-0.4351820209	1.269127252	0.3295110366	0.915828682	1.353853196	-0.1502982722	-1.24592073	0.2253699084	0.09696321624	0.1732329203	0.5386458129	0.2601850875	-0.2574158768	-0.8638643828	0.8405728586	-0.667271701	-0.750598133	-0.3317955171	0.4806385729	1.850524213	-0.140617007	-0.200769478
1.672797618	1.06027451	-0.2071599799	-0.1144006896	1.3666213	1.107296044	1.325075239	-0.07305211189	-0.9408585529	0.7257391867	-1.813421337	-0.0753596512	1.680144893	-0.6101234938	1.316588447	-0.123082326	-0.7862740625	0.2190004978	-1.400529321	-0.9976636973	0.5341675264	1.242298565	-1.035581505	-1.980994073	0.5283183305	-1.83574967	0.2912447583	-0.2336377524	-1.992477425	-0.2362320706	0.3026011314	-0.8367228844	-0.3152145339	-0.2790155087	1.549695846	-0.3444370943	-2.032716012	1.500080254	0.9795988189	0.676933426	-0.7364061619	-0.47772922	-0.5347500751	-0.001545008831	-1.534124387	-1.32610577	0.2873989296	0.1532634577	0.8803270142	-0.7710598736	1.4514429	-0.04315352369	-0.07238884868	-0.5076833622	0.1343066317	-0.705884532	1.404232472	-0.3971342226	-1.760892568	-0.5267112695	-0.8234382275	0.2899871902	-0.3270953577	0.02286525569	0.5011769982	-1.345365865	-1.397581515	-0.1470053204	-0.2567373975	-1.273481484	-0.1537890791	-0.5487933706	-0.4406004822	0.06005937568	-0.6011516309	0.506573808	-0.2264899136	-0.6301968897	-0.252493298	-2.159075188	-0.2025434116	0.5019472184	-0.1859598702	-0.8173924389	-0.4155925999	1.451511181	0.7445692978	-0.8369271945	1.444007509	-0.6184855764	-0.3494040144	-0.2039093304	-1.749883104	-0.1040564703	0.02136130884	0.009707359184	-0.9177095344	-0.9437631177	-0.790838228	0.09613597419	-1.451186885	-0.7892848881	0.7655023621	1.034607776	-0.7050816176	-1.355250831	-0.5407655682	-0.1631083709	0.6708120664	-1.366312399	-0.4498265134	-1.536568569	1.367418375	-0.4921791297	1.757553094	0.5667908441	1.455007581	0.1564310644	1.190706151	-0.858573682	-0.07529317	0.5477979235	-1.219410586	0.7283920275	-0.1801127293	0.328894967	-1.264934309	0.2619013992	0.5545408583	0.5526390559	0.4300808799	1.611351166	1.598476208	-0.5331292758	-0.509082449	0.3323600341	0.197452613	-1.102710282	-1.995087421	-1.088314219	-0.06685814111	1.111931084	1.761039172	-0.2410329155	0.3951313237	0.02397648778	-1.181959648	0.02580287745	0.4843656364	0.4813010432	0.1531251289	-1.679136296	0.1406008597	0.2499887191	0.4479319317	-0.5558475351	-0.04975628353	0.6485303597	-0.6799770815	0.09624984723
-0.5899778482	0.3154097343	-1.354558369	-0.946335299	-0.2800777845	0.3383552454	-0.5295394954	1.29948154	-0.9838516775	0.4056623236	-2.139515045	0.1840860529	1.062515491	0.002509630296	0.9411892526	-2.173590129	-0.4002997342	-0.3975852241	-0.7604899041	-2.035072044	-0.9242481728	1.759222071	-0.6173902465	-2.183918935	0.115864137	-2.153715725	-2.523398648	0.6595695018	-2.380344864	-0.7608082516	-0.08176956457	-1.571697258	0.8958068023	1.128500729	0.9897974392	0.7448976822	1.755392196	-0.380564387	1.028096581	1.071020896	0.2004686009	-0.8151954294	-1.652025669	-0.1866721745	-0.7284176092	-0.06556446408	2.226695195	0.5946000045	0.7708965706	0.1822172606	0.0134056691	-0.8043196081	-0.4475927371	-0.230799331	0.386225755	-0.477905858	1.404886581	-0.9390076	0.8741921361	-0.02050365056	-0.3591698373	-0.08687050876	-0.5661881988	-0.2449426684	0.5225651017	0.4772431417	-1.1706035	0.4949567237	-0.1717979716	-1.228200835	-0.6458971077	0.5115933433	-0.6910610889	-0.1220047878	-1.343439644	-1.357226272	-0.2167209933	1.334305717	-0.3814902886	-1.640551207	0.1450600587	0.4904730089	-0.1969396369	-0.6232943807	-0.6845352603	0.874411156	-0.3743137127	-1.222449234	1.587065443	0.7616724224	-0.6032617812	-0.4567882888	-2.170638095	0.3658287421	0.9203697233	-0.228566208	-0.8655484161	-0.02303073728	0.822054333	-0.8874401044	-0.8400495708	-0.3792081052	0.8457360928	0.6111098698	0.1463976194	0.9134822219	-1.320467617	-0.05769628534	1.653357964	-0.3854798564	0.07596828043	-0.7006570731	-0.1366394438	0.6422367872	0.3796014047	-0.5533746691	1.063533652	-0.9220061856	1.35586299	-0.8204408549	0.3236778267	-1.153261312	-1.161595977	0.1530761358	0.3617803918	0.6585478081	-0.5079232765	0.4902760819	0.7676691287	-0.5630944777	0.4013671695	0.7705214819	1.264277418	-0.06094833801	-0.9697436525	1.08556005	0.4689066831	-0.8446949768	-0.3848402595	-0.4950607858	0.2783775421	1.321013818	1.464029548	0.763641549	-0.05966257485	-0.1178804424	-0.4117718861	0.6148082713	0.9434190859	-0.6588588158	-0.7452999308	-1.108101062	-0.789467706	-0.372761159	0.1459236909	-1.186963387	-0.8662405396	-0.7808691137	-0.1694199574	0.8627805367
1.403522436	1.306936011	1.604588866	1.274911648	-1.178015498	0.1398620511	-0.894582009	1.202486747	-0.8996882607	0.2179549115	-2.014701367	-0.5245502453	0.0599907352	-0.3364282701	0.9435955257	-1.261168112	-1.074060917	-0.1353868242	-0.4369852927	-2.294156838	-0.8809606727	1.886059164	-0.9482321802	-1.527687284	-0.5950313039	-2.263231784	0.5667494997	0.3089388438	-2.681302675	1.236791113	0.5042754555	-2.146632807	-1.458669786	1.394155031	-0.3755564956	-0.6174514321	1.322950811	-0.2741692734	1.12610156	0.711106334	-1.022691777	-1.605889077	-0.8594678521	0.7887345107	0.8340986411	-0.3524745289	-0.652029735	0.6232333448	0.8877683527	-0.7159559173	-0.08841994742	-1.017659032	0.1997946322	-0.366834734	-0.5586052927	0.17697867	0.6584726589	-0.7231072509	1.272095155	-0.2113167717	-0.7543110925	0.504009259	-0.2801517587	-2.016338716	-0.01142045879	0.5215030102	-1.243041418	2.352968594	-0.3402402437	-1.570030682	-0.6769581498	-1.191619333	-1.095967944	-0.338829038	-2.23430314	-0.6404574041	-0.1913705111	0.3404950295	-1.01703575	-1.629728935	-0.005621212734	1.498315295	-0.755973459	-0.4024698539	0.6731259522	0.9319695354	-0.2154476613	-1.688634374	0.217089617	0.1330242582	-0.3880484921	-1.142097725	-2.257758751	0.6505863484	0.3495868349	-1.556488381	0.3977840761	-0.1169298196	1.735145988	-0.1562558916	-1.082713158	-1.266121534	-0.4237530482	1.18660621	0.4790564479	0.8552078468	-1.126672702	-0.428632608	-0.8742179546	-0.5705206733	-0.06074996448	0.5232722301	0.9915630176	1.074229525	0.5579683075	0.4203965399	1.683105352	0.7592783965	1.595478513	-1.156987569	0.4195696165	-0.3107806031	-0.5027477672	0.3990504702	-0.0950898975	0.6141175467	-1.165240268	-0.01961569285	1.057889381	0.04169006737	-0.1403764518	1.335921386	-0.1595360991	-0.1120283836	-0.8159360617	0.02782185955	0.6520481872	0.4544934024	0.9801291295	1.871907441	0.3048243457	1.256197233	2.994268357	-1.520792541	-0.9160452517	0.5498882066	0.2876795398	-0.5037711037	0.6486687124	-0.2480134803	-0.559604451	-0.04857377207	0.6400032037	-0.9539459858	-2.006981161	-1.554333694	-0.5275879448	-1.61551257	0.504286133	0.4853098127
-0.01034390866	1.260465066	-0.3302456935	-0.8064007366	0.533831051	0.4582574022	0.9553597947	-0.008808219562	-1.35348407	0.8500795325	-2.110516221	-0.7179847825	0.7321367835	1.715728059	1.031942276	0.4546888494	-2.066119645	-0.02350296103	-0.4343134311	-2.703441196	-0.04837572632	1.97693988	-1.746921858	-0.4738863894	1.387281263	-1.991670075	0.7373565348	-1.892411465	-2.159336957	1.259007899	0.4409922601	-2.733325498	-0.4503209404	0.03740377301	0.4548583097	-1.053909693	-0.3698027429	-0.6006650768	0.2523740559	0.5910738209	1.704770482	-0.8380501708	-0.8214706181	0.3039167747	-0.5863820043	-1.024014542	-0.3811728271	-0.07937175805	0.8806220685	-1.034133165	0.8739930365	-0.7449821703	-0.06774444137	-1.32487866	-1.180142045	0.002869217308	0.370935301	-0.7670707774	1.413750601	-0.7049166583	-1.417076374	0.3268001359	-0.1672145756	-2.897729019	-0.190269719	0.1167369877	-1.146202988	-0.7289362544	0.09758276496	-1.522571753	0.1903680699	-0.7018240478	-1.39873563	-0.04994024326	-1.403149706	0.6686135649	-0.0920622689	-0.1835427327	-2.236012665	-1.940176906	-0.2864018234	2.019924376	-0.7061228397	-0.5031821962	-1.341271811	1.36488447	1.450632588	-1.784671157	-0.9824639081	-0.1864498263	0.1578055118	-0.9129432786	-2.296683501	0.7652576187	-0.677686562	-0.5478714475	-1.646119883	0.04082552584	0.4736019045	-0.9132435051	-1.86415695	-2.088488347	-1.434394335	-0.5908630264	-0.3393347345	0.9018140875	1.311916335	-0.8984770943	-1.227201119	-0.2738331082	-0.4583657997	-0.1231237464	-0.7237711275	0.8748001265	1.519539044	1.410441469	1.110634114	-0.8282319911	1.052538054	-0.6153518639	-0.1680723595	-0.4941963606	-0.1088981652	1.439971954	-0.1471300908	0.6578658374	-0.3626169617	-0.07678789536	1.354206413	-0.9579156685	-0.6642408059	0.2013939957	-0.5821904902	-0.4076652279	-1.219558702	-1.164105197	-1.557388346	0.346834984	-2.286057463	-0.01908542685	0.1606543709	1.564658285	1.013384659	-1.969168809	0.4384432192	0.0667672792	0.1172025733	-0.3250247307	1.4068519	-1.179489565	1.117147904	0.3239098007	0.4997509303	-0.2780946172	-0.2236678968	-0.4826160949	0.4555960678	0.6446691396	-1.055344566	1.631019208
-1.001674226	1.102112316	-0.7830623707	1.321793624	-1.18108256	-0.1149641694	-0.5042609655	1.031950167	-1.113753836	0.151330692	-0.6807708087	-1.004614661	1.377594581	-0.4273901039	0.8191695768	-0.9625041337	-1.526931618	-0.9457519702	-0.799392234	-2.787470247	-0.4386254309	1.996486529	-0.7929402138	0.701814118	-0.6044950819	-0.3609214549	-0.1628306799	-0.1765361512	-1.531974357	-0.06269236501	-0.02812087498	-0.8870380079	0.3401309487	0.9161013708	1.380734876	0.3842097111	-1.225873769	-1.066941883	0.8427827438	0.6711362911	-0.5870419616	1.143300582	-0.4643196824	-0.2374669431	-0.3854015082	-1.269746437	0.8076702119	-0.3107769992	0.08212976299	1.997328428	-0.3240888376	-1.013786863	1.423970719	-1.323670048	-0.5531025643	-1.829449838	0.5444007263	-0.8716803239	0.2630241446	-0.1164565781	-0.2009980154	-0.363575501	-0.2605383375	-2.668831128	1.494705748	-1.285245444	-0.9908170335	-0.5629141718	2.024458206	0.2933783459	-0.4843434035	0.793363057	-1.170763683	0.2683830991	-2.06964938	0.8708979243	-0.0193307861	0.01721474211	-3.250306733	-0.3648661728	-0.06635913799	1.489227711	-0.170635418	0.7344514995	-1.093449757	1.077989837	0.5465756531	-0.1536595846	-1.099776862	-0.1105429304	-0.05088213845	0.4247851447	-2.27552559	1.481187031	-0.1862910476	0.3178476448	-1.046665963	-0.2053765713	-0.8296139036	-1.485301013	-1.72669079	-0.5195997664	-1.578652971	-2.165087668	-0.1772204158	-0.5537758079	0.6189892811	-0.3710075375	0.8538253683	1.024521895	-0.362947796	-0.1509566806	-0.754189255	-1.105407432	-0.1803570779	1.363732215	1.135085161	0.7231122741	0.3801879575	0.1932780758	-0.6618746968	0.4369009192	-1.900968301	0.2108318872	0.3742796965	0.5748590252	1.063029646	-0.1739957387	-0.08936323154	0.4898884496	0.9332279573	-0.1234352791	1.007145475	0.4415312117	-2.170305058	-0.2454157028	0.680658944	-1.086151448	-0.1666642173	-0.461812158	0.8810360575	1.750151981	-0.1334898896	-0.09571408928	-1.089780778	-1.286189626	0.01808581872	0.7092423332	0.3938618237	0.9317001992	0.9900583317	0.1021298605	-0.2701875831	-1.290756439	-0.06684690171	-0.02759595946	0.9182097566	1.849663852	-0.8110789099	-0.5652135252
1.920304811	0.02995708832	0.9409605619	1.01086351	1.449576156	0.3565516135	1.028852244	1.665083303	-1.24967609	-0.2723004518	0.4061671662	-1.01702235	1.234260697	-0.4325762634	1.496143903	-1.558077678	-0.5734356069	-0.7763297836	0.1095589861	-2.61432301	-1.704666845	0.8570851815	0.324890025	1.547938203	2.713890421	0.2876586799	0.4085526087	-0.2276986322	-1.228558266	1.080762558	0.6744222354	1.700992742	-0.1577061375	0.8745939193	1.670953819	-1.028223368	-1.224123934	-1.633465038	0.5740928994	1.108262584	-0.2857142058	-0.2848179351	1.171727342	0.2496279704	-0.6187968953	-0.9513885332	-0.4201781643	-0.2333197782	0.07572164806	1.109310859	-0.04192753085	-0.3035981584	-0.5411945832	-0.5190346246	0.4823620031	-1.390782601	0.1029198661	-1.143080573	-1.425914871	1.046751928	0.9700460583	-0.4478691612	-0.4392810581	-1.793368657	0.6617207879	0.4149170684	-0.1774799983	-0.0955288584	-1.030014317	0.6475447024	-0.286363138	-0.763078078	-0.8704039614	0.6873651024	-3.137669543	0.2113851527	-0.06964257215	0.1085386583	0.5947174356	0.1990885626	-0.3870734289	0.4148010252	-0.09511823901	-0.1008389872	-0.1785340839	0.3134807301	0.129465045	0.7176341114	0.03480600773	0.104701421	0.2096055154	0.6099972804	-1.055042077	2.073903713	0.9850466016	0.09836854135	-0.08637191625	-0.979382547	-0.2087019744	0.438040042	0.0438438482	-0.1856132989	-1.777372909	0.3105683378	0.3930835768	0.2575868132	-0.1087055141	1.561833842	0.7384944846	0.08917747662	-0.1974312874	1.072087941	0.8769051625	-0.3717103694	-0.9363942141	0.3481670708	1.617500127	1.364874179	0.3211340833	0.5007457309	-0.3375212191	0.9391734815	-0.5379333056	-0.2548718488	0.3050544964	0.6045044813	-0.5819912817	-1.277782388	-0.8147183403	0.06913480208	0.5583130783	-0.3649641752	-0.09700321541	-0.4066071864	-0.9464507195	-0.09529959923	1.014980746	-2.13905518	1.3998022	-0.5367162864	1.674655082	0.8277750471	1.319100505	-0.5820519825	-1.18675238	-0.5405589305	-0.9179368723	0.1506390112	-0.3158972704	0.7346315877	0.3589813508	0.1321909186	-0.6329935641	-1.650409756	0.2520405343	0.1504044947	1.980057844	0.7963408493	0.01966329756	-0.1395031837
0.1545903048	0.1677339487	0.007543745612	-0.05317575571	0.6689080651	1.034837533	0.5479577677	0.4336120655	-1.204661701	0.5307280581	0.4325090788	0.06085502107	0.8636852551	1.220863636	0.7964346551	0.3331566897	-0.6854495487	0.7259808483	0.9965425446	-2.956521052	-1.263881984	-0.1767363691	0.6155100668	1.576862102	0.3467376732	0.1938033969	0.1633970953	-0.5818827652	-1.942454381	0.6155076684	0.1345738613	1.937248616	0.7809970544	-0.4664919416	0.8182219795	-0.5754179886	0.4104033656	-1.326832602	0.6572331181	0.8690843154	1.634013018	-0.03766355575	-1.342515255	0.2922554687	-1.121669534	-0.1916062076	0.1529458213	-0.414666968	0.2856358235	-1.668641801	1.234293469	-0.5165861626	-0.4534766855	0.005889944735	0.5644576545	0.2706602292	-0.1854531559	-1.477858325	-1.416207246	0.4727628739	0.9782961649	-0.3922725207	-0.2002486687	-2.096663276	-1.462819139	-1.023476571	0.7421342292	-1.034559921	-0.001845110154	0.3309156173	-0.136314507	-0.8091391147	-1.465312464	-0.622311502	-2.131961157	2.00784625	-0.2879290154	1.496231942	2.228643072	0.1744213158	0.2795800753	-0.7408790659	-0.8355131073	0.2970790997	-1.138197157	-0.839680366	-2.043352411	1.59453907	2.573994445	1.322661352	0.5657229248	-0.2388452567	-0.5126108459	1.14538278	1.360834827	-0.06596999297	0.5007894545	0.682930655	-0.9879405453	-0.1637712831	1.757104532	-1.457137193	-1.396046936	0.7610011818	0.6299722689	1.00272741	0.392393508	1.748697379	-0.3163682507	-0.4469478331	-0.490122149	-0.866012853	-0.3739326058	-0.5656005279	0.7615526194	-0.1860709393	1.259580135	-1.649510065	0.08941438819	0.4887134215	-0.02652927472	-1.917508682	1.159970837	-0.4138994897	0.7194126317	-0.6451076703	-0.8248194065	1.123281828	0.4355151933	-0.9374397983	0.003459940479	-1.688048171	-0.9931728964	-0.08439060773	1.098510973	-1.14652381	-1.844934466	-0.9856002718	-0.1909040571	1.016375054	0.3169151793	0.5960572843	2.362782848	1.039823537	0.6141226724	-0.2371446937	-0.6609265647	-0.2094032845	1.289103837	-0.867109488	0.1741331647	0.6438798545	1.013423342	-0.2487606565	0.1437237016	0.9365815983	2.446316997	1.904746173	0.8937069078	1.34833801
-0.5413968703	1.305335959	-1.031100912	-0.5081060269	-0.5351632972	0.9725485892	-0.5597802549	-1.261114057	-1.123074232	-0.1462738288	0.2395089767	-0.292257189	0.08512140193	-0.09373587182	-0.6399676775	-0.47410174	-0.7929607217	0.5095974751	0.7597085409	-3.176186426	-0.278409918	-0.1582885388	1.23371516	1.070699421	-0.3843647464	0.6783396868	-2.18279719	2.412242559	-1.825471517	-0.1431850697	-1.279802836	2.120108431	1.670363988	-1.082818479	-0.1791935402	1.148329093	-0.6793603997	-0.5948465083	2.045522259	0.4289031927	-0.1249504441	1.133997447	-1.63907792	0.211096693	-1.809722826	0.3891646936	0.7911612079	-0.5231686691	-0.424739505	-0.06213771137	2.491734665	-1.805011227	0.609602398	0.09673980584	0.3005487213	0.3200755158	0.122312685	-1.753175464	0.182976937	-0.5811418954	0.4912413421	0.3388498422	-0.3598590858	-1.956839273	0.7986910293	-0.6182163516	0.9033866265	0.09938377882	1.236521589	0.002744271896	0.639092091	-0.3480458937	-1.142337709	-0.8551000309	-0.9396631688	-1.683262088	-0.2927388842	-0.7764858187	1.006652092	1.25318371	-1.074870941	-0.3654084041	-0.8179023236	2.172205998	-0.4083848881	-1.540965391	-2.238980438	1.730953234	1.104998836	0.3509963845	1.126623311	-1.047509293	0.04310818981	-1.802763893	1.503377872	0.8902793459	0.3527487313	0.8036570945	2.317433767	-1.26607163	0.9890497504	-1.443554452	-1.419380906	0.8599992859	-0.2284933273	0.9510486526	2.240550325	0.348405785	1.744619381	-0.2437438876	0.2195098915	-0.8236174594	-0.2849074207	-0.2837444586	-0.8814523433	1.263648523	-0.21918347	-1.087117697	0.07780255126	-0.0590919129	-0.6829115285	-0.8795074492	1.284190702	1.218515702	0.9061598202	-0.8904828916	0.2520930154	1.625309196	1.186562307	-1.260469564	-1.033720987	-0.9641998081	-0.7423110194	-0.8345174015	0.07650802534	-1.283633336	-1.038351402	-0.4468307247	-1.340698716	1.300536882	-1.095609588	-0.5780215543	0.2277038745	0.05035314231	0.6551559044	0.9051705929	0.05999013617	-0.407560144	-1.001562125	-2.354567424	0.7014372969	-0.974499112	-0.2848166072	1.628848123	-1.160594549	-1.035965176	0.2720158022	1.793394591	0.9416092292	1.000428042
1.620955965	-0.6511114851	1.240381919	-0.2208958448	1.568623571	0.601221692	-0.3988256092	-0.8404156986	-1.83688954	-1.003920719	0.1252340443	-1.459920932	0.7866938114	-0.5892947202	-0.2567139193	-1.428235862	-0.3009081517	-0.7738626488	0.4789471464	-2.787871831	-0.2413225261	0.2607583124	1.348320485	-0.7457248143	2.04470081	0.7567769854	-0.01917750285	1.378946643	-0.4909368547	-0.6918870338	-0.9028116892	1.547374864	-0.5730829448	-0.3824746224	0.502875658	-0.7259105999	-0.1861136138	0.5494018138	0.504129932	0.3015230295	-1.136308216	-1.115214732	-0.8817056033	-1.307213769	-1.715800716	0.501915054	-1.07453732	-0.8246174073	-1.052280838	1.45649676	1.469096021	-2.25401679	-0.2064984837	-0.5961562905	0.7759646827	0.384944231	-0.3436746845	-2.074693201	-0.02600945429	-0.3801770086	1.165952194	-0.468808071	-0.4810602697	-1.325763707	0.9719727544	-0.1849412785	0.7992141836	0.1953123503	-0.9076097822	0.304546918	-0.617595961	-0.7241477506	-0.8528646109	0.8941086827	-0.8205549411	-1.473308957	-0.1112407738	-2.083188733	-0.04321474664	0.5925356807	-0.3981928948	0.5232180456	-0.6575406049	0.5623381598	-0.06913412218	-0.775734348	2.015921513	1.072946212	-0.977771784	-1.234521566	0.3084401984	-0.2017270157	0.09908596497	-2.040468722	0.2112808976	1.428500896	-0.1982146115	-0.6656056065	-0.3783866541	0.8547813139	0.528610866	-1.078943376	-1.015159525	-0.4436816285	-0.7168356354	-0.1610065428	0.8396575636	0.4737739652	-0.4222172367	-0.7800224521	0.5951299748	0.9202598442	-0.7252523159	-0.5160331556	-0.8355255721	0.3257015125	0.8690989586	0.1215900376	-0.7402411243	-1.628522591	-0.5226509648	1.030256722	0.4334618027	1.092813018	0.1294914235	0.3789919477	-0.7969281585	-1.473018308	0.4357912908	-0.08443791969	-0.4345946773	-0.4941750863	0.833533488	-0.4976245887	-0.7208089752	-0.3695303913	0.2347885408	-0.6926241058	-1.104851951	-0.6108500288	-0.5439557375	-0.6403059323	0.1348883284	-1.040592062	1.029853794	-0.5600201932	0.3234336299	0.3625047171	-1.597032365	-2.047299637	0.4830376129	-0.03527242127	-0.5425825513	-1.141638213	0.3728462118	-0.5846125612	-0.3510835571	0.1721004196	-1.052923809	1.345686735
-0.9855246543	-0.862788124	-0.9108473797	-1.616662576	-0.5999881288	-0.03858809543	-0.005224429556	0.1837403926	-1.302285698	-1.981543942	-0.2364446506	-0.8119745496	0.6658924773	0.02682435018	0.1177008746	-1.177086592	-0.2370838656	0.9259863661	0.9855150694	-2.676545165	-0.7806939288	0.1465565462	1.5191474	-1.520896705	-0.2058389214	0.6513417712	-1.075323396	-0.9839009706	-0.04511378588	-2.030036723	-0.6836242043	1.941526463	0.7614568571	0.3774287025	0.4533944347	0.7507959075	0.9866109628	-0.7638304183	0.5789399515	-0.1854720634	0.6262549388	-0.6735490068	-1.632867803	-0.5631310319	-0.2041199749	0.521759738	1.011388358	-1.328269153	-0.9310886016	-0.314166767	-0.5471506866	-1.779009887	-0.3726922677	-0.7582191372	0.736692828	0.5241777705	-0.9755155262	-1.479994322	-0.5762291578	-1.072400103	1.381499411	1.240629757	-0.180055921	-0.8286475984	-1.23804882	-0.7283115255	0.4352945744	-0.4209588637	0.2441028655	1.134574609	-0.1118670542	2.276695953	-1.139969621	0.2441301562	-1.349176855	0.4292952639	-0.4288376082	-0.5103520994	-0.1881594852	0.08788233533	0.7376336677	0.8100063754	-0.8305590243	0.3288134476	0.2324060587	-0.8659006076	1.152309274	1.070935216	0.8092923246	0.01952949443	0.5373282134	-1.066391464	-0.5929672651	-1.210442356	-0.08082176021	0.3324979766	1.031437536	-0.8313015892	-0.04839032179	-0.07796333339	0.8612344428	-0.6943342714	0.281071697	-0.09009910986	0.07105875223	-0.4398979424	-2.288049546	0.4349124396	0.06131579348	0.2983642604	-0.1651678016	1.396152389	-1.365438111	0.2783368294	0.6765289878	-0.2616172936	0.807436549	-2.483971954	-1.024679224	-1.338078949	-0.2463740483	-0.3639221512	-0.8621794061	-0.9289596589	0.9897665328	0.6480771861	0.02261528311	1.565020902	0.8095840762	0.5078142797	-0.5651376931	0.4590948879	0.4132575203	0.02266383348	0.01755941476	-0.8187652411	1.854968842	-0.417460563	-0.5408577308	-0.7357976654	-0.01562688869	-0.4657833381	-0.615067533	1.051552666	0.326177412	-0.3759347887	0.6472969694	1.20980985	-0.3171102568	-1.048318412	0.1357876365	1.308257677	-0.5607944158	-1.473559843	0.4155053401	-0.5484114421	-1.654209917	-0.3294624738	-1.107897844	0.3017576962
-1.205284132	0.6911788484	0.5209705243	0.9333075794	-1.04673551	-0.347598572	-0.5853924401	-0.4524438669	-1.063140606	-2.559797538	-0.2803204983	-1.072982014	0.623594594	-0.7591948378	0.8448670505	0.007067017422	0.1521961091	0.5842158205	0.6545689026	-1.64455001	0.3789053301	-1.101389859	0.8687373822	-1.861196459	-1.273910718	1.165349571	1.99927947	-0.227176568	-0.3452018297	-1.024569562	-0.5067308583	1.834395574	-0.711732379	0.0891324495	-0.2717682992	-1.29437733	-0.7288236471	-1.015193134	1.156820802	-0.6337396699	-1.335667365	0.4729833593	-0.148206307	1.060446257	-0.08207542367	-0.8641605116	-0.6620837128	-1.701348449	-0.1862609278	0.02826726997	0.5950222138	-1.499766859	0.7500462103	-0.2725572086	0.6306009448	0.446358946	-1.38732345	-1.255137055	-0.7368036035	-0.9411688576	0.6827063851	3.137402215	-0.3342962316	-0.895715775	0.9786410671	-2.731481051	-0.09556080207	-0.4502027827	1.286049752	0.6170047912	-0.3715801967	-0.680984349	-1.172747454	-0.4634142226	-0.9577967391	0.4568999072	-0.6128875099	-0.4323794029	-1.107922231	-0.2938119003	-0.1202136973	0.57032113	-1.017522806	-0.1401798067	0.8523593959	0.3648928778	0.5298711071	1.051679006	-0.2024198711	0.07590336087	0.2481728036	-0.9384057907	-0.2955013485	-0.3029042245	-1.097282465	-1.767789813	1.486946005	-0.6735227806	0.07514977517	0.8030316539	-0.1612338872	-0.9198244758	0.04599830087	0.5868240317	-0.6826852508	-0.3151205992	-0.9446190417	-0.2551981991	-0.3364870064	-0.6108141927	-0.07589915614	0.9246610699	0.8480836061	-0.1708155369	-0.4674493622	-0.1178704419	-0.1233164613	-0.1584791871	-1.281686611	-2.396527198	-0.8657381005	1.517864588	-0.7477282912	-1.136556754	0.4201014351	1.323120705	0.4397855872	0.781272528	0.7568444516	-0.01435387021	-0.8550660831	0.6248346442	-0.4960851231	0.6472524578	-0.1712481485	-1.800857535	0.9335931048	0.7594232958	0.2006681604	0.8253857365	-1.194843826	-0.2829079706	0.6917056684	0.4502574105	-0.7249721936	-0.5986660809	0.9258013956	-0.7062694143	-1.378824188	0.465784457	-0.7145640404	0.3786333132	0.02000349736	0.5081499666	-1.352631073	-1.273301504	-1.513931752	-0.1902208354	-1.127794484	0.8448307074
1.46723789	0.1981130866	-0.4755689929	-0.4203650575	1.625316506	-0.5242137266	1.856722	-1.358988298	-1.735716651	-2.552712355	-0.1186934766	-0.8921523738	0.9730041328	0.6605852312	0.1567999385	0.242403368	-0.1545439413	-0.5106278678	0.02929757358	-1.285109295	0.9091542893	-1.952788567	-0.2903108882	-2.14182702	0.4713036212	1.558176273	-0.1253405813	-1.02350313	0.03852036274	-0.08362250834	-0.8389110141	0.3335050453	-0.3709424892	-0.3699284357	-0.3987188371	-0.4332041679	-1.911030073	0.6538249128	0.5590666144	-0.5717959289	-0.7079879377	0.1580271828	-0.5114048811	0.6097847919	-2.124801784	-0.6683392977	0.2464258601	-1.871433988	-0.4221558642	-0.7673905277	1.805042531	-1.342683266	-0.1651013187	-0.273691287	0.4450349435	0.2889222772	-0.4341673639	-1.855636402	-0.9497687293	-0.7789597769	0.3903509625	0.064665824	-0.6156619178	-0.2787779937	1.012968865	-1.563984015	0.1878049343	0.3557115869	0.04126680941	-0.2221473555	-1.263166063	-0.05356993083	-0.483551471	-0.7039156137	-0.2631695267	-0.01441611628	-0.6670058814	-0.621632137	0.2038397278	-0.6977320826	-0.5829311257	-0.2051101826	-0.9792393414	-1.669285317	-1.331333232	1.066474037	-0.1672707614	0.5053244723	1.130094368	-0.8643177937	0.6271948885	-0.03856321773	-0.5543659325	-0.8044202191	-2.238866513	-1.113870749	-0.9690133422	-0.1399203931	-1.420010075	0.9589949702	-0.3592729799	-1.119503766	0.565534106	0.1478625174	-1.52251628	-1.196707832	-0.4033876643	-0.3442431368	-0.03926941647	-0.6538084792	0.07394300846	-2.031465783	1.81970123	0.01903460548	-0.467565761	-0.09700670075	-0.04469184539	-0.05074223229	-1.016775476	-2.617968826	-0.02029831033	1.073377297	-0.5035499956	0.1392063876	-0.3151280334	1.550179674	-1.331198711	-1.48767551	0.9062991791	-1.270623081	-0.5472987352	1.456508237	0.1994663337	-0.113635343	-0.7428990397	-1.426710591	0.4376881079	-0.6927723331	-1.229323974	-1.102732061	-0.7974873166	0.347658699	0.3749945951	-0.3154358053	0.7255180012	-1.637561137	-0.8908540625	-0.9170250855	-0.5583803315	-0.1433932697	-0.7174037919	-0.7261318616	-0.2404077007	2.961555204	-1.12782926	-0.3364908702	0.2547989934	-0.06914431608	-1.414113552	-0.717374018
-0.7228686608	-0.2264375091	-1.628288775	0.7370994043	-0.5507904992	-1.324818887	-0.4013721372	0.6111354116	-1.564791392	-2.328009219	0.468393086	-1.097704253	0.5899235859	0.08520613026	-0.5896259263	-1.06007329	0.2285796137	-1.119516031	-0.06314040161	-1.285925717	-1.002439219	-1.075788355	-0.2024100042	-0.5273256708	-0.5985118596	1.570489988	-1.914474768	0.145120273	-0.4127001784	-0.47971914	-1.714029396	0.4746655297	0.7546535292	1.066857847	-1.622040073	0.8014592201	-1.228678619	-0.9284292551	1.058455569	-0.2638090792	0.1628903761	1.659329877	-1.109354331	-0.7336442156	0.1817018549	0.0950283112	1.529750315	-1.859086126	-1.249600491	0.4532286831	-0.3462809783	-1.50707455	-0.1954359863	-0.1793060313	0.590558324	-1.119908823	0.1955204674	-1.523186318	-0.6336036748	-0.4644226303	-0.1371687255	-0.3820887085	-0.3401790929	0.5018836195	1.140181379	1.687273334	0.5770664658	0.3672021604	-0.7061140976	-0.3163431239	-1.371459142	0.5202065601	-0.4473422734	-0.6146179203	-0.3482251529	-1.56712952	-0.00225731648	-1.839830835	0.2881447851	-0.018865386	0.3548839207	-0.3565736648	-0.09601966331	1.140104845	-1.542705766	-0.001201913136	-0.1828938247	0.3415589676	0.1709377781	0.1382930749	1.187848217	-0.9134061637	-0.7632521019	0.2283919588	-1.872163639	1.461121345	0.04550578746	-0.8726059882	0.6809693638	-0.5107246213	1.615220606	0.282142582	1.105945171	-1.218980424	0.3662806239	0.4134136114	1.985529555	-0.1497899636	-0.730349379	1.886373645	0.2371396985	-1.220718006	1.049583786	0.02992541815	0.1586320171	0.1230791007	-0.1900322965	-0.5475657068	0.2599720188	0.2799147009	1.158353845	-0.859455117	0.1139699289	0.07046304699	-0.02298927453	-0.4436614565	-0.003363721763	1.30440874	0.02328738948	-1.077131649	1.72777807	1.304114381	-0.5256697573	1.03557982	-0.8604020449	-1.341372812	0.2661164164	-0.03555012101	0.3993273105	-0.5325099269	-0.736946307	0.5893659596	-1.679825639	-0.08549695336	-0.005897245648	-0.4436255086	1.137785648	1.099239776	-0.4900655037	0.264963856	0.3242429097	-1.09857343	-1.446042318	1.740816044	-1.099260657	-0.670781086	0.1949073309	-0.9264823401	-0.2930284075	-1.152362577
1.213841294	0.2736223358	0.00118556593	-0.3714303504	1.545276243	-0.1806840047	1.876354673	0.9761656013	-1.099158543	-0.350308106	1.32636209	-0.9586999339	0.7846873177	0.8013407683	0.5608311398	0.1805243131	0.05728923385	-0.1842654272	0.2795466042	-0.7710638907	-1.308512091	0.05957276909	0.3596192807	0.6224692481	-0.4767926497	0.8359851552	1.292292779	-0.6298056332	-0.1261020742	-1.157724142	-1.219260214	1.096076853	-1.188085931	0.3079156035	-0.7853503352	-0.7426049656	-1.377286538	-0.8299869114	1.467214222	0.4165914556	-0.9499588219	0.0508751666	-1.971178857	-0.9227041814	1.493294788	-0.6982714282	-0.1395830257	-1.389131525	-0.9554367072	-0.143615146	0.1838578833	-1.168298557	0.9629434239	-0.6062053497	1.247042485	-1.736217598	0.7908316212	-1.387353692	-1.632601901	0.110612891	-0.08159913674	-0.7997693823	-0.1471516304	1.120036011	-0.07892990781	-0.6729280576	0.7308637188	0.1852516238	-1.386942049	-0.3215395411	-1.253004472	-0.9421503204	-0.3475928428	-0.1813528181	0.06455874744	-0.02389099863	0.3419056179	-0.2204513262	1.178445771	0.4454615192	0.6570368705	-0.5447648078	0.8295134692	-0.8183359433	-0.999042911	0.8811129449	0.9315442934	0.854061873	0.2985256529	-0.4382090967	1.113104683	-1.241119379	-0.8816976317	0.2671223826	-1.98391263	0.8589294114	-0.2260656684	-1.211868563	-0.0736289853	0.8915671504	0.7190090257	1.312782827	1.417446845	0.1918270668	1.033492888	0.535390582	0.1398237697	-0.1179401371	-0.1366593597	-0.2516105767	0.05504865582	-1.851751705	0.285941155	-0.2154787839	0.4203095908	-0.7754944199	0.4581317387	0.4908557243	0.6246614174	0.07603676906	0.7812816639	-0.9760621109	-0.4237650992	0.4807959489	0.4803386321	-0.2205134914	0.3780289894	0.7632695851	0.352145203	0.8597471551	0.9332297643	0.0585180763	-0.009607132392	0.5365796582	-0.8897076479	-1.24660631	-0.1220394687	0.5390213763	1.791771771	0.3055694835	-0.2625157051	0.9277142667	0.1921793993	0.064831684	0.1304886297	0.5490983546	0.6706772779	-0.4724533416	-0.4830721381	0.00807839944	1.064844965	-1.101502077	-0.1495043528	-0.4609034147	-0.3825554241	-0.02881230822	0.1004902873	-1.245226879	-0.3028342441	-0.6962151629
-1.19481733	1.58778574	-0.5891774334	0.2476131668	-0.9701322831	1.027683687	-0.8022672452	0.01711210998	-0.7049138584	1.06523689	1.782057803	-0.1354060745	0.606670397	0.2149930762	0.7393764889	0.2837308638	-0.04019980288	0.9697054675	0.179593238	-1.341558173	0.4770666225	0.7350514366	1.155265477	1.210819213	-0.6743471934	-0.2619756063	-0.07890419232	0.5334216921	0.1957236317	-0.05942796171	-0.1583497709	0.9812520909	0.1607384156	0.282246419	-0.1840081677	1.007395839	-1.222918922	-0.4472556457	2.392015725	0.46038878	-0.500780616	2.066554526	-0.63931409	0.08351121021	-0.1086323591	-1.306477494	1.012674197	-0.5680331216	0.2308634272	-0.4232959807	1.364938397	-0.5829758395	0.8283032156	-0.5470260189	0.4934312394	-1.348475993	0.7527367085	-1.448491078	-0.6868372561	0.2570185254	-0.5956813078	-1.822707592	0.02218146666	1.635429901	-0.3393235214	1.945184082	-0.002183531405	-0.7558778223	-1.058351421	-0.3511275117	0.4337352824	0.008271805164	-0.1719242334	-0.2832866464	0.902027175	-0.07105165723	0.5293176242	-1.807039163	-0.2215144765	-0.3174545674	1.030929372	-1.400115283	0.2521512165	0.327002571	-1.280045562	2.380954265	-0.5736016769	1.070688722	-0.1114803533	-1.169366456	1.287053028	-1.483779312	-0.9231990787	0.1600046124	-1.300160484	0.8039675474	0.1564879029	-0.2990244749	-0.8990359299	2.00983756	0.4770092337	1.523766241	1.075448804	-0.3766595001	0.6583509412	0.03057769662	0.443104387	-0.2366152467	0.30251622	-1.00131573	-0.984666792	-1.140896156	-1.091920905	0.1773586749	0.7742401032	1.783672917	0.3298445784	-0.3037293002	1.460233047	-0.5573187446	0.4078978345	1.385795989	-0.5185504426	1.612056892	1.006296334	1.485934311	1.257916769	0.711749439	1.722779628	0.8295853309	-0.7321431507	0.01567330259	-1.373363557	1.071677964	-0.6166711443	-2.184497052	-0.1126718536	0.4884913362	0.5952303733	0.06468230157	0.7522390578	1.557781621	-0.2549633182	2.493710826	0.1385064049	0.1394738851	-0.1420629749	-0.6148416985	0.02437439545	0.1095014912	-1.793562646	-0.7215410919	1.180527807	-0.3206804749	-0.8989091465	1.416705728	-0.6088321445	-1.27747254	-0.05217127401	0.3970458419
1.716330884	0.4378147381	0.8202099481	0.131838352	1.175279196	1.23518078	0.1350499036	0.3948559161	-1.263204785	1.973934197	1.34288005	0.3965370918	0.502834611	-0.4023188825	0.4147135977	-1.331609676	0.1881225329	-0.182171608	-0.1115479392	-1.492404894	0.1569419569	-0.1195202577	1.700578444	1.187130288	2.456236334	-1.234712597	0.2065031231	1.130407624	0.8435221343	0.7877113334	0.9740172251	0.4229666307	-0.5880806664	0.6138094124	0.4597978922	-0.5040533476	-1.325545095	2.035744705	1.452490841	-0.1999201573	-1.191298516	-0.6842594814	0.3588277793	-0.2514391906	0.5420311599	-1.579492107	-0.05077739592	-0.05242702115	0.2484175269	0.8757424563	1.347716863	-0.2258455652	-0.3237745414	-0.332726624	-0.5585362687	-0.9944463079	1.256924048	-1.977457185	-1.863975	-0.04090073371	-1.239649514	-0.4156344818	-0.01445126137	1.955809518	1.0079453	1.136292135	-0.7660926881	-0.3678990946	-0.2952456273	-1.04588761	-0.5712465698	-0.6995852478	-0.140642859	-0.744018408	1.092038915	-0.09372306863	0.2859071814	-0.7165767154	-0.1331537881	-0.5670513413	0.08223689231	-1.420507463	-0.1038072147	-0.8105814618	-0.7863122125	3.110525812	-1.051593279	0.1473701876	-0.237456486	-0.5649461262	0.5546551461	-1.093077474	-0.5798196798	0.8778625411	0.3716155231	1.28762755	-0.8069626015	-0.0680475487	-0.7582613598	0.2257885287	-0.01315216408	0.5802233008	0.5446439356	0.6925628141	-0.1312237352	-0.1451742795	0.8804509767	-1.015798362	-0.7503585652	-0.160802826	-0.9665466163	-0.03249752509	-0.6250390149	-0.8417872871	-0.5512348289	-0.1085386765	-0.5378624221	1.032475167	0.6807324006	-1.679105033	0.2337321319	0.3064575468	0.104118198	2.440640579	0.5678652282	1.113210685	-0.3260556688	0.7689424216	1.966257386	-0.5325630688	-0.6453641173	0.7015023244	0.7493428589	-0.7346806107	-0.5024414384	-1.396313444	0.8946520533	-1.193518403	-1.974097988	-1.620484905	0.9764638384	0.8678722332	-0.5809746395	0.1207854184	-0.4519757026	-0.8796929743	-0.8746484991	0.1937630087	-0.9824453026	-0.1300543503	-0.4551840425	-0.3160944484	-0.8009154775	-0.4300458984	-0.1483106218	1.102269783	-1.339878872	-0.7578801667	-1.666054281	-0.4378693489
-0.545411001	-0.09799647374	-1.100501434	-0.09460882164	-0.7363342188	-0.2474764457	-0.2385302048	1.500520367	-0.7313793961	1.625811989	0.9110022849	0.1330749428	0.4072114895	0.1507196789	-0.09794797341	-1.721348613	0.6086887404	0.8234227815	0.4682126943	-1.651042372	-1.568483833	-1.685967761	1.454593596	0.6261211652	0.08597959446	-1.634072373	-2.401641175	0.3701728822	0.8449281948	-0.0532428802	0.3336442641	0.3265537699	1.003466038	-0.04350411159	-0.4191447342	0.599218979	0.7494081546	0.06752057302	0.9710431257	-1.098810295	-0.1569503488	-0.8494716731	-0.6699884204	0.04745075535	1.214975167	-0.8324952154	1.675557921	0.3850474126	0.1453663153	1.352035046	1.395828117	-0.2866437153	-1.164519078	-1.411602392	-1.172440173	0.1960964136	1.974898832	-1.521309283	-0.9055507468	-0.5412275219	-0.1340223001	-0.2265799413	-0.1373979048	1.475997692	-0.3146971872	0.3396303192	-0.06731114753	0.2102532886	-0.3249775666	-0.6149836186	-0.2329055243	0.7631312116	-0.4485766976	-1.400309865	0.2821506565	-2.716764563	-0.1370052992	0.6203877162	-0.2920923609	-0.567459291	0.1616950626	-0.5964769013	0.03585588123	1.451208365	-1.076296603	1.397190282	0.3405637612	0.1883072769	0.3969529364	0.1705303168	-0.1170277472	-0.2199172999	-0.2530096553	0.5449861347	1.506956243	1.248947472	0.7938505206	0.3609733159	1.942119701	0.662370621	1.080946907	0.03273328761	-0.427171484	-0.007442083217	-0.3191010674	1.60312032	0.4710552098	-1.40295873	-0.1299644894	0.2923742683	-1.423127652	-0.867104629	-0.3883501041	-0.2372948581	-1.627744051	-0.5896109089	-0.9194613444	0.1512472364	-0.2201856005	-0.4082158478	-0.0509395086	-0.8764902065	-0.6191596348	1.599622236	0.8072969943	1.62166497	0.5554627209	-1.201225449	0.9669224843	-1.226134248	-0.2086512907	0.1258289196	-0.496207667	-0.4444705748	-0.364809297	0.8286824817	-0.3095508055	-1.225350366	-1.983950209	-0.3983731525	0.4667653574	-0.09558862441	-0.3572093367	0.2577669857	-1.82993567	1.027180746	0.3471792512	0.2900502359	-1.59153312	-1.269193413	-1.602323371	-0.4616923609	-0.926371709	1.008147532	0.7270922603	-0.9249837676	-1.895436512	0.1221707597	-0.5491033697	-0.8512573065
1.579676265	0.4855372175	0.7558699863	0.05028086053	0.8013212724	-0.5649685415	-0.2008999114	0.7408961285	-0.5465185431	1.495559896	0.9671040533	-0.4063602457	0.7461668287	-0.540672246	0.4034451632	-0.2377737209	0.9048963752	0.9712461962	0.7113989438	-1.311134515	-1.235366407	-1.767300899	1.086620411	-0.09299590058	1.919399107	-1.656742208	0.1791523443	0.03533074032	1.564725094	-1.074948462	-0.09189491424	0.5153724731	-0.5467514177	-0.2845393547	-0.6589387702	-1.329744809	0.5014299313	0.9911081886	1.678713878	-0.8419706962	-0.9100941988	-0.6734988854	-1.057219486	-1.0204149	0.7774591398	-1.026232388	-0.9832365227	0.8151620863	0.05511835116	1.927997081	0.8401180076	-0.2796758739	-0.9498366524	-2.207411405	-1.223610305	-0.2065423642	1.734592781	-1.650581413	-1.616660592	-0.8986403045	-0.2390199355	-0.621490589	-0.03376989452	1.240445783	0.6615238287	-0.4699182123	0.7863873103	-0.9288769344	-1.003803952	0.007071145374	-1.015646925	-1.280647318	-0.4434677985	-0.9756485722	0.3889010804	-0.4527716397	0.2328748534	-0.8036988266	-0.6349408646	-0.3744210542	0.7067629822	-0.7393732945	-0.2515504929	0.05777271998	-0.8693811712	1.201389237	1.138681055	0.2847679769	-0.02789853071	-0.8546920673	-0.02226142287	-0.5466455912	-0.888320033	0.08744259913	1.101377331	0.6576961551	1.013656319	-0.6893286206	1.023041919	2.069728237	0.9033353257	-0.2138290959	-0.8829656848	0.4373842055	0.0493795883	0.209527576	-0.08934577039	-1.139714228	-0.2950804843	-0.1934609401	-1.111254986	-0.8615665121	-0.01438292831	-1.525550554	-0.531749689	-1.530654886	-0.2160876312	1.349586217	0.2635792792	-1.109132495	0.2886557437	0.1375965368	-0.5280329157	1.591580509	0.1810612009	1.167739839	-0.4929610596	-0.9266469693	-0.5610657124	0.1470170303	0.1747195709	-0.1292563672	0.3427968061	-0.5357341495	0.618776664	1.738045606	-0.5007869103	0.1369948594	-1.487694689	-0.1228659115	-0.3208192544	0.8934029346	1.284162052	-0.8716899388	-0.3195550781	0.229037958	-0.5594852129	-0.8721615468	-1.498016068	-0.5002482874	0.06943141935	-1.294474607	0.3414367776	-0.4308201225	0.9231368461	-0.4374636223	-1.33927811	0.4886530986	-0.6246038191	0.3071363206
-0.7839750193	1.467944173	-1.502534934	-0.6797579518	-0.7652659746	-0.3765677125	-0.5479502903	0.6326695734	-0.5943157259	1.746115445	0.9137439715	0.1061528645	0.8110921265	0.05398351869	0.3849226396	0.231327996	1.24819663	1.433116905	0.2959372568	-1.552645055	-0.2043128847	-0.8960977774	1.342113814	0.1825010228	-0.3716848986	-1.543664378	-1.963566104	-0.2683901426	1.511815661	-0.8839576609	0.4826970984	0.01205136545	1.460372449	0.7437101494	-0.8241608187	0.7485728313	0.4559239685	1.800969297	3.036235989	-0.7083061652	0.140820456	-1.101966448	0.6200691449	-0.2735847852	1.239127941	-1.165192584	2.067354907	1.698056056	-0.1770181841	-0.5099298717	0.2196347741	-0.577856328	-0.6500205149	-2.256496689	-1.085334432	-0.3530731508	1.751396992	-1.986870573	0.3130043336	-0.4812784771	-0.9099849136	-1.028066455	0.1521300672	1.181342127	-0.005003790936	-1.459801921	1.145735149	-0.7340490883	-0.2272040753	0.3449015086	0.4771795932	0.685896573	-0.2488786384	-1.031458655	0.6090463335	-1.710776952	0.2275204628	-0.5794351189	-1.565333003	0.2050619425	0.8698134833	-1.094168807	-0.8969971635	-0.654196493	-0.8659608138	0.9890301402	-0.4221827289	0.5306298659	1.080720238	0.05714612482	0.4889917322	-1.202183849	-0.9996577982	0.3853388825	0.1541027353	0.5058151579	-0.7249724186	-0.648224976	1.74138899	0.1510371962	-0.4804048787	0.4777749914	-1.049317846	1.023654555	0.5587283829	0.6695687562	0.4310562373	-1.222207442	1.261859469	0.1699253226	-0.8623512629	-0.2758651766	-0.01463352935	2.367633237	-0.1507731122	-0.03264265247	0.5417882585	-0.4052622266	-0.01445587674	0.4446103886	-0.1332155683	0.540372079	-0.8550573511	0.4712650824	0.2003666922	1.036815683	0.4913066583	0.7313072508	-0.4551412543	-0.8547733003	0.1036325285	0.8880928374	-0.3928497511	-0.1538870141	-0.781716312	-0.1789990002	-0.7239448817	-0.6265717437	-0.3271027574	-0.1659191636	0.3687997999	0.6399500216	-0.4327087397	-0.01107489156	-0.08131367548	0.8068302971	0.6241584823	-0.3845411517	0.4210618805	1.114201739	-0.9838814065	-1.947378434	-0.08926168828	-0.2432668262	0.05474046214	-0.9235159296	-2.652856003	-0.3838543748	0.9481764696	-0.6250415099
1.551990114	-0.02779055848	1.449144714	1.319377048	-0.6086237819	-0.3526786899	-0.712195266	1.23964166	-0.9526747709	1.725121877	0.8150790923	-0.04239531405	-0.3136177746	-0.6674774949	-0.09485180238	-1.281001855	1.29184203	-0.4802055775	-0.6661927364	-1.416307196	-0.2573636213	-0.3810541686	1.09939085	0.281122908	-0.8529745566	-1.206248683	-0.3911092565	0.565964952	1.142242235	2.295157817	1.066720804	-0.4808171199	-0.4240681131	0.4374330183	-1.35653403	-1.136497869	0.7837558445	0.0145542558	2.10830195	-0.9896221124	-0.2756567195	-0.9455517445	0.351586803	0.9421413138	1.689149339	-1.286131626	-1.201068688	2.062419929	-1.027199912	0.6827686415	0.7055407314	-1.811375684	0.3364856194	-1.832907434	-1.22161982	0.2073693854	1.811701263	-2.297733457	2.658152976	1.017148236	-0.716817985	-0.3118380063	-0.06269383478	1.255919788	-1.076625364	0.4400800143	1.068561463	1.396725025	0.6846239348	0.3391007097	-0.6717590329	-0.8735382253	-0.2627145407	-0.7502499671	-0.002590492602	-1.486536749	0.2917264162	0.3275483673	-1.115927174	-0.1933784247	-0.4734654848	-0.5472872332	-0.9076595895	-0.1762700497	-0.6273866568	1.669628876	-0.5742464489	1.026208412	-0.03397259244	0.5092184077	0.5243576536	-0.872383316	-0.368042293	1.381682569	-0.5161842843	-0.4220196353	0.1286513295	-0.3209387367	2.546948851	-1.312488376	-0.134691859	-0.238112709	-1.219461765	-0.3241642446	0.2526827633	0.1452898132	-0.3470373229	-1.139737652	-1.056126393	0.05199625425	-0.0618113997	0.3848441414	1.831177018	1.383235215	-1.348658998	-0.603133012	0.540156842	0.9372853299	0.3681142907	-0.1082921939	-0.1170718321	-1.37825523	0.9467984898	0.8197787357	-0.06681280983	-0.3338948176	-0.3745593975	-0.4251070684	-1.552888127	-1.387859725	-0.302470177	-0.5673006344	0.339586654	0.3087678527	-1.235586462	-0.7288553044	-0.1150227106	-0.1217753415	0.3000371038	-0.07215087972	0.347650786	0.1073060427	-0.5646947746	-1.815766121	-0.5458165069	0.9986662507	0.3655442193	-0.4443624281	0.1653077829	1.431726138	-0.05110286094	-1.541855939	-0.7223920603	-1.665175086	-0.4842263202	-0.6863232965	-1.492849909	-1.26027399	1.852098923	-0.09024395202
-0.1450293841	0.05845973957	-0.412648495	-0.7871442929	0.6373428459	-0.1518505512	1.155423844	1.088007147	-0.5724051576	1.743969101	0.7234947504	0.05044447621	-0.0741813441	1.265486124	0.506135695	0.8423620804	0.6598004328	0.05380976932	-0.9825567909	-0.8817923462	-1.496088075	-0.7224174831	0.6310902814	-0.6686347678	0.8500392446	-1.277731355	-0.007930219808	-1.402910686	0.2326425643	0.868459685	0.904318208	-0.8484956779	1.074167675	0.3497443309	-1.313714882	-0.6496991754	-0.1592630082	-0.5313063557	1.771573838	-1.680217948	2.561680203	-0.029278792	-0.9754340248	1.347135029	2.310613548	-0.2979702315	-0.2049718081	1.313976688	-1.184207867	-0.458418001	0.02716255658	-2.327280329	-0.5653580287	-1.877530629	-1.300804248	0.7434524651	1.456214572	-1.720955202	0.327035744	1.05335739	-0.7900393526	-0.3520753327	-0.2193957448	0.9983062728	-1.450207167	-0.1776238105	1.087279142	-0.6244831254	-1.331311602	0.1712350059	-1.382378672	-0.2971933107	-0.8226245905	-0.5427522086	-0.2513159303	0.6921119917	0.6819132473	0.8628681356	0.2208822157	-1.071632746	0.175553376	-0.8457568618	-1.225468379	-0.8447378957	-1.647911871	0.7202707718	1.18263002	1.069145165	-0.5372721161	0.8076012175	0.9876830549	-1.005385681	-0.4231921695	1.579682097	-0.5604136189	-1.770049847	-0.88168125	-1.100088936	-0.2778544881	-1.235008353	1.696478319	-0.06998983222	-0.09362174622	-0.3072689143	0.02160855458	0.9445922584	-0.7283461191	-0.5335514976	-1.526617933	0.3895094691	0.1339333731	-0.7007836108	-1.043774533	-0.365644008	0.381789888	-0.430987156	0.3388755496	-1.071853918	-0.3225841248	0.6385868577	0.243062163	-1.822059019	2.003101853	-0.1612327545	-0.05320033035	-1.37078664	-0.9776216241	1.271462441	-1.839213933	-1.625051603	-0.4290240589	0.1590612412	-0.2271120425	0.3941033083	0.05497272633	-0.1865282905	-1.051408488	-0.445324928	-0.07735522872	0.7439594394	-0.1662347904	0.05850573167	-0.2246069813	-0.8706945065	0.01442588266	-0.2413539017	-0.4273110216	0.7475764007	-0.1116488237	0.7795030902	-0.08066188659	-0.5599634347	0.433313534	-1.56252255	1.576421284	-0.349222009	0.5028270327	0.8869841388	0.7513778955	0.2043176604
-1.154049299	1.66961663	-1.056184063	-1.159443979	-0.8707710571	-0.3589195948	-0.661866335	-0.06169976973	-0.7867072419	0.8940813991	0.6468887245	-0.7206450511	0.8755212325	-0.116708064	0.05927606297	0.1033471751	0.3863603049	0.7906444418	-1.441500817	-0.6420934514	-0.07846000142	-1.210650925	0.4045100334	-1.749825619	-1.032955458	-0.9592192421	-1.179183706	1.486291649	0.04332501888	-0.3243993346	0.2454193299	-0.6176177715	0.5000854255	-0.4137034944	-1.398446677	0.5781640818	0.0461516115	0.7180016135	3.050651755	-1.986699347	-0.4379364806	2.766559719	0.00287696103	0.9193645208	0.5844509067	-2.234929788	1.53581989	0.6806770636	-0.1598982082	-0.9677064171	1.444105784	-2.419300727	0.1682864778	-1.173221207	-1.102768393	-0.1842100798	1.150523037	-0.9312728314	-0.05831514215	0.3484636708	-0.7747731418	-0.9308320552	-0.1072517252	0.5221439744	0.06156983492	0.008635136643	0.6094918459	-0.142155723	-0.8671446016	-0.1843707808	0.5165807025	0.7120365766	-0.973364747	-0.3865723982	0.001793195187	-0.988971146	0.4038578225	-1.443582467	-0.8220807203	-0.7558188772	0.2002597994	-0.7400489369	-1.14375303	0.493875058	-1.420854933	-0.1184360098	0.5490536416	1.347173413	-0.4820179576	-0.4196157555	0.3953887089	-0.2422024806	-0.8519590979	0.3370091092	-0.5653663541	-0.19371158	-0.1422889642	-0.5523998543	0.8657055642	0.7109786589	0.6380853988	0.3475177054	-1.676603563	0.1589508772	-0.008276953421	0.8394842964	-0.1518222937	-0.740858981	0.9872254453	-0.9315370888	-0.05436317485	-0.9516185397	0.1743266702	1.308987456	0.8899257467	0.963870938	-0.7209253194	-0.5362199024	-0.1515696005	1.024297814	0.2512777631	0.1382730628	-0.407080462	-0.6426796968	-0.005403473159	0.3466945263	0.8811660701	0.8874847615	-1.559668015	-0.8709111314	-0.1095381687	-0.0960429401	-0.7164055682	0.9707091161	-0.9971735997	-0.3912614599	-0.2243874344	-0.7307592329	-0.5898334256	-0.2927436664	-0.4280458687	0.02450899629	-0.636216936	-0.4874610113	-0.5049487562	-0.85231131	-0.1513764689	-1.316821641	-0.9136999859	0.6672680203	-0.5090731763	-1.101573417	0.4371555135	0.5291416157	0.5969179808	-0.773034985	-0.3521869727	0.5434620512	-0.01735820616	0.8168094681
1.371877636	-0.3734151473	1.938822866	0.6555230168	1.355119868	-1.24773281	-1.336181624	0.1314628196	-1.23589539	-0.003684141902	0.5671577712	-1.139732196	0.8272688496	-0.835008285	-0.04629290954	-1.403682894	0.4937700662	-0.4045934718	-1.938423698	-0.7700763048	-0.6025952016	-1.144476237	0.7193505139	-2.067479387	-0.783291001	-0.6713958544	0.4631826581	0.6829025333	0.2420050849	-0.4251179679	0.05197129383	-1.267581007	-0.4164797124	-0.8484160233	-1.88137414	-0.7297786968	0.294150384	-0.09541504387	1.37191898	-1.824302955	-1.045402446	-0.9205302446	1.316055535	-1.327747443	0.1438388775	-1.452185752	-1.078457928	0.2327410818	0.01676314562	1.000158528	1.155636121	-2.158375066	-0.8177889309	-0.03864693077	-0.4178973871	-0.6512748102	0.963932129	-1.411947463	1.151971992	0.1972031871	-0.1145920057	-0.9469126038	-0.2232731892	0.5933444861	-0.9817979158	1.259090566	0.1919043536	-0.5808456103	-0.9355284672	-0.2020660762	-0.9896535807	-0.6520409918	-0.06045709491	1.341921532	-0.3048638825	-1.243202185	0.2660244926	-1.295350515	0.003820360538	-1.854918299	-0.5123277604	0.4212061899	-0.3310652758	0.4654629754	-0.6103956113	-0.1825794201	0.3124872496	1.365518336	-0.7679428245	0.1374162878	-0.2259633982	-0.1130585258	-0.3926001921	0.4219138717	-0.2692824392	0.4776920925	0.7335279686	-0.392259292	0.5827398026	0.5251046406	0.5086857931	-0.1000824985	-2.250241553	-1.178738869	-0.2072047618	0.4284821217	-0.1378373157	-1.340329128	-1.47728293	0.4833718509	0.2820076406	0.08743714819	1.514027676	1.10150457	-0.1565073655	-0.7961933504	-0.8047895624	1.505049606	-0.8792408099	-0.4890249961	0.6453856729	-0.07446836399	0.4900307711	0.6504201315	-0.1131797891	0.5262758331	-0.7449633652	0.1734157463	-1.75130749	-1.286148452	0.1575634753	-1.655235915	-0.7993575034	-0.3076015663	-0.9217381917	-0.2587274406	-1.421225159	-0.7064368209	-1.277894201	-1.054630952	-0.2865012679	1.040431058	-0.01912072046	-1.488662279	-0.479575832	-0.6304009244	-0.1264482797	-0.2187254867	-1.075656215	0.5780447519	-1.179597515	-0.7291275166	-1.444218703	-0.6553470454	-0.2354097372	-0.03862318977	-0.7174058897	-0.2219836511	-0.6465739557	0.3898221105
-0.7568344101	0.005227849259	-1.095250566	-1.46794096	-0.2586422529	-1.652544344	0.2405903229	0.5084055155	-1.127180592	-0.4520958915	0.7062746793	-0.4343806181	0.9793546836	0.4177054485	0.4794614377	-0.72434123	0.7018349476	0.8033569887	-1.534892297	-0.1927271037	-0.4381121529	-0.8126795057	1.432671067	-1.765252984	-0.3228494357	-0.489820359	1.28573856	-1.670532921	0.2452261538	-1.533384313	-0.1081568332	-0.8725176815	1.278564086	-0.2394167161	-1.912353699	2.070140257	0.745465782	-0.2458670317	1.649259423	-1.050925408	0.5965585954	-0.5806843248	0.3260111263	-1.467811914	0.7006106978	-0.6835968742	-1.260691827	-0.02882417067	0.8258496548	-0.7295138796	0.1675922667	-0.9923110219	-0.6167661983	0.3477455403	-0.2131936371	-0.7463781757	0.6590626962	-1.018399527	-0.5714754716	-0.5116563219	0.3706041607	0.6700990472	-0.1475875216	0.6052258372	-1.17478017	0.4893110061	-0.1260907972	-0.0392590328	-0.921979448	1.178957767	-0.4712447102	0.9014040211	0.255677432	0.9952804279	-0.4721948306	0.926867996	0.2550416063	0.3132319563	-0.09564207024	-1.410112068	1.203936938	0.4972827293	0.05439334276	0.7257133229	-0.7800537761	-0.4003347276	0.5923557002	1.01729659	0.511908656	0.5282174262	-0.2611108391	-1.160438199	-0.8847231874	0.8750471512	-0.4117141466	-0.8349877831	0.5575278793	-1.024563175	0.3883398159	-0.4194133402	-0.007447308706	1.223403998	-1.473511975	-0.6970204803	0.2240768051	-0.9508640436	-1.80852714	-1.218012068	-0.3892603823	0.6418197237	-0.7381939615	0.8140272575	-0.5502484195	1.437598851	-0.9959734167	-1.207110825	-0.1178332215	-0.2321784876	-0.8708480722	0.1100633918	0.4188080997	-0.558022902	-0.6057305625	0.7710493882	0.3220356461	0.2655864649	-0.545729744	0.2174390201	-1.331697658	-0.8315450133	0.2508911323	0.3629337453	-0.8150594358	-0.9093050281	-0.3861943124	-0.7215637264	-0.121738721	-1.127864891	-0.2367752446	-1.942124933	-0.8635277195	1.333189616	-0.8146930301	1.517233364	-0.07852687342	-0.6417813696	0.1339902022	0.6222175002	0.3097352504	0.5347336599	-0.1976094069	0.354375881	-0.444044617	-1.313091636	0.186479715	-0.9161760671	-0.6494368774	-0.07891909252	0.004423445279	0.6770455197
-1.30099371	0.9083476561	0.1476642117	1.178387235	-0.8094559079	-1.522035631	-0.9518299863	-0.0509743262	-1.374213733	-0.8202324376	1.028945864	-0.2840072753	0.6443312854	-0.6763759456	0.5802035037	-0.383684744	0.9935703966	-0.8270861914	-1.527684714	0.5419375506	0.6352157788	-0.4370530063	1.808965948	-1.609352779	-0.3883589847	0.02459662318	0.9667845281	-0.6993164895	-0.2460687632	0.9563337614	1.151676079	-0.03608261275	-0.4813983677	-0.2192463362	-1.305320798	-0.5769075399	-0.2635781839	0.5374286938	2.097571325	0.2319770293	-1.332113762	0.878719745	0.2636740951	0.7238483781	1.390481807	-1.186558532	-0.3136750558	0.2278137024	0.1139000201	-0.4635648356	0.859282107	-0.9640060215	1.245890575	0.9966285755	-0.1449201273	-0.9083636139	1.224799981	-0.6076919697	0.00373617494	-0.1749271102	0.9619526943	2.586497147	-0.426261609	0.2571318052	1.265671421	-1.873084896	-0.6924498209	1.599491157	0.59872568	1.793284664	-1.150853652	-0.2508541173	-0.008868838518	1.162346466	0.3430407142	-0.2528780624	0.3623913986	0.7780636058	-0.5905660125	-0.8044762852	0.08371944399	1.291672552	0.5402554035	-0.6464321198	0.3936726093	0.568286046	-1.133857698	0.4788721409	-0.2550919498	0.339569604	0.8538197393	-0.9686709825	-0.563349329	1.310224042	0.3250306862	-1.096705348	-0.6444556528	1.44200451	0.5271676036	-1.411130641	-0.5563083199	2.092453743	-0.8287760238	-0.7233756819	0.06130119344	-0.5179833887	-1.230693698	-0.5634251385	0.3713858941	-0.8410631961	-1.033095242	0.5629475184	-0.4693956003	1.203829782	-1.292419511	-0.3042389939	-0.3093820084	0.6994726674	-1.04708506	-0.4300787323	0.7368147584	0.5218839081	-0.3738172256	1.498745136	0.7951394702	0.5454424127	0.1822409795	1.818094803	-0.8017079765	-1.394607435	-0.1540320678	0.087575742	0.5765849052	0.3778204611	-1.379092898	-1.413711334	-0.09727246135	-0.6048189109	0.803921899	-0.6376700004	-0.983140389	1.108725802	0.1124279592	0.4159704331	-0.8603979999	-1.288791162	1.494114481	1.205279115	-1.059891485	0.7114173687	0.718026889	0.8978792953	-0.648185311	-1.136175658	0.7401852129	-1.338703851	-0.09489983481	-0.9871717666	-0.3352818268	0.6529450331
0.5812891695	-0.5153607249	-0.5016618846	0.1293109722	1.617005733	-1.190649633	1.217868058	0.3612732295	-1.54399865	-0.6975850826	0.6625522138	-0.1458628868	0.6558673322	2.508072575	-0.03921587399	-0.2004402006	0.8947850251	-0.6184934648	-0.6549129963	0.3545254633	-0.9675554288	-0.4937927673	1.752519061	-1.599745881	0.2102411809	0.03501494634	-0.7024565508	-0.7154761091	-0.4053088909	0.00291957799	2.726983722	0.1586664616	-0.7665220304	-0.5245450573	-0.8668419722	-0.9888786154	-0.8945849553	1.163260736	0.7091220132	0.5223884338	-0.250089653	-1.109662667	-1.464518506	0.4307699997	1.22181784	0.2408115255	-0.2847287089	0.3542208981	-0.4509647295	-0.2608364435	0.4600286237	-1.137343464	-1.046589683	1.138215642	0.1850092443	-0.3952100909	1.098207529	-0.5013716083	-0.6412071507	-0.3469912726	1.400360437	-0.6653145823	-0.2905130228	0.9607349226	-1.516430205	-0.5959946963	0.2444143938	0.980800056	-1.432642098	0.7496255661	-1.958883441	-0.6948653727	-0.2819696886	0.7414617149	0.01711507611	-0.1582069049	0.4926211717	0.3409842138	2.390109752	-1.288343855	0.3782527333	0.9247992389	0.6399964332	-0.5441979877	-0.8806528889	-0.7030743865	0.7644085812	-0.1367857021	1.194579599	0.2759522082	0.9015818822	-0.4403125562	-0.8074293054	0.958381456	0.3722888016	-0.7892337161	-0.6392829701	1.387344286	1.173325436	-0.723745239	0.02166800519	1.238216055	0.03182432283	-0.6396681411	0.0744157538	-0.452926794	0.02108210408	0.2438579601	-0.5808652998	-0.9088330166	-0.7025494545	-1.220851054	-1.579325341	-0.322371583	-1.518455864	-1.036140026	0.08136629098	0.2454550075	-1.217841419	-1.032744008	1.053363266	0.3941955603	0.9848526304	0.7117812513	0.8852491302	-0.9690473972	-0.2854207738	0.1705718715	-0.6529199044	-1.68376751	0.8695034526	-1.236418971	-0.6071309922	-0.4990283702	-1.00065454	-0.287078985	-1.817059946	0.1223261224	-0.3379380676	0.3041191652	-0.8213123344	0.4521511906	0.2353928628	-0.4592508813	0.1959680121	-0.8893197495	-0.8922962897	3.481792914	-0.5108430676	-0.9510491635	1.620127457	-0.2058909027	-0.6873602638	-0.05577569026	0.5116219929	-1.461274204	1.461696395	-0.6990159865	-1.418083266	0.4926714011
-1.111351884	0.4881578724	-0.9808454526	-0.9760894893	-1.122523726	-1.010744357	0.04996271196	0.5208481695	-0.9417145688	-0.808060809	0.7118930268	-0.4799949621	0.8746164766	-0.4073800839	-0.03385261501	-0.05443445376	0.3329190641	1.110563815	-0.001073009029	-0.1437475447	-0.2653752623	-0.1461617669	1.394401708	-1.258009065	-0.09114530819	0.05706751011	-1.740107804	0.4557376809	-1.031945471	-0.9560518971	1.847800276	0.3635651283	0.7224305024	-0.1275844476	-1.575935395	0.6508101614	1.014780867	0.2223684705	1.941266688	-0.1007708798	-0.1606613145	-0.3787675401	-1.253100866	-0.2438720303	1.617522532	-0.6560533171	2.312464655	0.3646024494	-0.06964153495	0.3389178685	0.4797321357	-1.10502523	-0.457378901	1.354561612	0.5707955521	-0.6031378416	0.7260527537	0.4417761554	-0.4901539744	-1.106206877	1.511495467	-0.5502567288	0.05500205193	0.06941342515	-1.120480109	-1.126378955	0.2935437114	-0.9231831875	0.2071113646	-0.4195062136	0.04782372145	0.7793029416	-0.2213643929	0.2526444195	0.2430866286	-1.508047809	0.4943998637	0.1109872494	0.4394168893	-0.4507110687	0.9746164399	-0.1947217845	-0.06594755917	1.224474933	-0.3098514615	-1.591791122	0.8634644576	-0.2807360214	2.046645893	0.1779718632	-0.0195103643	-0.9419798698	-1.125636954	0.7270416342	0.8821762561	0.1563577799	0.6120338881	-0.07683556364	1.321784525	0.9512843146	0.2167563472	1.357442861	-0.490428195	0.474142389	0.8473211323	0.6330156643	-0.3897442797	-0.2260076731	0.6300342012	0.3297638404	-1.004481504	-1.025408266	0.1922171556	0.6100395023	0.2949827574	0.254429255	-1.220967778	-1.164761116	-0.7225437235	-0.2804145398	0.3233096713	-0.3221785885	-1.421152493	-0.2066956616	1.424140087	-0.5099026186	1.851157907	2.530609219	-0.1154347686	-0.5330988908	0.1447395917	0.5384982785	-1.837569148	0.4883458035	-0.9886648304	-1.031716613	-0.3223693695	-1.119527582	0.483422794	-0.7471516883	-1.77565333	0.1842382612	0.9415672884	0.8500821822	-0.3476041551	-0.07762814474	-0.1375761147	0.930386012	-0.2018840891	-1.84194247	-0.7261743426	-1.146532263	0.05392987481	-0.07256947579	0.6332048752	-1.727477677	-0.3565216556	-0.4659192462	-0.1957515131	-0.1512139762
1.288220873	0.627327688	1.519159883	0.9974427858	-1.304343619	-0.3570811098	-0.3025436659	-0.4707034698	-1.436426583	-0.5083439383	1.076290263	-1.239956851	0.1873166003	-0.7389634844	-0.439252764	-0.3425361337	-0.05115658797	0.02406568109	-0.009749427861	0.2894813546	0.9287332817	0.8452943965	0.5259933234	-0.9805364213	-0.9194103969	0.3476645672	0.2451387481	-0.5973137851	-0.7639791503	1.406073596	0.2196701437	0.5118425145	-0.3698075096	-0.8470006288	-1.27376088	0.1696591162	0.6574887342	-0.9901376914	1.38883656	-0.425924773	-1.165321285	-0.2843009339	1.726402011	-0.8743593761	-0.3480885046	-1.322786986	-0.383231852	1.03541186	0.9783535449	-0.4936082655	2.48650596	-0.3449537785	0.8659380859	1.450501182	0.9255706348	-0.04265930209	1.241221505	-0.06347994363	1.388636845	-0.6248151108	1.652955632	0.0310613968	0.0295301599	-0.6976099664	-2.258191494	-0.4956083222	0.502841631	0.07834516474	1.118083988	-0.7880548773	-0.1054965056	-0.1154545294	0.391162488	1.031965169	0.7500335107	-1.225942381	0.6425723375	-1.24626018	-0.3523439908	0.3174042025	-0.7950841271	-0.5527105065	-0.5371680575	0.3601880225	0.9981209382	0.1381057264	-0.3172461942	0.1272787117	-0.04302637746	-0.7652777501	1.19142453	-0.7802474792	-0.9678250493	1.189253453	1.192395362	-0.9528858321	-0.215292882	-0.2346476996	0.6943078093	0.4473313116	-0.1402980083	0.5360407641	-1.016450161	0.1565493771	-0.09783435239	-0.56689432	-0.8125467805	0.2670733449	-0.7659061397	-1.0219847	0.04916698776	-0.6006600554	2.273588359	0.2608258835	-0.4899563195	1.27302661	-1.03355657	0.5551035447	-0.3465102216	-0.7341229008	0.7189197086	-0.8387207311	-0.635031127	0.5720608529	0.5097734086	1.062879256	0.989171767	1.393581855	0.05346762345	-1.755796406	-0.8931454841	-0.1456190014	0.3904916103	1.171594588	-1.210228652	-2.166265774	0.4340338933	-0.01107985809	-0.7407727693	-2.190719497	-1.257237142	0.06738446286	1.74675258	-0.1565281178	0.7745360206	-0.7620347303	-0.4980127087	-0.7134714137	-0.2412255786	-0.8337940493	-0.9754411104	-0.06340707851	0.2497368908	-2.011988153	0.9168043868	-0.5258614942	0.5234745475	-1.193637119	0.1993513254	0.03580776447
-0.330560139	-0.1655558682	-0.7886497779	-1.08768133	-0.1532285662	0.2475810054	1.08782256	0.7068144524	-1.32993902	-0.3017379154	0.755176122	-0.2621225447	0.2859949427	1.068925289	-0.1177803752	-0.4112033294	-0.08641813865	-0.3789975278	0.6464964249	0.5131342317	-1.159928196	1.075871581	0.5105735381	-0.856000413	0.6069829124	0.1662697563	0.4565074877	-1.674398462	-0.3437842553	0.5438970545	-0.7513280383	0.6280634008	2.421863711	-0.1280848224	-0.5395239991	1.825426624	0.4979961863	-1.804179089	0.9404994198	-0.3906748529	0.5238413924	-0.9943442484	0.4020451525	-1.162331416	1.247380662	0.5844303529	-0.7879897655	0.809733958	0.9978722664	0.008761827395	-0.3750252288	0.290392602	-0.144327831	1.697829437	0.8274879392	-0.3121893797	1.559240821	0.03232084268	-0.02217692105	-0.6037077405	1.311824903	-0.5158841057	-0.2320370589	-0.03339934659	-1.15918264	-0.5256501481	1.772568387	-0.4356565862	-0.5166855133	-0.07700861696	-1.281843712	-0.3504236417	0.6880993914	0.730367513	0.2599476035	1.242765485	0.701587429	-0.2792610302	1.006265746	0.7032283814	0.2712083355	-0.3128651277	-0.5555487805	-1.167239407	-1.168935661	0.6727693062	1.157393498	0.1888982542	-2.000199563	0.2375241492	1.460172664	-0.9096511516	-0.3400886794	2.05308093	2.050432514	-1.307347675	-0.6557732358	-0.5364307116	0.8623518116	-0.8928659434	0.8809945369	0.6555301679	0.08289356438	-2.007157852	0.2520176664	-1.922613227	1.379668762	0.590751541	-1.680637752	0.3947866849	1.163481533	-0.07339184096	-0.6246934189	-0.01449611226	-1.87602057	0.60058813	-0.9447548306	0.6681971988	-0.3807186716	-0.1479652512	1.077268914	-1.482058919	0.6912352121	-0.2636568327	0.2879665755	0.4262845874	-0.08405805941	-1.035320561	-0.4972703699	-2.113654827	-0.2345279911	-1.210831434	-0.8446248104	-0.3465234499	-0.3152702121	-1.60249284	1.605518468	-0.4428740404	-0.1336115031	-2.233150119	0.1481681456	-0.3192818203	0.5490703461	-0.5124524164	0.8510487891	-2.55733143	-1.326459898	0.709688577	0.8770980424	0.4383045516	0.2841499431	0.9757415428	-0.761082743	-1.173491355	0.8003063169	-0.4575554573	1.299237407	-0.3725176837	0.712370804	-0.1067435878
-1.081844209	1.477826103	-0.9751242334	0.7820883054	-0.9301623538	0.4093211791	-1.490821262	0.4140553833	-0.9689793922	-0.6703528662	0.1885119426	0.2096040503	0.9079387355	-0.7240017875	0.6563298346	0.103721335	0.06081704525	0.2694858799	1.326701994	-0.007604605483	-1.09646235	0.6760647994	0.6234148919	-0.7822007429	-0.5720912486	0.7226283075	0.2130883725	1.308180849	-0.6815396595	0.3591273629	-0.7920296787	0.8401352472	0.3444140382	-0.4171394526	-1.029664471	-0.4042009034	-0.12665875	-0.5484920583	2.241156685	-0.3379314161	-0.4309935013	0.6160815524	-0.6333468789	0.3736126134	1.638147041	-0.5583788368	-0.315083016	0.6036884013	1.060112242	1.280085187	0.5805325864	0.5590367944	1.720530989	1.264683175	0.7657583814	-0.9962308942	0.9540323889	0.9427419819	-0.6541303124	-0.9285893079	2.258135375	0.3582183535	-0.2857448226	0.08931455782	-0.5968068483	0.8069002529	1.69633929	0.7295363197	1.768247405	0.3956638622	-0.9503539272	-0.1588926692	0.6233768601	-0.02673260074	0.361561608	0.3204380266	0.6629660399	-1.584036445	-0.1014504579	1.156022389	0.5240088539	-0.6532919825	-0.2443357123	0.5545912596	-1.73047256	0.8260607312	2.2317658	-0.4183344175	-0.3741731111	-0.1666770551	1.557199191	-0.8902650203	-0.03716825211	0.8293999307	1.840895389	0.3923351886	0.2810578988	-0.4064091782	-0.8502326446	2.037359289	-0.02307000351	1.819933515	-0.4222737105	-2.086919976	0.6427486511	-0.9994526054	0.2157008303	0.7119191452	-0.3024911002	0.2018797286	0.5828893652	0.3149146852	-0.9686773572	-0.5960030199	-0.8307873634	0.293635148	-0.6020750436	0.63800299	0.1962644305	0.7523938797	0.2389184184	1.264776536	-0.4477636747	-1.726029944	0.7178810421	0.935605142	1.894877462	-0.7426594371	-1.701300621	-0.5212293821	-0.6266001718	-0.6619135768	-1.853074526	1.556355199	-0.5139558189	-2.482434029	0.238861227	-0.4620326661	0.7870031811	-0.8309179638	0.2778078051	0.4047157508	0.6729598412	0.6709712293	0.08004238045	-1.18345909	-0.3456590295	-1.110838341	1.165415422	2.173105721	-1.542288402	0.8366829182	-0.4013091444	1.450618367	0.6011664842	-0.6086237118	0.7631862745	1.570085588	0.7493044183	0.4335056343
1.336406478	0.1489838927	1.345207615	0.1511128415	1.081130806	0.6457650735	-1.429038484	-0.2989795063	-1.619741133	-0.3637353189	-0.06981279654	0.08346114654	0.9010621944	-0.7885559872	0.1707190247	-0.4787801459	0.008905047879	0.09350442018	1.5496623	-0.8438643078	0.03133059404	0.2587702544	0.8343646706	-0.3647975131	1.366581611	0.6732901898	-0.3671489611	1.049229535	0.06877688025	0.352312519	-0.1960633029	-0.08669390756	-0.2115768066	-1.924397393	-0.5788682856	-0.4638215225	-0.6820462897	1.636733448	1.260359094	0.2239790152	-0.9832409255	-0.4318851414	1.483471471	-0.7940328892	-0.5622602747	-1.131206163	-2.066679617	0.4557663596	-0.03500422227	0.8709502133	2.829271231	-0.3104243091	-0.2737173857	1.088939936	0.7106253322	-0.1861275385	0.4631903233	0.1229558423	-0.009494921615	-0.1411984089	2.171540885	-0.03217454181	-0.3441860922	0.7141203208	0.5327173084	0.4127575512	1.897355576	-1.479777884	-0.5028213232	-0.1713623199	-0.8206771903	-1.037640171	1.144036791	0.5787292253	1.590592548	-0.463194725	0.09687730214	-1.364597281	1.210508991	1.553050234	-0.7257486541	-0.3477383566	-0.6095070256	-0.1283750346	0.2331995858	0.9853186872	1.45841151	-0.7733644079	-0.3248454297	-0.338018627	1.804955438	-0.926590355	0.4554695895	1.046324174	1.92561265	0.9034535586	-0.07767451184	-0.4622227296	-0.9433110659	2.476497853	-0.8710477372	0.5142535008	-0.8364902208	0.3968929369	-0.1683447664	-0.3850811057	-1.114062845	0.8715176166	-1.017694312	0.03850428722	1.855670491	1.040947599	-0.5207917883	-1.03563675	0.5818778864	-0.05266402741	0.1797674926	1.346963494	0.3797118487	-0.4432589984	0.1181975297	-0.5119672958	-0.09472385623	-1.267146306	0.3568980163	1.336964453	-0.07278732075	1.262990556	-0.7095998471	-1.983184687	-0.4000054652	0.01062683657	-0.3401453031	-0.7544919508	-0.3239577528	-2.428184937	-0.1152922247	-1.403027821	-0.8185677774	-1.424756606	0.5107214155	1.080202315	0.1334657316	-0.2425521537	0.3190893215	-0.4611324421	-0.3302978876	-1.450503649	-0.290961513	-0.1608799567	-1.669944929	0.5740568253	-0.8927230782	1.141235666	0.8100550598	0.5512932232	0.3530316618	0.2883731387	-0.9609372025	-0.7389480953
-0.777081438	-0.4868461049	-0.9209495701	-1.52319565	-0.6498328986	0.1064080527	0.1076028242	0.1750274681	-1.278595863	-0.5437857504	-0.3995817087	-0.00120332875	0.9244058308	0.5651307114	0.00493590067	-1.317557294	-0.1926585249	1.291486763	2.358010279	-1.37840126	-0.5519731498	-0.06519984525	0.7669097277	-0.1620318036	-0.1819165914	0.4314829869	0.5467799955	-0.4894851814	0.7482020284	-1.758220919	-0.668263674	-0.7629717668	0.6421355242	-1.517233432	-0.4258664628	1.885252923	0.8772980556	-0.5778524645	0.3935037562	-0.03490363887	-0.1083571944	-0.8826488633	-0.3509263643	-1.195963098	-0.5798592314	0.385965728	-1.051045383	0.1114692093	-0.6991178841	-1.168969338	0.5541165554	-0.7008885174	-0.8172567308	0.8048524178	0.2013505477	0.7531692269	-0.08127586728	0.2875575918	-0.3233477572	0.8286090093	1.545197545	0.3240896413	-0.5941916653	1.180585778	-0.9281860871	0.02222612216	1.817518614	-1.246719769	-0.4314283385	0.1201918825	-0.3073084954	1.640722921	0.7564598496	0.2561933135	1.001078394	1.854360925	-0.0793695003	-0.832883925	0.111451542	1.283898141	0.36660809	-1.010600323	0.04512223539	0.3737782804	-0.3862265085	1.011166778	0.4687002117	-0.934922621	-0.1714897148	0.1021967712	1.508309547	-0.8179218087	0.339559199	1.019110983	1.38568269	-0.4407672776	0.6592439717	-0.5907631106	0.4927342038	-0.9433240348	-0.7754796041	0.7921644197	-0.6869211133	-1.018943241	-0.06911073817	-1.554098427	-1.731140238	0.134245038	-1.184186105	0.2456403318	1.978829115	0.9345504028	-1.698522156	-0.5583157088	0.9510246394	-0.2623358195	1.446705474	-0.5180507131	-0.3063344859	-0.6591829617	0.4678543437	-1.416063727	-0.9640880968	-1.593787412	0.9988191634	0.6235636841	0.9043284094	1.314646993	0.4536080718	-1.542470652	-1.153197538	-0.6051215186	-0.1556841232	-1.604734834	0.4994629826	-1.317378547	-0.5066521266	-1.612887559	-1.373369094	-1.936978022	0.6879615408	0.9762283127	-0.6663740083	0.6075823032	-0.3111202141	-0.709822145	0.557065893	0.5685133886	0.2961976655	-0.5889741802	-0.8885283745	0.684716977	-0.5146581553	-0.2235567561	0.9177542367	-1.025528468	-0.2272502787	-0.6968126017	-2.132223669	-0.9796457756
-0.9052461657	0.8365987604	0.826048856	1.004026477	-1.230618022	0.1408431124	-0.6952172354	0.1834545693	-0.7642536012	-1.205415705	-0.2229201471	-0.3445093788	-0.03086545658	-1.135638088	0.4871138248	-0.1319578986	0.6842701104	0.9380255665	2.421102112	-1.343116294	0.2501422136	-0.5619468644	0.2015801668	0.0218946539	-1.167166253	0.2705536978	1.769235575	-0.9378854553	0.5759401798	0.3241611538	-1.027781406	0.4624345663	-1.146728742	0.1411418594	-0.9180294837	-0.7274188649	-0.1289396424	-0.2145700468	1.971022626	-0.1209662334	-0.8418795726	0.333945548	-0.9727426804	0.4174549149	1.404033148	-0.06574623479	-0.7112326358	-0.2122233297	-0.739015809	-1.235002712	-0.6785090232	-0.3790011347	-0.005540084306	0.5945880682	-0.09918631052	0.2364366244	0.0607050495	0.8454657693	-0.3224475335	1.127726627	1.341819613	2.407533039	-0.6297518439	0.8183261988	0.4493907102	-1.3171165	1.989285495	0.8956306854	-0.244711816	0.1056732911	-0.3617925339	-0.4730960408	-0.4977857327	-0.5320839411	0.7449559613	0.4349356826	0.1528497853	0.04491609924	-1.133995665	2.177612952	0.2305678211	-1.01742783	-0.1978318225	-0.5061907417	-0.00194215865	0.8282268741	-1.031887517	-1.004161931	0.4419742594	-0.02353140503	1.392787395	-1.08877989	1.018953526	1.17639201	1.252694306	-1.221261697	0.97249516	0.3372249711	1.007023929	-0.03648589152	-0.8226517864	1.481202874	-0.3789437518	-0.9859603915	0.03331267739	-0.6050096915	-0.5734378241	-0.6794289276	-0.7674046268	0.1975968884	0.7185203611	0.6348137434	-0.3801766272	-0.3436464672	-0.8004088961	-0.1661553122	0.6183321546	0.9817607125	-0.8170861178	0.2310665086	1.010311084	1.233414575	-0.6874065717	-1.171031964	0.4943122532	0.7054756883	1.358520975	2.530321101	-0.2892938649	-1.666030311	-0.4573312922	-1.224479445	0.2715095103	0.02415690222	0.2585458631	-1.619029539	-1.128039735	-0.3147662732	-0.2177261245	-0.2547198958	0.6080920615	0.4517631343	0.600708822	-0.8101721198	-0.5280625022	-0.3056053731	1.484738219	1.707683169	-1.06827761	1.015092879	-0.3186721115	-0.9561466944	-0.7545073735	-1.075007011	0.6035947775	-1.103199673	-0.4024021471	-0.774928358	-1.246708549	-0.7395002497
-0.1013179986	-0.06130688337	-0.5728184433	-0.6379957681	0.9823659064	0.3319497564	1.286747997	0.1638124781	-1.359054736	-0.3846178678	0.2223111147	0.118028256	0.3903821855	1.838414912	0.1872966278	1.034720016	0.2928029054	-0.2657404345	2.190133903	-0.8245491236	-0.08601868332	-0.5331105085	-0.02321088557	-0.121856933	1.172469031	0.4250635704	0.3850380712	-0.8277941159	1.291203228	1.436552149	-1.197051555	0.4714660178	-1.020804995	-0.5774315044	-0.2758948032	-0.8785899	-0.3027083706	-0.2344567467	0.788739183	-0.3510932073	1.999731227	-0.5556358768	-0.1548766554	0.8133572536	1.227756262	-0.4410682208	-0.4084186683	-0.07135002204	-0.5903013134	-0.8692876166	1.594347081	0.5622022881	0.2944656295	-0.005642139728	0.4143945158	0.3296281013	1.264417055	0.4977986758	1.23231084	1.546518753	1.686037214	-0.1727310883	-0.403739209	1.025832644	-0.1949780555	-0.6976493669	1.559219594	0.4752391289	-0.5277498595	-0.138647861	-1.450851799	-0.03575701118	-0.2374605361	0.2644428247	0.9859560516	-0.3554833416	0.02058228416	0.2713462389	0.1920900948	2.193290855	-0.1877730621	-0.744688265	-1.146877361	-1.291640033	-0.4576543913	0.6458848408	-0.5464401434	-1.120798959	-0.796890963	0.2164653622	1.382363387	-0.2590087034	0.7435212759	1.022717776	-0.1433845037	-1.968632052	-1.747415013	0.8566515007	-0.5284230665	1.580377723	-1.345794051	0.08865502225	-0.4331417573	-1.651433244	-0.3994810871	1.101743407	0.5248579043	-0.2811600627	-1.278457961	-1.295793619	0.5376069421	-0.3764569855	-0.7101130451	0.608106943	0.2960680479	1.121300043	-0.1830051915	0.3532811977	-0.3439315246	-0.4562874876	0.7058931895	0.1469308352	0.494543982	-0.299725101	0.1903413286	1.509794938	0.6133716062	1.170835253	-0.6276671746	-2.368642752	-0.8679869264	-0.50420259	-0.3509227552	0.3335716231	-1.181229917	-1.574810175	-2.340178853	-1.299312058	-1.58159119	-0.3805141287	1.706910981	1.413156202	0.5281363997	-1.450445005	1.117651955	0.1751490308	0.2220610626	-0.02541685342	-0.7277964241	0.5769145323	-0.9023469215	-0.1470982545	-0.5900999382	-0.1539895397	0.2934600617	-0.2549463205	-0.476448027	-0.3970664252	-0.7670504961	-0.5892341105
-1.20688521	0.02743339057	-0.8880478251	1.023473766	-1.022306509	-0.2201275188	-1.082471138	0.2871751016	-0.6026075225	-0.2505013838	0.2298850956	0.3576217336	1.477782397	-1.057777082	-0.1812112333	0.001737757333	-0.2671501168	0.8879626349	1.631891774	0.05460012853	-0.994288906	0.1845631219	0.003795971495	-0.8222243421	-1.012249757	0.3573101124	-0.08023166324	2.670924614	1.354585422	-0.5435591649	-1.540299731	0.134392754	-0.5065402349	-0.5396800167	-0.3276213741	0.04680760781	0.3777337556	-1.56169407	1.071314148	-1.185039158	-0.7774374308	0.648713662	-0.7244450392	0.8777133929	0.1003618351	-0.2448509645	0.3675802152	-0.4914917773	0.3799578033	0.2432981778	0.6828740348	0.493258625	1.959881256	-1.297992035	0.23697579	-0.1382376449	0.2811808406	0.8375518034	-0.9350083744	1.604392001	1.236128025	-0.1882544529	-0.3928923097	1.514592806	-0.6157879703	0.8537600077	1.34626635	-0.6911248586	0.3928883571	0.08638199107	-0.6039736852	0.3836824436	-0.1718068054	-0.1484645815	0.4076690794	0.3849451589	0.2898801524	-1.623123955	-0.4876827057	1.117503216	0.7046751553	-0.7029030399	-0.9382655933	1.959373532	-1.512809312	-1.201691623	0.6382701879	-1.121762487	-0.4552188191	-0.004992956857	0.7169160567	-0.6035854291	-0.000257831481	1.221926284	-1.352134444	-0.5077875532	0.964601415	-0.7432807949	-1.010249323	2.598124161	-0.129216987	-0.05773538673	-0.6932479217	-2.966514015	-0.07635396949	0.9512901519	0.3365011867	0.03329752919	-0.9193725712	-1.480728666	-0.2971291959	0.6136989107	-1.327608327	-0.8217976876	1.008956939	0.8753372473	-0.2344265882	0.4418119129	0.1259366849	0.06381219986	0.7556014753	1.473415064	0.1411334715	-0.4228110571	0.2568467429	0.8226378152	0.721772299	-0.07498986483	-0.6270608803	-0.2088360199	0.1856206269	0.1043547648	-1.493717381	0.6481388323	-0.3222996286	-0.3188060919	-1.51876732	-1.055431363	-1.778960764	0.3177711775	1.065620944	1.600541647	0.044260917	1.041402907	-0.04338372645	-0.2883034442	-0.08568025892	-0.8798461514	-1.090262197	1.10480921	-2.04302295	0.3760022699	-0.8500523611	-0.09512440545	-0.7562657194	-0.6611739263	-0.6421237595	0.4219883585	-0.06888921906	0.7923671871
1.543424873	0.6283900486	-0.006269415144	0.06815738476	0.7818712711	-0.5875500537	0.224732672	-0.4616631038	-0.9631505752	-0.3756474614	0.2709609869	0.5246466316	1.66721432	-1.163783574	-0.1885062119	0.08163947589	-0.4849024681	1.389613805	0.8082426906	0.4708146362	0.1141265606	0.4532918797	0.2021658418	-0.9538654965	1.319821843	0.4885496509	1.053513302	0.6382345166	0.9827959739	-1.309161469	-1.121027569	-0.6088918227	-0.3987804287	0.1457401231	0.1454133616	-0.6613214696	-0.8540117448	1.599869989	2.015232365	-1.150757456	-0.7790555255	-0.432803215	-0.9254174321	-0.2670017273	-0.5062706841	-0.6486922927	-0.1635517777	-1.152281121	0.3060460158	-0.1766363613	0.2240588779	-0.3104901252	-0.6335814528	-2.517561083	-0.01512306867	0.1815665258	-0.5188828771	1.204911212	-1.937624181	0.3936199541	0.7667465224	0.1289020669	-0.6267235801	1.976279886	-0.3462601982	-0.9116182329	0.9969481183	-0.930963935	-1.989962687	-0.3392719586	-0.4876941805	-0.74298835	-0.804189339	-0.3146415416	0.5406021544	0.5894231858	0.3854757524	-0.8376139643	0.6574048007	0.4102241232	0.2122601054	-0.9255392618	-0.8717224538	-0.09984560236	-0.1049220746	-1.65400405	1.355329738	-1.355969425	1.047624489	-0.4603291418	0.9914202914	-1.647336665	0.09181792862	0.6078287144	-1.056841846	0.2948298963	-0.5751806845	-0.08328434739	-0.3462103251	1.486169278	-0.4109919914	-1.749767715	-1.406290094	0.1329730013	-0.1392073676	-0.6915982985	0.3354267636	0.7086209572	-0.05309695305	-1.632261594	0.2657105256	0.09055154103	-0.7827949	-1.052032027	0.894110221	-0.4356077314	-0.3399839656	1.099697586	0.4259997471	-0.339042297	0.7004635913	-0.4810138622	-0.3970742352	0.7941910641	0.1072490617	-0.5728643394	-1.229372928	0.7623229054	-0.4264004137	-0.7610269903	0.4888108503	0.8548325777	-0.09821943828	-0.7915771766	-0.3796072653	-0.5876076662	-0.3794100777	0.2493753498	-1.0293756	-0.701353108	-0.4489386374	1.121327695	0.7589878951	-0.4033671099	0.3717453691	-0.2397021778	-0.9756795884	-1.074448513	0.1889974887	0.130307054	-0.1540341974	0.3640360244	-0.1180129335	-0.2101646585	1.067491868	-1.292027184	-0.3511563803	-0.6269644475	0.1705063997	0.2931535315
-0.7611555689	0.3222676026	-1.480025193	-0.8598635432	-0.5546814766	-0.8230245753	-0.3637657214	0.2039833105	-1.467585238	-0.5539769822	0.5904475863	-0.1149079734	1.140986901	0.01265417981	-0.1686708982	-1.153985463	0.02599424165	0.7945170488	0.3213607592	-0.02400845729	0.3310511559	1.178104321	0.6015879995	-0.08189977558	-0.2613230984	0.5716582291	-1.634755563	-0.1126940835	0.05266938326	-0.4826222683	-0.6360821102	-1.36480765	1.954897305	-0.09439641593	0.7197762556	0.8750004917	0.6130926694	0.6713637636	1.637765564	-1.231999182	0.1959733901	-0.027704054	-0.4689561886	-0.5489507116	0.7819474133	-0.4138141501	2.870705235	-0.4543060688	0.1763375375	-0.1129587651	0.1089865683	-0.6647127697	-0.9544891551	-2.249080962	0.7224788512	-0.4446579328	0.05116559306	1.065117658	-0.1460241062	1.008358556	0.6951113767	-1.089427547	-0.7150763547	1.704170355	-0.07773183265	-1.126567998	0.8851461731	-0.8792974317	-0.1026038623	-0.1194098699	-0.4323388053	1.485786091	-0.5341814465	0.1569442789	0.138335773	-2.006059774	0.4282188164	0.7815730349	-0.599313437	0.2421701589	-0.390789962	-0.1416308166	-0.1398159584	-0.4758721391	-0.08959113219	-0.5490103746	-0.3576799772	-1.013978049	1.166728981	0.3518856325	1.147022203	-1.417695209	-0.2682565421	1.288002756	-0.1841607826	0.6839152375	-1.086574697	0.9336220501	0.7344832092	-0.09381066248	0.1290637884	-2.089276311	-1.606606371	-0.1503926718	0.2683235012	1.197462775	0.6147624283	1.007222333	1.854650215	-0.2606785465	0.607987375	-0.7618129968	-0.04699479175	1.311589904	0.09645610047	-0.07869275339	-0.612053434	0.3476540842	0.07001635722	-0.4207241507	0.2735550834	-0.3325057748	-0.9744714109	0.8191653135	0.3689740758	-0.5044919914	0.3645934118	0.1159008621	0.07325630066	-1.847257459	-0.07729438589	0.08079854781	-0.7403509843	-0.6837436936	-2.027588148	-1.510851685	-0.6368034973	-0.1151301993	-0.147460224	-1.207132313	-0.1207574248	0.2678831964	-1.04333285	-0.2067875529	0.2500939698	1.028852846	0.2592948432	0.09370536482	1.161655278	0.2864177627	-0.9771349812	0.02530428694	-1.001511875	0.5603450733	1.457406067	-1.368649875	-0.186730688	-1.895299234	1.51925903	-0.7320960641
1.465881326	0.2793226182	1.557585067	0.7250802987	0.7528624172	-0.174330792	-0.6379697517	0.7611160318	-1.312468271	-0.5588759493	0.9456889043	-0.6420635217	0.2185983914	-0.2770726317	0.474186113	-1.391475782	0.1090821872	-0.2146185657	-0.04793524713	0.4540109241	-0.8757583313	1.568599191	0.766339524	0.05850537803	-0.5796792695	0.3981261789	0.7228618512	0.2025868541	-0.2313724684	1.212829546	0.03624605504	-0.7143328682	-0.11307622	0.5622631584	0.455505761	-1.105930911	0.8285987363	-1.090411761	1.698965469	-1.427034975	-1.071875044	-0.01508984728	-1.051411388	0.9009183079	2.609484813	-0.4110188806	-0.4508702451	0.3827111858	-0.2100728536	0.7074652274	-0.66980982	-1.117808068	0.08563754671	-1.312968028	0.6202824374	-1.079384726	-0.6593309651	1.332032082	0.9384684843	1.114409178	1.194931225	0.2079511469	-0.5436097827	1.656297711	-1.230267285	0.2313915469	0.7639827772	-1.214202414	0.5027721584	0.002359402369	-1.087653174	-0.9796484452	0.3088793979	0.5844944285	-0.8065051369	-0.5037568819	0.5705098129	-0.4225612707	-0.4873484222	0.3043108119	0.9652788893	1.374564136	0.4740320675	-0.4545214882	0.8334549483	-0.03314606002	-1.036220126	-0.6913093899	0.2564288326	0.1239768623	0.9191914089	-1.006795444	-0.1328473729	1.553190671	1.09306175	0.03585799807	1.223194561	0.9603959231	0.7589723291	2.489782637	0.470269945	-1.157196795	-1.635970439	-0.5047395571	0.7075828528	1.877463927	0.5264619016	0.8479220802	0.460324197	0.2699732422	1.384334827	1.411931523	2.227050906	-0.04631691966	-1.213030079	-0.395013438	-0.1593811147	1.338138588	0.28772546	0.01451241056	0.8978597406	-0.7652068357	-0.04032634608	0.7645081066	0.4075159108	-0.734469995	-0.1223999842	-0.70027455	-0.6903629157	-1.424106401	0.3342364829	-0.2142495664	-1.00356564	-0.1412796446	-1.02969345	-2.281333743	-0.2012843918	-0.3156679097	0.2332481305	-0.6118658711	1.229149166	0.1877269625	-0.7228936773	-1.42237943	-0.5517950475	1.077752826	0.4021778169	0.8916155003	-0.9109027622	2.180071788	-0.6325118206	0.3937502719	-0.8935891414	0.6759039211	1.731326884	-0.1461260137	-0.1418558044	-1.00171966	1.697510848	-0.442837517
0.8135136069	0.4913106147	-0.1393666935	-0.5664327595	1.244069898	0.517144556	1.727086118	-0.746166717	-1.491995547	0.4443697222	0.8407556294	0.1259880298	1.137688852	2.097587026	0.1201108858	0.4864625044	-0.514224067	0.7291100856	0.5931061966	0.7026979125	0.6904809078	1.27453819	0.7706982614	-0.2676386119	0.1534765794	0.3100323926	0.7380160127	-1.060655117	0.08986434972	0.6855054299	0.8538650704	0.1999626237	-0.338199617	-1.02971908	0.3724793151	-0.9184649841	-1.013276012	1.896109823	1.411031978	-1.468568978	-0.9302186728	-1.307551765	-1.103389297	0.9786464783	-0.1683264591	-0.2512197231	0.458320908	0.09994148245	0.4210485743	-0.7685160239	0.7509239751	-0.8288394249	-0.6425787598	-0.7640341437	-0.1997489919	0.6702496038	-0.8878210222	1.551741607	-0.885143647	-0.06361301807	1.032784643	0.3450979703	-0.4041625207	1.353395731	-1.063286483	-1.261123954	0.8288986329	-0.6395469067	-1.489858671	-0.06008169221	-0.6000633378	-0.02966806759	0.7104791632	-0.2297126789	-0.4333667158	0.7687389592	0.01732893319	-1.610817765	0.9030824119	0.7811472985	0.8904328129	0.07245597417	-0.4307156807	-0.3180019142	-1.192126965	-0.01070484062	0.3593502427	-0.6457565682	0.915268821	-1.413866329	0.8294404236	-0.9474383089	-0.5973461248	1.119688761	0.00482187664	-0.873651846	-0.6411481964	0.4217134829	-0.8873414207	1.499347278	-0.7727405487	-1.45537594	-1.085410056	0.02111287283	-0.2737109445	-0.5233330242	0.227229042	0.5304824108	0.4705334042	-0.6531768704	0.8387669373	-0.2514741361	0.02683200483	0.2878221711	0.4631194497	-0.8679916565	-0.261049087	-1.013330642	-0.3429369949	-0.5831523501	0.3788506074	-0.9664151547	0.2828315833	0.4718015248	0.1567487004	0.2247065051	-1.072148774	0.5093489533	-0.2767521402	-1.138463535	-0.5239684325	0.663480959	0.09857385762	-0.7100609271	0.2587594218	-1.72775013	-0.2117003455	-0.402993815	-1.643605875	-0.0564183473	1.523434	1.088754723	0.8804124755	-0.1247621652	1.268927508	-0.1264383233	-0.5930095692	-0.06542224545	-0.3670670612	0.2180131909	0.3376420799	0.8883482002	-0.2772016553	-0.1643701479	0.6138951887	0.7332208797	0.9242846282	0.2209356572	-0.3986191592	-1.521404108
-0.741364949	-0.2872451054	-1.093136417	-1.439175991	-0.7453759077	-0.6355574084	-0.3038429956	1.042690403	-1.808422415	-0.2124599689	0.3816644803	-0.7331449186	1.197333645	0.4051189093	-0.2414128823	-2.241105024	-0.5336920891	-0.1489593804	0.2721246827	0.4904245976	-2.076504775	0.7843725752	0.557064863	-0.1260013769	0.5137765076	-0.1037976943	-1.05972194	1.023826871	0.5704657406	-2.407701492	-0.2643132278	0.220519058	1.506095143	-0.01081403167	-0.3313482999	0.4239144736	0.9704991502	-0.8420623875	0.8905835824	-1.036675149	0.0594337389	-1.13664457	-2.228938405	-0.1572236555	0.152330022	-0.04041994243	2.200835594	-0.6052541797	0.5368726402	0.6060960397	-0.2023180207	-1.000956749	-0.3236756464	-0.7200418092	-0.3388992773	0.4005925937	0.02570361896	1.06459744	0.3445016458	0.6620388753	0.5491509506	0.1262016828	-0.8586300848	0.4322257963	0.06450975148	0.03042911386	1.307531752	0.4290732755	-0.7657943406	-0.4202522279	-1.902755353	2.779299546	0.4373932899	-0.350586046	-0.3986206458	0.07565182158	0.3595143547	0.8862114693	-0.5066732708	1.040548854	0.3801132282	1.23221277	-0.05175770922	2.242193786	-0.2833108931	0.195822427	-0.7841161486	-0.4929615612	1.843086741	0.8689375897	0.03550118554	-1.258635175	-1.326153726	1.603989187	0.9569663579	-0.2363868771	-0.09606417488	-0.7655768594	1.069775984	-0.4073441881	-0.1049208348	-1.223131616	-1.300736266	-0.2420105254	0.07738341135	0.8072898471	-0.4722310345	-0.7442622951	1.106109546	0.8411059407	0.5317376826	-0.5754876441	0.07170154025	0.7445192149	-1.752759517	-0.1641793351	-1.298786807	-1.768933647	-0.6096099608	-1.207556522	0.2012072477	-1.504489906	-0.2794323139	0.09396478388	0.4557257409	-0.01223201183	0.5616273793	0.8950249451	-0.4956051748	-1.479890325	-0.04941229825	1.233766596	1.363841918	-0.2177653948	-0.6098517402	-0.03058596694	0.7527962123	-1.026875973	-1.502287309	-1.324149305	0.3362113927	0.5108525015	-1.02409326	1.192349811	0.3919101054	-1.275110496	-0.06684460461	1.423673239	0.6761613602	-1.136245927	-0.9936064379	0.07683852151	-2.084953869	-0.6334161635	0.494864595	-0.2299214059	-0.519197846	-0.8577065803	-0.9110800591	-0.008371743458
1.212109571	2.748035965	1.079717438	1.174897102	-1.631289661	-1.241340106	-0.7523790823	1.884698927	-2.701039327	-0.7659080292	0.4938459398	-2.368837538	0.9148422888	0.06454610692	1.923022013	-2.540394833	-0.3489624411	-1.634682707	0.05774530451	0.8270402152	-3.289489694	0.5845012607	0.2058140053	-0.5245908898	0.4170969361	0.2729023583	2.50017278	-0.495776946	0.3236963969	0.1303552919	-0.9572176927	0.8996505653	0.008353171862	2.091074075	-0.5150543142	-0.2045534607	0.8380222705	-1.945528294	2.417458554	-0.1704600843	-1.521831337	-0.1504896179	-1.94287586	0.4588043015	1.459360913	-0.1513662556	0.8141971017	-0.2381194308	0.1367423006	-0.6369616865	0.8125898028	-0.665565728	0.6630717054	-0.4477192208	-0.4049115444	-0.07273244909	0.5541119681	1.464010351	0.9538719168	1.656174593	0.8512618317	1.056537696	-1.284724683	-1.546678202	-0.02447589419	-0.3305140104	0.84626505	2.330487073	-1.155688702	-0.07428735439	-1.755978854	0.7334596908	-0.2121004298	0.05401803631	-1.157230867	-1.233431233	0.5017723828	0.7584718575	-1.962882219	1.343545149	-1.38594705	2.718657679	0.1544140686	0.8866109502	0.9569143167	1.87538546	-0.1757831665	-0.3758274348	0.59040022	0.3287462612	-0.8295412669	-0.7295579578	-1.473498362	0.7550215206	0.4201395663	-1.786705217	0.5436600534	-0.08673571768	1.12171929	0.4469725438	-1.297867099	-0.5102631463	-1.201259647	0.8154037073	0.6575015234	0.3588586097	0.2460860116	-0.566289408	0.393117856	0.408769141	0.2853057212	1.211207378	1.258741119	1.274518202	-1.564310974	1.182241602	0.7358473332	-0.02858361935	-1.308629573	-0.9998310654	-0.4594212645	-0.4469380383	0.4405600075	0.4034664654	0.01257620464	2.217560259	0.6769547146	2.008336612	-0.4962226184	-2.307724744	-0.5733375389	1.729318503	2.18669707	1.005023118	-1.670993352	-0.6444968046	0.4076107088	-1.943516225	-0.5412294238	-0.9666008748	0.6585838597	0.3602412674	1.894156281	-0.6867721907	-0.3003117	-1.979365411	1.005943252	1.965183787	-0.7970999272	0.7153501162	-1.690847903	0.5810021268	0.03361460109	-0.1036894007	-0.09201491099	-0.8570681483	-0.316863328	-0.4215933437	-0.2500337033	-0.7517199793
0.2089512202	1.084273595	-1.012209389	-0.4428654521	0.9257670283	-0.1677152277	0.6652007193	0.02692035911	-1.563463944	-0.1756744725	0.6049963629	-1.10864393	0.9014499151	2.068651747	1.042013402	1.83522586	0.4307891271	0.7102119141	1.130312405	0.8579511175	0.769243116	1.037928261	-0.03670841071	0.07848410635	0.4831084456	0.951266506	-0.1374709965	-1.304926174	0.7935426941	1.843320308	0.4985184589	1.63406318	-0.1499899131	-0.3665852999	0.3259878568	-0.2473333677	-0.8077898824	0.4195795509	1.662359088	0.2092832941	0.6597613807	-0.1483579519	-0.18604364	0.1505647948	0.5511992285	-0.08226240763	0.2125538648	-0.2136775606	0.2936356087	-2.445289962	1.678855046	0.0675724332	-0.4522345041	-0.04993676068	-0.3179309737	0.1726254594	0.1315599874	1.415251935	-0.2567385873	1.26067291	0.2871000836	-0.781373458	-0.58133132	-1.078532249	-1.905458097	-3.431670446	0.8929218634	0.005177032185	-2.192087302	0.8043407575	-0.2702272174	-0.5898044634	0.2194589575	0.5603799659	0.1316603577	-0.2790408663	0.3394987859	-1.061277373	1.166890175	1.149418671	1.346950368	1.119909226	0.228011456	-0.4718632595	-1.127102417	1.012239633	1.001527705	0.06331415974	-0.04076103971	0.6778690725	0.8035794427	-1.491318613	-0.7760479803	0.8569818715	-0.819457854	-1.568583019	-0.09846661417	0.5091808985	-2.549906891	0.705369368	-0.7608433033	-1.390867223	-0.1602111788	-0.2398640227	0.2237219316	0.5704399028	-0.5006968917	-0.146491747	-1.253230792	0.4676271179	0.1766226023	-1.338694511	-0.03301492491	2.067304232	-0.8285222408	0.2303669767	0.401195606	0.07755748645	-0.9383493318	-0.3533582794	-0.06836118892	-0.7579826176	-0.0510795112	0.3336313501	-0.7769102736	1.636288921	-0.3285866603	-0.6266392089	-1.682415819	-1.151737042	-1.527188846	-1.239001399	0.9439086013	-0.0215646472	-0.3785068719	0.6522832647	-2.613518809	-0.4972226295	-2.030964964	1.066128481	0.82175284	1.230234495	0.9113307164	0.3894488003	1.467596549	0.1449802623	1.283655246	1.371909939	-1.297526235	0.8005670282	1.133552305	-0.05357428238	0.1157402926	0.4361855815	-1.06690072	1.901271293	0.8675205717	0.7771636492	-0.8585906246	-1.657482907
-1.231601634	-0.7136171259	-0.7129783924	-1.538069028	-0.578907476	-0.1121243353	-0.448127929	-0.2610951768	-0.5692778672	-0.3368968738	0.7850158987	0.3132411564	0.5557795217	-0.3676025113	-0.102608984	-0.7908230646	0.9623100536	0.9293567992	1.490848678	0.816797097	0.651119307	0.8350675377	-0.2499903779	0.7405920016	-0.9987857546	1.190858758	-2.088082546	0.6598303513	0.7200190576	-0.05778098721	0.7546492191	1.37756458	0.5421492122	-1.012891738	0.5516868309	1.376083008	0.7673240697	-0.1037747911	0.6765979235	0.2398257003	-0.1024906907	2.455612365	-0.539257099	-0.09151270298	0.3065815533	-0.06364984622	1.774340432	-0.01235944599	0.395612436	0.3459904528	-0.6901171659	0.2520623176	0.08945454513	0.333143931	-0.1262508769	-0.2497590618	-0.1990254513	1.594281861	-0.2039263634	0.4664641666	-1.00994896	0.2826710579	-0.4108758504	-0.3605816236	-0.7435866307	0.09183955812	0.06606127044	0.2897577838	0.4215348237	1.800474991	-0.5871660304	0.2369369387	-0.263242205	0.3717898784	0.4824980738	0.5289983752	0.1470787106	0.8725774688	0.6047373247	0.8196327132	2.730744371	-0.5048064051	1.274170926	0.3135812032	-1.842387816	-0.006768011973	0.2933301357	0.9701975515	0.7697028936	1.31099351	1.301947095	-1.42683659	0.1884608768	1.489354109	-1.392089186	-1.375376307	0.8785482651	0.00943134164	0.4830866613	-0.2666705237	-1.04574513	-1.848707643	-0.1671327388	-1.35637474	-0.03447885764	0.01668951974	-2.237165046	-0.5886821002	-0.4765734367	1.221280021	-0.03720503175	-0.5271401082	-0.5788774697	1.57438322	0.3927229126	-0.8375721622	-0.4045289341	-0.3699334791	-0.02482924741	-1.177413844	0.0706075708	-0.4661795516	-0.7851943061	0.05324792281	0.6975083758	-0.3182494538	0.8968962299	0.5602008171	-1.319542923	-0.5495320697	-1.175189075	-0.05953982906	-1.06466829	0.1708333953	0.5243060861	0.4558078961	-1.481146133	0.5222548286	-0.02998632839	0.4747197626	0.2275558749	1.498301948	-0.540911028	1.24433595	0.1161553082	-0.0718776252	-0.06814589858	0.906697756	-0.1655264141	-2.281127894	0.8370772478	-0.8183293603	-1.180415406	-0.9968339449	-0.2280471762	1.319760347	-0.7694985264	2.274557608	-1.437323652	-0.9270754709
-1.552708426	0.122382004	-0.0251618227	1.20801172	-1.130113564	-0.3559201811	-0.6124165686	-0.5037241042	-0.6521218392	-0.8191543504	1.130252606	-0.07395308038	0.711679872	-1.043141813	-0.2465725316	-0.9686710711	1.350996388	0.5852006342	0.3516138081	1.040611785	0.009487121698	-0.5292306952	-0.7032008529	0.2102913913	-0.8083656988	1.384177277	1.390147203	2.113257664	0.2538207668	-0.1213209382	0.3679936884	0.9406519801	-0.5432519281	-0.2058826482	0.3506360135	-0.7140727016	0.8977307329	-0.1962761482	1.126768769	-0.2609470778	-1.000781283	0.03180343508	-0.1460911051	0.4728897405	0.2635864616	-1.069950105	0.0150810379	0.4104382412	1.003514338	2.841686408	-0.7749110555	0.6206533311	0.6983465203	0.6666032601	-0.9201343135	0.464888894	-0.6293331656	2.045627505	0.6580436245	0.414523753	-2.446235293	1.446820708	-0.4295725314	-0.7176467431	-0.4276247165	0.1103109206	-0.913054707	0.4410867598	1.301635427	1.042307337	-1.117067128	-1.031455598	-0.5316556717	-0.2795026982	0.4343105597	0.75111389	0.3880028594	-0.5626888425	0.2267117848	-0.1799590409	0.9979892739	-1.179933474	0.6042131387	1.21214624	-0.1232373963	0.1871011446	0.9134147036	0.9262169092	-0.1043585931	0.5708396679	0.9175606155	-0.3943821898	0.3319403919	0.7114623586	-2.015334185	0.3111563789	0.5309218669	-0.4806979187	-0.8454010354	0.8623715922	-0.6294281368	-1.457300117	-1.504776727	-1.229439517	-0.1676948486	-0.3136447723	-0.5187655679	-0.7008604771	-0.323297012	0.1225134354	-0.001995576798	-0.5707647194	-0.7342318126	-0.5415882874	-0.5103588139	-0.3468988458	0.1601132223	1.271246118	-0.5898229179	-1.229881145	-0.891261967	0.668370857	-0.965470257	-0.2880481561	0.4777983764	0.9455956271	1.898837603	0.5246793936	-0.4770343471	-0.348536165	-1.263421977	-1.312719281	-0.6643272722	0.8569702754	-0.01710811845	-0.3281465428	-0.7162408914	-0.8123137588	-0.06286566521	0.3037456397	-0.4724101603	0.6376929353	0.6570883072	1.240655664	-0.2567846296	-1.193927906	0.08057746748	0.006277342619	-0.03957309361	-0.7652070868	-0.9173403321	-0.1551447059	-0.3931787119	-0.1188470966	0.7782926564	0.2289289923	-0.3640839027	2.261362247	-1.752167263	-0.50860113
-0.3029369863	-0.01338980343	1.617283341	1.76554297	-1.163842273	-0.9902510999	-0.4077361734	-0.4527379546	-1.209563628	-1.378917677	1.103886658	-0.5898787524	0.9655727863	-1.102970652	-0.474593902	-0.6458635505	1.544247419	0.2617426666	-0.9791160596	1.140178128	-0.0973807262	-1.275545533	-0.4694695197	-0.5697317988	-0.3380675701	1.209417634	-0.2378584719	1.179943957	0.2476569149	0.2075398242	0.2845062484	-0.5803606941	-0.8198417861	0.1579447952	0.7543456734	-0.9699909111	-0.9241329441	0.4022623269	1.068396487	0.005109536	-0.9274145486	-0.796092768	0.1200899647	1.975087741	0.09108364007	-0.7775735689	-1.165249308	-0.1557145227	1.412811182	-1.257432886	0.4022706978	0.2967926762	0.1937137034	-0.002780350834	-1.181807571	0.6177328609	0.3914971243	1.807792087	0.6019134228	0.4115629537	-3.463626084	0.4237632154	-0.691359561	-0.4380250919	-0.0761542304	-0.5374865407	-1.348903364	1.943306352	-0.4157861887	0.1689407086	-1.447878627	-1.299937833	-0.4158624943	-0.5630143535	0.6160769417	-0.1878027831	0.3340499529	0.5478626479	0.2241447649	-0.3895607238	-0.8344902165	-0.8509949418	0.1774840091	-0.2928460914	0.6888807674	-0.445235215	0.5588476119	0.4609034078	-0.9163007053	-0.1747147892	1.344822757	-0.7046906486	0.5731755285	1.023999634	-1.757315648	0.7714280494	-0.49831032	0.7867635302	0.6175403567	1.41365059	-0.1921668715	-1.909992885	-1.550525047	0.0095964754	-0.8559451209	-1.026290555	-1.196580394	-0.7982276714	-0.3027775377	-0.621843026	-0.4861787164	-0.8591236748	1.532166438	0.6057033462	-1.782048581	0.5072640937	-0.4891001017	1.999072714	-1.219611162	-1.744735014	-1.088563185	-0.834563667	-1.53152689	0.06348447291	-0.2712934306	0.5303711183	-0.599886874	-1.544951496	-0.1158835405	-1.403703526	0.2112695401	-1.900385192	-0.1957660525	0.7825961154	-1.26144738	-0.579879062	-0.5828332267	-1.308483268	0.2754602085	0.3530322432	-1.729662411	0.8278825342	1.211624557	-0.5911618486	-0.003339727013	-0.1182918549	0.3616551542	0.2045371636	-0.3640384877	-0.3059047531	-0.9263963445	-0.07518661938	-0.4108292544	0.5474039777	1.420387262	-0.1767897631	-1.043017867	0.1405932875	-1.613822082	-0.1724095241
0.8937747902	-0.248808986	0.3238122608	-0.1762033919	1.493914436	-1.179247231	2.514494313	-0.1618863834	-1.159301557	-1.297201755	0.6544077065	-0.5889390855	1.435119811	-0.4568371425	0.07284323779	-0.5409493915	0.9447640608	0.447843019	-1.098037177	1.167159391	-0.8679902538	-1.611138165	-0.4724585032	-1.131671135	1.680956303	0.3089968144	0.8099739443	-1.260984569	0.3358373316	-0.7805160831	0.290716423	-1.601358378	-0.4081633397	-0.2133677124	0.2823887434	-0.7362594499	-1.434451531	-0.1128970793	0.3365004983	-0.2629172023	-1.589446189	-1.600741863	0.944601316	-0.06665475806	0.1911046408	0.1348557982	-0.6970687347	-1.42809836	1.279410674	-0.1857577231	-0.1771983351	0.5805535522	-0.5420191021	-0.2064467829	-0.9963888638	0.4792240373	0.3480397938	1.711914614	-0.8383422971	1.124305208	-3.435964324	-0.4167184858	-0.983141849	-0.6273797146	0.2651528436	0.3165975178	-0.6699020761	0.4501525117	-0.4180492946	-0.9701769916	-1.794730285	-0.6726112366	-0.8419516589	-0.6824279699	-0.04157128484	-0.6766817194	-0.06087543604	-0.8467465882	1.037384292	-0.1426486982	-0.04505728603	-0.9034498664	-0.4964387378	-0.6566152972	-0.6271696343	-0.9688707169	-0.1119086749	0.001177659021	-0.2941893515	-0.4245088692	1.200290966	-0.4408809966	0.3472966832	0.9147672715	-1.292359751	-1.005208413	-0.7885635931	0.2384698287	-0.1205641947	0.1558788766	-0.1586315201	-2.239864162	-0.6670161187	-0.07610038802	-0.1056362443	0.05027579452	-0.8703864753	-0.7238527554	-0.4579886244	-0.8029885526	0.05990881747	1.088707724	1.188837915	-0.1639288927	-0.7971225225	0.2053309802	0.4238142617	0.5942492078	-0.8649758359	-2.046002753	-1.985848398	0.167486031	-0.07285699043	0.2679474941	-0.101670828	0.3149330644	-1.31450403	-0.9888975242	-0.590020103	-0.7346488004	0.5597120189	-0.6945356142	-1.273619556	0.02808793244	-0.4968856908	-0.02561383498	-0.6141274918	-1.491308822	0.2830882599	-0.008081422128	-1.797305572	0.9436454523	2.706993961	-0.9154158551	0.9058267273	-0.3415381409	-2.302787325	0.1122663417	0.03019598535	-0.1383522097	0.3452882775	-1.415774316	-0.4981803849	-0.5299790825	0.1094745173	0.579191372	-0.7260056564	-0.7803609904	-0.9870125408	-0.7897373182
-0.793194335	-0.04060612217	-0.7189550018	-1.692034269	-0.3883529882	-0.5932925582	1.028030929	0.0917126803	-1.109438731	-0.8720054328	0.4873302206	-0.359070932	1.2544487	0.7749029347	0.3893698722	0.3363841595	0.4016862035	0.8140250471	-0.5394131969	0.9677752599	0.2723077898	-0.845763472	0.1466263585	-1.028257462	0.4222266465	-0.3759176733	1.17078115	-1.648265641	0.8088169197	-0.2464946323	-0.6265902306	-0.9103050779	2.44689772	-0.2221574816	0.3968193821	0.3892163838	0.5266348387	-0.7667369002	0.8116842918	0.1742267149	0.4278309743	-0.7532957202	0.5838148695	-2.099595712	0.7103209236	-0.2199586969	-0.5077812946	-1.493429905	1.446760815	-0.9155140749	-0.151641281	0.9113321866	0.222041839	0.2758225029	-0.6214800924	-0.2511968045	0.3780429645	2.246491829	0.6227427128	1.078171902	-2.805862737	-1.635132309	-0.9423970011	-0.5756302417	-0.8399396383	0.166317313	0.04412619862	-0.2443421464	-0.2148195888	-0.3613841686	-0.5525582767	-0.5674751997	-0.4773311993	-0.8004021377	0.3674205826	1.529373061	0.2680951211	0.02630984991	0.4428768535	0.6286099689	0.6468055387	-1.283250501	-0.6083251205	-0.8250434551	-1.561618462	-0.1221148458	-0.3252886178	0.01739799188	-1.244759474	0.2702077833	1.07067858	-0.2667138041	0.08441397874	0.847068618	-0.5518009437	-0.4092681011	-0.9674743999	-0.7330742465	0.7231275882	0.01695760833	0.7686864431	-1.765998121	-0.7525212769	-1.105287624	-0.1839554738	-0.5007272109	1.282781556	-0.8151139238	-1.398375089	-0.5140216051	1.018722531	0.2878271504	-0.1546915311	0.4504883406	0.531155971	1.636808153	0.5459736259	-0.3147398969	-0.2345530465	-0.8948620646	-2.162858122	-1.000299657	-0.4639660358	-0.3887235003	-0.525231387	1.150091599	-0.1158007302	1.590808688	-0.9081815449	-0.2179916755	0.5839960851	-0.7912664446	-0.5482266151	1.190390389	-0.1382209809	-0.4597239572	-0.7639511393	-1.056315928	-0.7430225477	-0.2368434075	-1.045979082	0.7321499048	1.074987697	-1.892452771	1.31785392	-1.044996927	-1.310789294	1.14628194	0.4880305514	0.4723760561	-0.1187996031	-1.215697903	0.6212180574	-0.2709125053	0.1185462684	0.593491029	0.3473588149	-0.3211446986	-0.8540233217	-1.110772092
-1.305101125	0.1612378539	-1.192151296	0.417809751	-1.014180091	-0.4683895845	-0.6086965687	0.3749157121	-1.180924968	-0.6611953008	0.5291988584	0.2210367575	1.427461136	-0.4853402256	0.7454497494	-0.7560891531	0.5796678244	0.1087568086	0.171548875	0.9995675763	0.3052291362	-0.1370388836	-0.08277826673	-0.6355825217	-1.176968976	0.2734756858	-0.3521054252	0.245253837	0.807652688	0.1956746574	-0.5514224037	-0.5767095276	-0.3435969571	-0.1172447475	-0.04001257362	-0.1791328774	-1.246192198	-0.4321585228	0.6361827697	0.2386717807	-0.546462632	0.6862830693	0.2140712442	0.08981689784	1.13957575	0.02095627192	0.3364747261	-0.634435009	1.499646831	1.711729092	-0.02843758755	0.927730688	2.379081955	0.2086852841	-0.341127636	-1.298437014	1.200624566	2.068539578	-0.2240644463	1.377365327	-1.299027383	-0.938064701	-0.6858421947	0.2488430381	-0.3231604318	1.659322937	0.2458185862	0.4426267839	1.330476336	-0.4046488082	-1.618774023	0.5499802853	-0.1167342935	-0.668983811	-0.2367068849	-0.1685210749	0.4485311721	-1.482736498	-0.7578060897	0.765773406	0.7479434269	-1.288550691	0.5101306785	1.617988683	-1.881877874	0.5615735826	0.05002807593	0.3336333808	-1.511952919	-0.02354297596	1.269324046	0.1359116468	0.4686171844	0.7241975045	-0.5118632491	0.3163549024	-0.8120557878	-0.2200001601	-1.056206569	0.6449406014	0.112062741	-0.5109264554	-0.2095377604	-1.466500475	-0.2009618782	-1.401773291	0.6374885594	-1.183420033	-0.0751293211	0.02971324569	0.2214323712	0.1801934165	-0.3501641557	-0.01970326767	-1.056925622	0.7569327842	-0.5304908731	0.1267150855	0.2605379771	0.2904033663	-1.994750326	0.3767112994	-0.7318810306	-0.7018811243	0.09344639933	1.498800797	1.502964237	0.5868781411	-1.051407701	0.3855472589	1.01037163	-0.3167340586	-0.01227356695	1.750864651	-1.467975427	-0.6796775997	-0.5511236946	-1.205163958	0.9189252583	0.09837645775	-0.8889051898	1.877661988	0.5654574266	-0.6479621482	1.243447775	-1.306099975	-1.185385549	0.51018851	0.05098796023	1.317227054	-2.231263553	-1.142705179	-0.04290533276	-0.09328810491	0.5077546583	0.2752897081	0.7980608723	0.3765761428	0.618503011	0.3620537661
0.9959442369	0.3808053571	0.2604377668	-1.058304024	1.701280336	0.004603503867	2.016260958	-0.05711555365	-1.732449861	0.6903884797	0.3293236081	0.9132322502	0.4648145188	0.7226485316	0.7122744907	-0.07407143439	0.6491087054	-0.5863750302	0.4205858858	1.348471181	0.3929416356	1.223049234	-0.5826301908	0.1934886224	-0.08478163346	0.4151905186	0.888681586	-0.02870367485	0.9142823457	-0.2351254464	-0.242565743	-1.379335587	-1.010407834	-0.2385327321	0.7697685622	-0.8761883838	-1.241213033	1.542594827	0.4470380621	0.1917144806	-0.531255207	0.04604788826	0.6519815427	0.6330525597	1.246249921	1.732619748	-0.07045750647	-0.09266676215	0.7150964118	-0.8540167448	-0.07698877341	0.3722645812	0.9783543824	0.5168901781	1.125699267	-2.182334651	2.117549858	1.411794132	-2.461975026	1.189986952	-1.044293606	-0.1980937764	0.7888320209	0.9167649136	-1.952893295	-2.44495865	0.8122815321	-0.642444479	1.324587236	-0.5300910762	-2.428049645	-0.7737925444	0.1163383091	-0.5881605213	0.7037138875	-2.963815687	0.1358405244	-4.537454498	-0.2584497626	1.358837182	-0.9030311969	-1.20046852	0.614962139	0.4372369834	0.6473634834	1.368289716	0.4060801925	0.5846352727	-1.32893233	3.728051809	1.715525906	-1.861769085	2.083591617	0.7214676643	-0.2480262876	-0.07394683426	-1.344488025	-0.9514233857	-4.944405564	1.252536084	0.4704948273	-0.08296978646	1.543627927	1.261626754	0.9097583106	-0.7801505027	-1.789153084	-0.8872102113	0.3621490175	0.4989886952	0.6448424064	-0.6605664916	-0.6155280562	2.169225327	-3.567845804	-0.6242824484	-1.506393654	0.5303491125	-0.0373448698	1.69870216	-2.204506611	-0.179941822	-0.8644693066	1.098998111	-0.3795970028	1.006907487	-0.4258508612	-0.4669950237	1.282020047	-0.6973044683	1.056746982	-0.338578258	3.33398697	-0.4742379616	0.09239544034	1.345918018	-0.4899421995	-0.7696148228	1.415304365	1.292659717	-1.913975639	2.395402847	-0.5678722803	-2.774551644	1.15114346	-1.349337438	-0.9153950747	0.1730819111	-0.396382203	1.048370758	-0.2461809038	-0.3493054273	1.238964332	0.9414767164	0.4169096531	-0.8401978718	1.962338535	1.050925505	0.9461131531	1.557053864
0.01407211221	0.1686985095	0.9536308442	1.226286598	-0.866345614	0.89937082	-0.3849712669	-0.1565571463	-0.6306220781	0.7334986949	0.7375035084	1.702774474	-0.02122381719	-0.9863267544	0.6993171342	-0.2382797262	0.3690394053	0.1172595418	0.7835449597	0.7561470048	0.9327367619	1.610814655	-0.7353774726	0.923908456	-1.099588725	0.2989787489	1.163770595	-1.117507195	1.477401261	1.17641237	0.3369807947	-0.6082611334	0.5321547722	-0.238116819	-0.1686427193	0.4895908299	0.1964570772	0.8124964706	0.9307724572	0.07317513207	0.01962502994	1.006765603	1.494361821	-0.9432217884	1.161746916	2.479457887	0.5273516427	-0.1565523497	0.9139349168	-0.8527576697	-0.01430238539	-0.1087711931	1.21353178	1.09978664	0.7483902287	-0.7532785698	0.713356109	1.194287014	0.8335551761	0.8067946067	-0.6529660669	-0.4746933712	1.823880104	1.23035473	-0.1823550624	-0.9219604968	0.8614025965	3.066765607	2.541705178	-0.151910177	-1.744697099	0.2467817817	-0.04672546423	1.77101655	0.8406026032	-0.7897475045	-1.316071255	0.1697334477	-1.381121786	1.204721445	0.7938450953	-0.4589852226	-0.4769313888	0.01030766457	0.2505689055	0.7666803549	0.6615857859	0.4333667755	0.4148077473	1.346426048	1.566474486	-0.7303176241	1.301394447	1.839663794	-0.3482222294	-1.2557857	0.2948986782	-0.3314494563	-0.05535946432	0.5196423209	1.573854553	0.5511161436	1.07423309	-0.6736540562	-0.4700865747	0.5645892953	-0.6767088267	0.2329045925	0.199176207	0.7128826512	-0.08600715521	-0.3777953753	-1.163840282	0.5085521895	-2.489693808	0.9099999812	0.7184560252	-1.002656692	0.2655525945	2.19642828	-0.8980924092	-0.009504129675	-1.171431819	1.366223985	-0.2067028981	-0.4873006974	-1.135221203	-0.2638068034	0.8781408716	-2.207898276	0.5139970531	-1.303234332	1.623261319	1.374131962	1.781809784	0.06018122698	-0.4743306292	0.4723792376	-0.005810289557	1.386003823	-0.3589069098	-0.4059100322	-0.05843362075	-0.4168071943	-1.105552978	-1.143971005	-0.5559323772	1.521666983	-1.771358632	0.5210761602	0.1952928671	-0.8190937028	1.560598448	0.0420361913	0.5876625786	-0.7291902892	-0.7709530747	-0.2758440623	-2.077256452	1.410465517
-0.2844117507	-0.6037674793	-0.4903406728	-0.9372825666	-0.05009891053	0.94139877	1.921706133	0.2838886522	-1.294004672	0.7037368219	0.7596735423	1.824616871	0.7955758275	0.8823766223	0.9350202108	-0.9249414634	0.151548959	-0.1789049522	0.3815087136	0.3068059959	0.36717204	1.09512647	-0.417468507	1.196523173	1.373616178	0.5251016816	1.283051141	0.5812995205	1.753775985	1.233164466	0.2958520316	-0.4740159166	2.489582429	-0.3747697956	-0.2533223124	0.5864235053	1.103558943	-0.4497575071	-0.3178014181	0.9260206942	1.17363707	-1.005056891	1.147556405	-0.1515610943	1.873022731	1.027299741	-1.104289112	-0.7166341679	0.666504896	0.6505723875	0.5585484918	0.3975427385	0.03842341039	1.291387385	0.3960949795	0.9076515334	0.123200272	2.366464508	1.410520186	0.5279746767	-0.5938365031	-0.771646987	3.390118168	1.145895216	-0.2998156926	0.09655637456	-0.1610765681	0.07789823562	0.159935798	0.8137350224	-0.8015597816	-0.9373050584	-0.1302240909	3.055489504	0.6916552152	1.223282362	-3.916905845	0.3357422947	-0.3099820236	0.4607875999	1.224289982	0.2199569748	-1.172594059	-0.9347881206	1.016341068	1.039557851	0.7189300513	0.1991500528	-0.4448872724	0.7074367902	0.4623206732	-0.1639921956	0.1327179223	1.425789431	-1.266646286	-1.622731228	-1.203704741	0.8459482584	2.101848274	-0.4736268158	1.21393335	0.3758161837	0.5636915411	-0.07411065207	-0.4855687998	-1.44564425	1.416831156	0.04416026222	0.05006908706	-0.8047263785	0.2430827824	0.3632410322	-0.56544502	0.3097631264	-0.1528839066	2.632545948	1.417989598	0.549674729	0.5762925997	1.943136168	-0.9766345242	-0.7456455733	0.1093795716	0.4557978538	-0.5208383761	-0.6122970294	-1.023876004	0.08100966514	0.9108007112	-1.844783058	0.5796819296	-0.3838987159	0.8620417474	1.028068042	1.584102442	-1.235644283	-0.294192291	0.969564783	-1.4487512	0.6377482539	0.805621332	0.1035283691	0.4685090793	-1.114707524	-0.5089973997	-2.346082597	-2.343756139	1.58737526	-1.182106837	2.493321531	-1.042975819	-0.1234914772	1.9397651	-0.5596857499	1.045918535	1.217033414	-0.215806557	-0.1775770507	-2.818955852	1.475365487
-1.164369044	-0.2052599706	-0.347396129	1.303679919	-0.6839810719	0.2797357388	-0.7344471256	0.258443552	-0.5688799732	0.1836997092	0.3805691933	0.7670136628	1.548619547	-0.9811334343	-0.3116502301	-0.6172012504	0.349961264	0.4363477448	-0.1480318834	0.3229809716	-0.5770482475	0.314966453	-0.6179830619	0.597001013	-1.171892418	0.2851952238	0.3663130544	3.44437093	0.6168892847	-0.5450161075	-0.111610899	-1.248727604	-0.8412594004	-0.9406211954	-1.025025873	-0.4866391622	1.841236112	-1.194069466	0.3778212877	0.8525729652	-0.4508513739	-0.08682282959	-0.8665684651	1.679619866	1.244774578	0.6718647291	0.1630894178	-1.01188091	-0.1993361698	0.9746813369	-0.6353506848	0.2835465635	1.297570714	0.1961949933	0.02674416648	1.488821623	-0.05368962695	2.738782978	-0.9077289721	-0.1845179757	-1.09662492	1.113572272	2.511841665	0.8783866547	-1.02966951	0.5521856293	-1.265050252	-0.0717710684	1.917821871	0.9054094594	-0.7591259432	-0.6780630605	-0.05112648115	1.72744891	-0.1472552282	0.4586695002	-1.135298839	-0.933009609	-1.193599319	-0.9294059378	0.8078727309	0.4418718083	-0.7752689198	1.560440431	-0.6700418276	-0.6853539294	1.488292054	0.3041045625	-0.2439115038	8.777774111e-05	0.1816876398	-0.1361511672	-1.484455111	0.2965247248	-1.737325307	0.08376093298	1.0282834	0.5874534691	-0.3860147441	0.6347515909	0.09997412711	0.2279593491	-0.01892905632	-1.431063356	-0.3774919741	-0.06377922334	0.5935355875	-0.7116919706	0.4820489043	-0.02145663831	-1.24668031	-0.2949072792	-1.47456217	-1.065730912	-1.341890503	0.8274986599	1.203142732	1.407843508	0.1163351785	1.124948072	-1.916212298	1.612244958	-0.3536919868	-0.6644173912	-0.6490856331	0.5422290725	0.5351603801	-1.107637102	0.18552544	0.7237287894	0.7760203476	-0.408409094	-0.6089485788	0.8218455005	0.8645814266	-0.07460466705	-0.7608384206	-0.2512850208	-0.7563137276	1.302898057	0.6084230614	0.6079752751	0.1323747543	1.213368292	-0.2966035664	-2.889280621	-1.853033636	0.2499817416	-0.5361494471	2.698122446	-1.578626014	-0.6409714555	0.8216291781	-0.1039168202	-1.242782519	0.09846838877	0.2993213236	0.7693269504	-1.007715592	1.33835146
1.266090709	0.08261576956	1.232040576	0.4173199886	1.638920173	-0.07346048402	-1.025209349	0.5087690236	-0.9127466554	-0.3164914416	0.2306373408	1.216040042	-0.4686657613	-1.230488327	-1.709969333	-0.2783659568	0.1108043852	0.09135877714	-1.56206201	0.198895454	2.033818261	-0.6844609576	-0.3801222186	-0.1929994195	1.378848751	0.08109697089	1.659758772	0.6194685864	-0.1904707505	-0.0686961119	0.6269069165	-1.812872607	0.06227149109	-0.3526060213	-0.7133054836	-0.4852037877	-0.2537011832	0.5753305081	1.189135137	0.7271699264	0.2900870271	0.06028580711	3.779809864	0.2720700267	1.430021754	0.0590378242	-0.4487938328	-1.769602929	-0.5505088917	0.2380420524	-0.2807919011	-0.06697025717	0.1953706129	0.05687633109	0.4742396347	1.334357945	0.3712272678	2.764399138	0.0511500588	-0.3547311132	-1.944570176	-0.06666270462	1.61743579	0.6219247685	-0.1408959347	0.7715087257	-0.9741608113	-0.8456850241	-1.764692703	-0.1545213276	-1.371725208	-1.088297182	-0.6630082372	0.2061931242	0.4406532484	-0.4303765779	-0.5563713328	-0.6935407029	-0.08445995821	-1.047630964	-0.5399758564	0.4460630583	-1.636584724	0.1578477932	1.441324369	-0.80453713	1.857945335	-0.2530160655	-0.1784634287	0.3692245518	0.2948304585	-1.74080357	-1.814573402	-0.1024577941	-1.09953072	1.071376357	0.07821193745	-1.940260199	0.2457229677	0.2792201576	0.3437702309	-1.150843372	-0.6437700995	0.6120343367	-0.3928568887	0.2521040842	-1.196075299	-0.8391297654	0.7568630688	0.801448472	-1.305161076	0.1327423683	-0.2441690585	-1.717353792	-0.6506774835	0.06676526269	-0.2213973574	1.052747475	-0.2608038793	-1.587881359	-1.816945836	-0.2426094454	-0.1282680758	-1.223531306	-1.535966363	0.7550241434	-2.091134936	2.49703226	-0.6119498915	0.8500056054	1.894909969	0.7141577108	-0.6260223576	-1.133762697	-0.1297622943	-0.5164388501	0.0170045283	0.3180247713	-1.595818479	1.049190293	0.3534566922	1.021679724	1.380811895	-1.17454848	0.5823483836	-2.18111754	-4.084814128	-0.1909797227	-2.27354587	-0.4043972023	-0.3723571066	-1.337240854	0.09059516308	-0.7200619129	-1.00230676	-0.4517508776	0.5397612626	1.934682388	0.8525756268	-1.852569849
-0.09356001503	-0.968490662	-1.034893182	-1.093601809	0.6178073256	-0.7951425972	0.4445558124	0.1504358969	-1.781104455	-0.9701709916	0.2823752291	0.6468411907	-0.7732696603	0.8158977218	-2.168057831	-1.272014893	-0.07402460973	0.6008632353	-1.890753502	-0.01588985393	2.362776324	-0.8120753167	-0.08442188517	0.1004192263	-0.0133290326	0.3501868659	1.564094978	-1.316914323	-0.2648829037	-0.1182496411	-0.250884841	-1.363065784	1.961474172	-2.038393534	-0.4726368264	0.8554472366	0.4070113053	0.3434117819	-0.5774618234	1.339115102	2.108446745	0.8837656272	1.962602275	-1.116751585	0.491173753	0.4490232413	-0.06899901613	-2.13218592	0.07063700157	0.4576625463	1.720779194	0.44115261	0.1482401914	-0.308384617	0.7473553091	0.3338115125	1.162975182	1.443440277	1.164449354	-0.2716032298	-1.759999375	-0.2694599179	1.47991759	0.5404584675	0.5996447934	0.356053042	-1.088856654	0.5056602102	0.1004261715	-0.0511055515	-0.9008786747	0.03492579243	-0.3292981645	-0.7154995263	0.6319632459	-0.7696332164	0.04669219849	0.8340568556	-1.143093935	-0.6841404228	-1.184262583	0.5614874491	-1.163987649	0.04303702977	1.771158798	-0.02583181221	-0.09243462738	-0.1759734807	0.6988846979	1.657278411	0.7829307942	-2.795936331	-1.956083773	-1.201331646	-0.8214688587	1.038688973	-0.0858351515	-1.765889473	0.2035787885	-2.349929485	1.726037339	-2.076169208	-1.007307663	0.192711464	0.1384324072	0.6815252554	-2.320277388	-0.6503146743	2.98912313	0.9488960008	-1.122862891	-0.1176808398	1.354118367	-0.9575185533	-1.740892405	-0.4474129451	0.05276999719	0.06767802346	0.1769452387	-0.7774127999	-2.775273266	-0.2008737047	0.1101323422	-1.055208582	-1.463437875	1.038357584	-0.9608251902	2.94064534	-1.57684846	1.186007391	0.6470491015	0.7580109924	-0.3074495262	-2.326670491	-1.015211562	-0.3564963189	0.1882416761	1.475133622	-2.305693981	-0.423345189	-1.060644388	-0.7023108426	-0.696110276	-0.4886602633	-0.2734285711	0.5426170227	-1.35274126	0.7528119337	0.8134819775	-1.900787973	0.7888929516	0.1304390604	-2.992480119	-1.044417568	0.2140741319	-1.493719529	0.1178783847	1.761493323	0.467533207	-0.2001425532
1.51587282	-0.5377522288	1.738170669	1.093468217	0.9244224359	-0.4430727597	-0.5744082783	0.1896505192	-1.127888079	-0.7257114863	0.7214586294	-0.5054118048	0.7658336342	-0.7812619961	-0.9775919798	-1.507716926	0.7995111677	-0.2365060478	-1.88314663	0.6830910342	-0.757876238	-0.04283116823	0.05116183592	0.2807770974	-1.035643205	0.5992076529	-0.3697949695	-0.9771962268	-0.1021682823	-0.1306308044	0.2636183694	-0.6716750995	-0.2946382679	-0.008011634814	0.1067245133	-0.3834069738	0.6442874283	-1.576282523	0.018280148	1.84304669	-0.604493472	0.1235695567	-0.7229227433	-1.5636774	1.870868274	1.034159348	-0.8625770935	-1.729772428	0.11485817	0.9527157723	-0.5301584359	1.044950059	0.1521796134	-0.008688659817	1.147534901	-1.240165484	0.9483527623	2.392935365	1.208199832	0.04111397239	-1.166337402	-0.4699628147	2.064068306	0.3664870963	-0.8226083102	1.809036291	-0.9334530904	-1.224641157	0.3560859857	0.8223048021	-1.567310775	-1.13874623	0.2409153016	0.6316124688	0.2555850085	-1.259385525	0.5780465714	0.2876407579	-1.122555638	-0.7213801351	0.1781552171	2.029815799	0.5392239902	-0.4093772443	1.388504697	0.4021651735	-0.04827252047	0.2980561156	0.5282282023	0.4527249386	0.3567396368	-1.139788222	-0.9374176942	-1.332520859	0.1263624285	0.247394345	0.6650613774	-0.6306104403	-0.02342682597	0.3007148458	2.475404188	-0.5210375605	-0.4281756985	-0.03640589002	0.3780566833	1.506073806	-0.1592426875	-0.06371603551	1.810717642	0.8133843561	-0.1511413982	-0.3300269102	3.00166853	0.4080505498	-2.623663404	0.6655981265	1.138421114	1.08841963	-0.3375516895	1.780165182	-1.889623764	0.4735608373	-0.3712825127	-0.8328911913	-1.520038133	0.6403986785	-0.03895010111	-1.429252216	-1.946627599	-0.4085301961	-0.9062828558	-0.8467913023	-0.7012187161	1.553230559	-0.7143371231	-0.1643954454	-0.3294740023	-0.3449798722	0.5605195367	-0.301691704	-1.166496335	0.0779654415	0.1727692254	-1.399783423	-0.8607199082	-0.2793040278	0.436866754	1.896247528	0.585448387	1.152084519	0.5674419075	0.2174245929	-0.6468260994	-0.7682567775	1.175389438	-1.061777451	-0.4383298159	-0.05592343448	0.3332388389	2.229018446
-0.06071406908	-0.2844041117	-0.7191037703	-0.9975355377	0.208893529	0.6988128721	1.180238611	0.2730363371	-1.021418318	0.6227911658	1.104224208	0.639664765	1.041755796	0.9844872183	-0.5541833021	0.7248756443	1.232293976	0.7598384065	-0.6716949279	0.6599517925	-0.3576289362	0.3239232604	0.5352859736	0.9724666623	-0.0494265882	1.318090444	1.105623083	-1.890650211	-0.02296329529	0.3696959513	1.590098582	0.6966240375	2.132510696	-1.016602874	1.296619899	1.724509064	0.0888391016	-1.72761662	0.1512274115	2.090982663	0.8901539488	-0.1559462894	-0.01725351932	-1.963666985	1.598662971	1.704961471	-0.6926129236	-0.74911912	0.08396110839	-0.5367247133	-0.343436747	1.558201189	0.3661648638	0.499801176	1.418315921	-0.2018615956	1.115477287	2.111659794	-0.8057010104	0.2432333365	-1.028500377	-0.5242434263	2.672107829	0.09403642867	-0.5119483495	-0.01928322467	0.171987284	-0.843421905	-1.738985878	1.767522873	-0.6179208159	-0.9894521204	0.6513704876	0.6318333569	0.8238914686	1.096777962	0.6837517631	0.8001744793	-0.04460289336	-0.1779571163	0.4341428509	2.061590244	0.6287562995	-0.9660968877	0.03148432146	0.1614426681	1.611355756	0.95718044	-1.058608485	0.2681081647	1.042330814	-1.277082686	-0.3587279136	-1.619503633	0.5326741531	-0.7948967887	0.02632843036	-1.212075326	-0.3291373423	0.4272408016	2.143505026	-0.3134162916	0.5722897046	0.5603570039	0.4602516843	0.4239115788	2.273982654	2.122307802	-0.15479367	-0.08182127956	0.5661232469	-0.5790021072	-0.1775624134	1.757728906	-0.7140018638	1.854221329	1.809460696	0.2937456929	-0.1320085407	1.135761324	-1.46986968	-0.4980254843	0.6008516776	-0.2062363947	-1.012567458	1.10896334	-0.05631813989	-0.5191060875	-0.3883056081	-0.2690906294	-1.589961912	0.03613329272	-0.3120376323	1.461585615	-0.2495213163	0.3180854925	0.5587450137	-1.266106245	2.072229213	0.1114500623	1.5923346	0.3855986433	2.32084476	-0.5502267159	1.867690314	-2.670640941	-0.8209972084	1.070620472	0.7270389658	1.080493517	1.040063375	0.9887594869	0.9406962078	-0.1638845477	1.414429306	-0.3999917461	0.05364361378	0.2065072835	0.5910825821	0.9341465954
-0.7879379589	0.8160778522	-1.19686363	-1.02617614	-0.7151713522	1.091935724	-0.7302685477	-0.3927345161	-1.384952122	0.7119098696	1.055216574	1.061143214	1.602459081	-0.4256446829	-0.347345946	-0.4154147828	1.524814634	0.6946089656	0.3748260484	0.776246069	0.7699381734	0.005349244518	0.9220999687	0.9182777258	-1.124262378	2.081577043	-0.8148546532	0.9156249086	0.3576009535	1.066756743	2.708005627	1.288499363	-0.1886242501	-0.3394481058	1.808437747	0.5702701559	1.248552052	-0.1012425903	1.380620922	1.451454277	0.07934124991	2.359219093	-0.2482950183	0.01607053004	-0.1573613407	0.3346343168	0.9230922569	0.002811444241	-0.3331750976	-0.7484508302	0.6250038462	1.546427369	1.589841947	0.8791095183	1.315266671	-0.2409758633	1.394675877	2.423098723	-0.5656828001	0.5597821248	-0.4082874497	-0.7403124353	2.636711368	0.4108425092	0.8454589335	0.357982636	0.5012535348	-0.3172472742	-0.4297130908	0.8219097775	-0.270060024	1.117105527	0.7358447123	-0.2647623475	1.031299957	-0.7855149853	0.724480552	-1.087025008	-1.141922763	0.09344053451	0.881308327	1.406634901	0.701736604	-0.187393045	-0.2407097575	0.5912088872	0.9206589762	0.2462474487	-0.1463324497	-0.3909148093	0.9985099455	-1.11640012	0.2443235447	-2.117641009	-0.4196940726	1.055475617	-0.1671896592	0.3137216112	0.6050201698	0.3349882232	0.6370271546	-0.2930036036	0.06832268525	0.9801627266	0.8622495124	0.1654882511	1.941194141	2.730612862	0.4142772078	-0.1181398981	0.1738106461	-0.2675126904	-0.2949816865	1.683999863	0.003896200052	2.553684405	1.027899516	-0.1464465099	0.4720432283	2.066152635	-0.09837685148	0.8449566078	0.02367851049	0.05639762639	-1.585453499	1.901116625	0.3948068876	-0.2554172291	0.6253236739	0.03253506224	-0.527514289	-0.5260977519	-1.198755624	1.57100792	-1.373460718	-0.3138374412	-0.5456136173	-1.095746117	2.155644126	-0.4269770182	1.965709037	1.444355949	0.4037889432	0.3815561661	1.431614422	-1.727658762	0.01611018801	-0.3914683748	1.984502764	-0.6180694582	-1.731452331	0.01923019352	1.349714123	1.901578661	1.155303175	-2.455869489	-0.5201639728	2.161160768	1.289772511	1.301388564
1.630205516	-0.6771724713	1.773107516	0.940182461	0.237079491	0.9798133672	-0.6456368143	-0.095019271	-1.3347747	0.6903375075	0.5007188558	1.358306562	0.9500872221	-0.7799399244	-0.9978038041	-1.82048987	1.412277236	-0.2045992148	0.3013340218	0.5407308267	0.07454623021	-0.1329665314	1.146839483	1.121338215	-0.3005916285	1.482850859	-0.336039125	0.5077607706	0.8419903945	1.987661379	2.124263012	1.1440717	-0.3063609953	-0.6998476657	1.524249104	-0.4774802626	1.000562568	-0.751825984	0.1592154547	0.5188576671	-0.2720893705	-0.5673372366	1.501458269	0.2789173442	0.09694302894	-0.1773763391	-1.21420933	0.3147841264	-0.7362687073	0.9150584198	0.9949180959	0.6660949043	0.3106027263	1.592247248	1.008276587	0.6183445333	1.052009136	1.809948224	2.752615369	0.4775743753	0.07682644659	-0.207503143	2.656381779	0.9327353695	-0.7371774174	0.3086352016	0.7844847426	0.2903041883	0.3239163487	-0.5124178372	-1.327006166	-1.057719759	0.9877355769	-0.656363442	0.7384476909	-1.457578241	0.5175184535	-0.9631093542	-0.2725035687	0.2539458936	0.3801526512	2.176247486	0.8773190531	-1.517730665	1.437758157	0.8123423023	0.04748059452	-0.3339699312	1.026765713	-0.1114015581	0.4249270665	-0.5808131383	1.055782531	-1.460768633	-0.05909300493	0.9163007141	0.1691208491	-0.5956833082	0.1595211155	0.01044527113	1.009780518	-0.5239991246	0.5596193528	0.2145431588	-0.2449538668	0.5647252992	0.2667980049	1.884024569	0.5993743755	0.5947925888	0.5498497199	-0.45636115	-0.003045995397	0.3452338497	-2.925190317	0.3594755064	0.6535033865	0.9453067031	0.465505851	2.105047141	0.2097027825	-1.030100861	0.1392086256	0.1205720511	-2.238451713	0.951910244	-0.626748332	-0.5632507864	0.9441674097	-1.075311253	0.3437510371	-1.806699734	0.04587445307	0.9768275793	-0.3114610968	-0.9776829124	-0.150085958	-1.158127375	0.5137848738	-0.5339037012	0.7919119289	1.477488254	-0.4174440715	-0.4211186717	-0.5038924065	-0.00521112202	0.5320277749	0.2568571801	0.8369003384	0.3228848702	-0.3350046936	0.2918932221	-1.082424558	1.329168639	0.6938491722	-1.832813496	-1.897093973	1.465720973	-0.7051236029	1.053877813
-0.06820611387	-0.7554327423	-0.258611895	1.136855825	1.631601859	0.1460589169	1.698820644	1.545888274	-1.124785372	0.4690408672	-0.3066741505	2.345150178	0.03824459317	0.8583210251	-1.450096109	-3.871489444	0.8216099734	1.555487766	0.4751631512	0.02008973516	-1.651075982	0.4849067879	1.242726793	1.430503373	3.863640066	1.437407534	0.2127683108	-0.3844448696	0.5119594378	2.079560373	0.6953338698	0.6337929645	1.579350176	-1.441363902	0.2236801476	2.609077766	1.271533112	-4.897074053	-0.4761148864	0.5827142906	0.77996256	-0.7161551996	0.3299690067	-0.1243112927	1.307729636	1.408372103	0.3535649373	0.3456252886	-0.6263369319	-0.1092155765	1.951817938	0.002761940863	0.8097659474	2.372541446	1.532772289	1.818363195	0.2009554255	-0.2947082429	6.056339251	0.9762002016	0.2366971926	0.2310269996	2.237097538	1.863558857	-0.4664821161	2.254213732	0.8716084195	0.9250971325	0.3615067731	0.4612193239	1.315407516	0.5637265896	0.3336212434	-0.9940855231	-0.470425379	1.604823671	1.018400889	-3.888687651	1.321173288	-0.6230445971	-1.737244975	2.259969522	1.178502135	2.306430309	0.5753087033	0.534230297	-1.628178842	-0.05418659944	-1.624668389	0.503826037	1.460897235	-0.644715978	0.03664989835	-1.224491315	-0.7523027805	-0.4684862987	-0.3214998697	0.3835951451	-0.7035362821	-0.5383868706	0.7438271934	-0.8662219843	1.180155297	-0.1164069541	-1.054539353	-3.178592764	2.751099916	2.457682495	-0.9601109003	1.821639533	0.2638362853	-2.207557965	-0.7394452606	3.497951687	-2.262764759	1.48068407	-0.1319700211	1.136937338	-0.445763015	-1.390316935	0.2575033187	3.024365525	0.49671971	-0.7020624471	-1.522445365	-1.050362481	0.3604709994	-0.6659494264	-1.05727713	-0.1597930314	0.9814320863	-0.2743932519	2.062834558	2.553798557	0.7185596907	0.6181768087	-0.9829718303	4.330205519	-1.353968183	1.143616178	1.22496902	0.9475009752	2.187605648	-0.930459135	0.9501250012	0.9166818863	1.079213388	0.03455432384	2.417446618	0.4272680389	0.4126660307	1.004181826	-0.8199642567	1.381049308	2.452343632	-1.930640497	-0.5342518632	0.2611785278	0.167858255	0.6229070946
1.202055519	0.08457139051	1.852951311	0.6581168482	0.7079505192	1.126682345	-1.050593873	-0.0819590806	1.578641832	0.537969451	0.4023749368	2.710714637	-1.276823632	-0.6218668455	-0.958889921	0.7324029404	0.8132137381	2.427205122	0.5517457949	0.003213759708	-0.4977836951	0.4869571451	1.232601344	1.335015731	-0.7299214648	1.400141248	-0.3580632965	0.07629683641	0.4167734373	-0.6317534863	1.864755317	0.09305179435	-0.9363028055	-0.4438308028	0.4856787098	0.1618929358	0.1027554327	1.11411915	1.658305156	0.7171786494	-0.1020264075	0.01611006518	-1.025254165	-1.681412334	0.7379066682	4.152446204	1.431413572	-0.4806917744	-0.260252284	1.589622403	3.045760464	0.5143256063	-0.1903385433	2.106510754	1.452376627	0.292761383	-0.4893212956	-2.29207714	1.431341032	-0.2688274397	-0.09575795501	0.9620025958	1.545081215	1.700280358	0.193482662	2.095444664	-0.02022519532	-0.2752367956	0.6606788831	0.412795857	0.6466867823	0.3498021055	0.2217100766	0.07147139032	-0.9706609841	1.126599681	1.537665161	0.7570508623	-0.1753668166	-1.043998772	-0.7192764454	2.018151914	1.29550518	1.299701412	-0.469572371	-0.3456880571	-2.956645301	0.2683756238	-1.187231658	2.718043182	0.7597295495	-0.1254035317	1.805364902	-0.6836658345	0.1617465522	-0.2227762056	1.61516581	0.1622154052	0.3948909014	0.5902238772	0.7689688251	0.9204390185	1.672845932	-0.3156717165	-0.1743085621	-1.093711256	1.46777909	0.7975479467	1.057808151	2.375249579	-0.4275017707	1.797494052	1.500052234	-2.460034862	-1.174296488	1.267593173	-1.026014964	1.08013229	1.428597863	-0.298039636	0.4373615027	-0.778128175	1.177918535	-1.810058848	-1.222000423	-2.728532991	1.13322729	0.7677389982	-2.471684308	2.995592659	-0.353214239	0.5698892118	-0.7398864614	0.6718017528	0.6944127119	1.585722948	1.187575423	0.8040944321	-1.784457183	0.8857846528	-1.646528314	-1.090812982	-2.696561012	-1.000459593	0.162172269	-1.432788624	2.960419725	-0.4198033417	1.223138164	-0.04237875386	1.389961939	-0.7249983575	0.6705804033	0.619903677	0.134583869	-0.4082305099	0.2901170014	0.5691643712	-0.2279943012	-0.3234966906
-0.9654258222	-1.023756879	-0.9896435803	-0.5343776172	-1.209559284	1.73971159	-0.08983243939	-1.867623048	2.414794785	1.656429471	0.3723173077	1.578203749	-0.789706762	0.310130432	-0.3295199635	2.592737265	0.1515894892	1.961937841	1.110343945	-0.7810513743	1.554170799	0.376444852	1.196473365	1.919789209	-0.6881594454	0.5928245169	-1.46310833	0.1636077285	0.3914040461	-0.9793317462	2.1817487	1.381506319	0.4953221578	0.2667639834	1.397456052	0.4255256119	-0.7044748395	1.869973253	0.2282267089	0.062165308	0.5055796364	0.6919309814	-0.4046539549	-1.86845928	-1.568269652	3.094326327	2.381982394	-0.1587387598	-0.06244373847	1.326081368	2.455807824	0.8122475512	-1.563416035	1.621280678	0.7262944762	0.5341773989	0.3313198761	-2.502070367	-0.2776502969	-0.2045824926	0.3553535273	0.1483554214	1.903088311	2.187920577	1.589780809	1.62378958	-0.03960025219	1.388922408	0.3801729022	0.7054136155	1.755915964	-0.01996117843	0.582113999	1.344479213	-0.8850885464	-0.788071308	1.516118781	0.6422079319	0.5383765787	-0.1980210464	0.5845974578	1.095637847	1.231660037	2.285378974	0.9852232058	0.06677645736	-0.3655129824	0.1058389556	0.03179046773	1.338135621	-1.132443336	0.6561797207	2.208676293	-1.38045308	0.7652609798	1.646804314	0.8812391006	-0.8924335249	1.710498086	1.847442325	-0.8648119407	0.8131449863	1.595332766	0.333865919	1.087662941	0.4911862329	0.4094288678	0.4334221123	0.8669311692	-0.5663011127	0.1530215114	0.5439728134	-0.04209737622	-1.428604661	0.7117883135	0.08715210753	-0.2109281092	0.8734748692	2.457500672	1.089538605	0.3619472139	-1.259404319	-0.3546235167	-0.3552626351	-0.94642506	-2.70798582	-0.04965871129	-0.4519645866	-1.735632619	1.162367885	-1.213905637	-1.77225625	-3.428981357	-1.155295582	0.09754338257	1.311994324	1.201019766	-0.7796618527	1.256502518	-1.008734274	-0.9767287568	-1.391255627	-2.950816692	-0.0510354478	0.521647492	-0.08053296684	2.483804465	-2.360903442	0.5717722165	-0.8079578634	-0.7161563444	0.4761389292	0.5560860845	0.2167978433	-0.5152624846	-0.9690885183	-1.39069658	0.09553857345	-1.061892914	-1.256701905
0.637197112	-1.097625446	1.631537943	0.13249654	-0.6202542534	2.112656466	-0.4783454971	-2.110787857	2.609428275	2.266812904	0.5452866859	1.102572109	-0.9674338397	-0.4391242137	0.4168211198	1.232280637	-0.04464158924	1.260916672	0.6854120867	-0.5369233008	1.896815818	-0.1586360346	0.06414866004	1.695538265	-0.03277894038	0.1789791754	0.9374562275	0.4886367906	-0.356182256	1.648457442	1.314335793	1.686169898	-1.18794593	1.819018197	0.9945508631	-1.526428179	0.988928739	-0.6435245917	-0.1522596946	-0.6651813684	-0.9814128053	0.1214096805	0.7233518755	0.8239013827	-2.821818292	1.022863791	-0.7800824618	0.2647565254	0.6058628279	0.3953196771	-0.1518629734	0.6516591215	0.1997014019	1.456675877	0.005934876949	1.310061627	-0.4088229915	-0.728999512	1.987561369	-0.735321888	1.204538958	0.8840737796	2.052026531	1.686979922	-0.4838274742	1.835346545	0.3893293197	-0.8686099742	1.336185184	0.5830699619	1.758002089	-0.8643777637	-0.3186398537	2.10924589	-0.2131680215	0.2626564355	1.43388319	0.7609706793	1.51052453	-0.3219323662	0.4556502712	0.1957092751	0.2488601473	-0.1541761996	2.418556363	0.1719764005	0.03955432269	-0.7511586939	0.2241877568	-1.600463518	-2.011705105	0.9191772397	1.79299251	-2.178599343	0.9349631488	1.533424478	1.884048946	0.4668428802	0.3645240513	2.174847364	-0.4629277583	0.8845523615	1.521647066	0.5750320293	1.318015601	-0.2688442065	-0.3850647306	-0.3889980406	0.9951061766	-0.4990294463	0.5808851639	0.5779578395	0.2092782722	-0.8052723921	0.8218026584	0.1703881667	-0.001411167286	1.002758393	2.548398036	-0.07692464752	1.088749411	0.5356184509	-1.036138805	1.192350522	-0.6519502962	-1.408531761	-0.5170204811	-0.7794499204	-0.8283930766	0.171373492	0.836116914	-1.461934986	1.151774331	0.9022267775	1.070859028	0.9408887585	1.156518166	1.124797364	0.9629486926	-1.683579082	-0.8137488631	-0.8391429619	-1.268089846	-0.03251386963	1.450233606	1.182090759	0.659474143	-1.937036541	-0.2976444645	-0.2024263733	-0.3815531572	1.39971317	1.803895332	-0.2326680844	-1.194743235	-1.875226982	0.2568364971	-1.00842061	0.7082014068	-2.461929324
0.7122265201	-2.037507249	0.4905093838	-0.04420083916	1.254128337	1.324655155	1.7973169	-1.421039332	1.603984954	2.103578718	-0.03617699057	0.6259599207	-0.2959671075	2.584904508	0.3657865046	-0.3401641244	0.0498961051	0.5137297773	-0.1602837213	-0.3608857179	-0.5851741182	-1.335523765	-0.8273694053	0.9616947299	0.5154985467	0.08797816342	0.004198347263	0.1160796699	-0.5191985953	0.5691012839	0.4568284799	0.2934549696	-0.487842853	0.9571111405	0.244760684	-1.192702552	0.7307681809	-0.2956822213	-2.228862791	-0.5363229386	-0.7444064918	-1.242158847	2.138685154	0.6273600033	-1.834060492	1.213759493	-0.9106683932	0.323549305	0.1791696305	-0.2502395312	-0.3005441789	0.2854472813	-1.349803191	0.9858673641	-0.569609371	3.771521119	-0.6472798716	-2.246221648	-0.09019078646	-0.5258102011	0.5969290142	-0.1487747916	1.668835691	0.9019264517	0.5655860961	0.424405925	0.6923744351	0.7492842682	-0.7207007968	-0.3816497665	-0.8117997797	-0.08788083481	-0.4367816797	1.354792012	-0.7471293642	0.2026314929	0.8654161882	0.6406260196	1.97449018	-0.8947269912	-0.247514414	-0.3524780966	-0.7187297664	-0.9815409604	0.9826607338	-0.2418944865	0.5487675317	-0.9406357015	0.951891137	-1.552291311	-0.934665017	0.472464325	1.635124942	-2.13352477	-0.6010080181	0.3592301093	-0.5697091254	-0.6188080309	-1.411196196	-0.4621689126	-0.6962572635	-0.06723909006	1.847256768	-0.4657194295	-0.16708086	0.3298958227	0.6631786822	-0.4318605734	-0.3862897077	-0.4951635995	0.7233337245	3.060903196	-0.9080070256	0.07330796007	0.7448335818	-1.446726763	0.4816663786	-1.393809567	1.121310161	-0.6806643078	0.624424187	1.048502247	1.348931907	0.7294981069	-1.134181149	-0.6784632127	-0.6169145153	-0.3777257103	-0.5973864586	0.17914944	1.134262645	-0.5444061448	0.4010658534	0.6762089168	0.6300487327	0.5503048228	-0.8934868712	0.3687544482	0.1302097459	-0.2284043575	-1.485896567	-0.8612105188	1.029982377	-0.6804766931	2.229381351	0.3612947464	-1.055643628	-1.491836782	-0.475305331	0.04783339837	0.2414009985	1.341152178	0.4843878609	-0.5805244958	0.03669953094	0.222952137	2.074327948	-0.4447945477	-0.6462834961	-3.563704508
-0.2352547971	-1.853659693	-0.3350784034	-1.334582818	-0.6188023591	0.6318038039	0.561716591	-1.481964373	1.99719296	0.5495094611	-0.5397430122	-0.01230915902	0.36985319	1.292649498	-0.4702149949	1.859109264	-0.6373991195	0.7550460522	-0.6731631793	-0.08436145966	0.1898651947	-2.250110414	-1.827627646	-0.1529928166	0.8298246787	-0.8810656369	-0.02536895598	0.5964819088	0.04377142721	-1.622725184	-0.2986368326	-0.9680006867	2.340385019	0.1185613075	-1.096536214	1.033165905	1.087991967	-0.9317939089	-1.689028258	-1.59121405	1.04396196	0.3374318919	0.7143362123	0.5245203739	-0.8955904054	1.111785542	-0.5687438616	-1.03213206	-0.0950758862	-1.965886939	-0.1408122623	-0.2324941793	-1.034427841	0.1118397245	-1.530802517	2.63484038	-2.530380217	-1.386921673	-0.05565430932	-1.680448514	-0.28251337	-1.309720122	1.574233048	-1.363487687	-0.8473341017	-1.105899028	0.2974212622	-0.1725170636	-0.3073459514	-0.8589164273	0.9250160252	-0.4773224773	-1.307097911	-0.8791780629	-0.8743196635	1.769901678	0.4948776981	0.7054157791	0.2947772033	-0.8864209219	-0.2957220883	-1.71290386	-1.398069013	-1.279026162	0.1515746595	-0.06790984496	0.3832005359	-0.9765187136	-0.7502530256	-1.100012175	-0.9301007331	-0.3914561233	0.8910766545	-2.061083059	-0.1429874818	0.4334298539	0.2452500183	-1.41076001	-2.652917446	0.1040945165	-0.602952265	0.1381644429	0.8291900871	0.1488451893	-0.05508836313	0.7543426526	0.4524734337	-1.022259411	-1.548525232	-0.2914204363	0.3123446989	0.4796289358	-1.738865607	0.4994362783	0.9885133313	-0.9035355008	0.07723305687	-3.508220414	1.104791562	-0.1676355657	0.6141810987	-0.9956885385	0.1109032521	-1.407501472	-0.5766536104	-0.7133315473	-0.3235894936	-0.09051953173	0.2628728415	1.3219521	0.4726900333	-0.7923112522	-0.1243273338	1.814378178	0.2900540213	0.5122771593	-0.2756208576	0.0233395902	0.7093558638	0.4503234345	-1.626012192	0.2626575373	1.240016513	-0.6853244748	0.4349755173	1.079357508	0.5997875922	-0.8333303215	-0.8186512915	0.1689139605	0.05645569356	1.069053151	0.3760396846	-0.2077836012	-1.183759651	0.6093328949	0.9194939558	-0.06904552671	-0.4911419938	-1.927005801
-0.8144401526	-1.30582075	-1.220969813	-0.4156150517	-1.035898003	-0.4584649139	-0.7445990931	-1.613026859	1.128509354	-1.43894135	-0.5812759142	-1.430427378	-0.09416618828	-0.3393486262	-1.061259561	0.6990879271	-0.6715579482	0.9725348681	-0.9913289073	0.1679668927	1.403560853	-2.50192912	-1.692739718	-1.025373044	-0.7784403432	-1.543292104	-0.8782844756	1.20433785	-0.04178650904	0.3509331785	-1.47296075	-0.6266803895	-0.3128593202	0.129550985	-1.892983644	0.8340731889	-1.16884621	0.03217442746	0.1988775677	-1.905197268	-0.02606967598	3.262491912	0.1984820906	0.06958752313	-1.504027834	-0.4186257378	1.121990804	-1.716079389	0.09711673569	-0.7103928905	-0.1596684976	-0.4925021791	0.9336289882	-0.1243521326	-2.870259787	0.6648884947	-1.820641324	-0.5271585334	-0.4003537244	-1.722665904	-0.3280960648	-1.24675347	1.55670443	-2.412778365	0.03831090227	0.744775783	0.1659427819	-0.3340800523	-0.59956103	-0.9459697138	0.6951887368	1.235206047	-1.584803427	-1.376971298	-0.4543506106	0.4423123341	0.730498939	-1.442311894	-0.964673775	-0.2792124061	-0.9040834557	-1.592421799	-0.8042178005	0.940300156	-0.276174224	0.2747283452	-0.3533887379	-0.8266367904	-1.876725644	-1.362903053	-0.8878535153	-0.4168706026	0.163849665	-2.403676467	0.2712811955	0.1898334993	0.1422994126	0.3808532201	-0.2459333428	-0.07407662956	-0.7125868159	-0.0756671265	-0.4308707226	0.05667658595	-0.5107031988	0.8768446711	0.2268237705	-1.238569567	0.7885918814	-1.540660073	0.4754441169	-0.687419793	-0.2754055459	0.9061659546	0.9440399613	0.792306511	-0.329016245	-0.9335965912	0.7168641246	1.586593957	0.9511454802	0.2543998963	0.2186229173	-0.295367993	-0.5251511817	-0.7573598225	-0.4244485559	0.01182717667	-0.8346311872	0.5872170805	1.626403985	-0.85142184	-0.08502130382	1.115749739	-0.6490873587	0.005149531363	-0.4113250954	0.442381907	0.06198448185	-0.7376557883	-1.683192137	-0.7168489453	-0.8589801763	-0.2725151578	-0.4180968775	1.245040527	0.5218892021	-1.634895524	-0.7162868056	0.1058111913	-0.5153323544	1.140875663	-0.2569407048	0.9222810765	-0.2723446212	-0.9652050448	0.2953429961	0.3413805461	-0.7210643666	0.2478331795
1.541925489	-2.137728992	1.222806636	-0.04086512372	1.537891344	-1.449783412	0.6373750377	-0.7055474132	0.609354351	-1.487519136	-0.2595385053	-1.532598977	0.6822247303	-1.246216846	-1.378264873	-0.7256863543	-0.4698184826	0.8725240411	-0.5408601391	0.7999087466	0.210560188	-1.637916852	-1.236781469	-0.5581916554	2.020252627	-1.041298177	-0.6792249082	0.5616870306	0.2642592058	-0.2047153835	-2.064834924	-0.04033464961	-0.9581145445	-0.2347322585	-1.388124629	-0.6926684303	-1.179120209	1.464722869	-1.68869081	-1.175808575	-0.496728218	0.4268893698	-1.167739816	-2.16647599	-0.7536812899	0.6092606906	-0.6708919047	-1.070583107	0.7243961468	1.767439473	-0.595401289	-0.1606551891	-0.5161907317	0.1499445306	-2.535701395	-0.7689788171	-1.477465735	-1.810376466	-1.132411584	-0.7677599628	0.8582723284	-0.5178365022	1.278743453	-2.063470602	0.799424312	-0.3764941951	0.5043546085	-0.1858192558	-0.4740439195	-0.8179228762	-1.266995734	-0.6067663282	-0.4663336216	-0.4574427479	-0.5832534205	0.1140208582	0.6545787867	-0.419490837	-0.2170079495	-0.05488462234	-1.065496447	-0.7936806181	0.2305243678	0.09557101839	-0.1412584992	-0.3468974216	0.4928550359	-0.6795684482	-0.2393841177	-0.548311448	-1.026233613	0.7217857071	-0.5303984564	-2.455402807	0.01688855269	0.8305379257	-0.1465192035	0.292625158	-0.9291810204	-1.013508925	-0.05556997477	0.2715488013	0.3817145519	-1.131203435	-0.5529324541	-0.2917720785	-0.4612953228	-0.5249620196	0.5165102851	-0.4572687791	0.6243734386	-0.6975073424	0.9103898715	0.0437701938	0.1595253883	-0.9989177195	-0.2130855309	0.743910232	0.7322818143	0.5528042318	0.3023994894	1.481834015	1.031107521	0.4886158927	-0.8114753771	-0.9710459879	-1.28818228	0.8722823977	-1.602116228	0.3032884672	1.810499675	-1.065545042	-0.2107058137	0.04231232259	-0.41672701	0.5832411799	-0.6490568653	-0.008178889634	0.4284318766	-0.5394224461	-1.262870751	-0.8817039189	-1.127037892	-1.782478117	0.5399124933	0.4605761253	-0.6986612856	-0.1124248148	-0.1537426711	-0.4095911103	0.6782342336	0.6990365922	-0.8685454648	0.1727184519	-1.445248714	0.04413805642	1.216262687	-0.3952183317	-0.8366864334	0.7238029863
-0.9807656592	-1.367429566	-1.028347295	-0.4829295113	-0.9874430046	-1.43986319	0.02309368954	-0.6964281523	1.221317914	-0.766293149	0.0729487078	-0.3770268918	0.7111795707	-0.08308655083	-0.8959529479	0.378180786	-0.3883552494	1.211851936	0.4799916024	1.148574535	0.8253499705	-0.7764306446	-1.060133479	-0.04664710168	-0.3591270867	-0.6111564064	-2.249105019	-0.99010221	0.3426642646	-0.5221815302	-1.59587809	0.6539282378	0.4780875665	0.9961982666	-1.056172197	1.294333861	0.8086137345	0.5106138625	-0.2610647715	-0.5964813023	0.2643874715	1.79878443	-0.694629655	-1.519011312	-0.1356914552	1.137218655	2.028780225	-0.9718468486	1.187994967	0.5779397811	-0.7440005048	-0.1631155747	-0.65571476	0.5198591283	-1.521561132	-1.03661483	-1.917394689	-1.095316953	-0.4574884568	-0.4752438138	1.439427894	-0.6822982887	1.224881879	-1.679374396	0.4285963311	0.06986128704	1.043892116	0.04741926555	0.4782851842	-0.09300474555	1.147670896	0.508445384	0.2797291577	-0.4957193125	-0.4197742251	-1.341238285	0.463814931	0.3437435917	0.34279592	0.2496982228	0.3822597175	-1.103270115	0.6755450035	0.9095967512	0.2448333162	-1.086361624	-0.8068208344	-0.2888002232	0.7325391476	-0.1933596335	-0.6673730863	-0.1928785212	0.07453809541	-2.456617556	0.3334397345	0.3729038057	0.2418958885	-0.7275056852	1.575293733	-0.1999316153	-0.09974607034	1.442845068	0.7969730153	-0.1208675107	-0.1328954705	0.6332400819	0.608212887	0.904899311	-0.1582468005	-0.2189715509	-0.867795461	-0.493227883	1.39976805	0.3934037188	-0.05520100576	-0.6436302273	-0.2800405201	-0.8107664877	1.189774636	1.054163235	-0.07647686465	0.6581964061	0.2291422518	-0.175357791	-0.2159289477	-0.4094187407	-0.0469748408	1.168051468	-0.6865086814	0.581418707	1.061136562	1.479268009	-1.272091284	-0.0993678818	-0.3220471638	0.198537005	-0.0647949202	-0.624481614	2.600713417	0.6975384635	-0.6742350168	-1.197620021	0.4342151977	0.1302317538	0.5267208464	2.123227347	0.7909482359	0.2218683268	-0.3076482862	-1.140670925	0.4681672269	0.6056729171	1.101750581	-0.6556777778	-1.744461685	-0.6674583986	0.7455224022	0.6697720339	-0.1797868642	-0.4715566693
-0.9841677584	-1.240295956	0.8422705611	1.331102541	-1.117500752	-0.5787411324	-0.6882872221	-1.125788177	0.7363820364	0.03346387918	-0.215376958	-0.178279117	0.615831523	-1.028552322	0.1728504913	0.4339594797	0.04321257114	0.3041668899	0.1720740634	0.9616955088	1.022801319	0.3025458194	-0.6872064019	0.3386079455	-0.6451623519	-0.3426587061	-0.1097377347	0.576390622	0.3753209108	0.204832688	-0.9660608098	0.6933467511	-0.9756448282	0.2441961851	-0.4607347167	-0.7775710459	-0.02385460655	0.1533942501	0.3684191112	-0.4470944366	-0.8790572807	-0.225556832	0.9426896045	1.194216304	-0.7875307502	0.2795178948	-0.436123034	-0.7979236359	0.8008298013	-0.2886050943	0.7444266378	-1.003817349	0.9873623774	0.4556134664	-1.066813615	-0.7298469428	-1.379962371	-0.6907676888	0.07710159202	-0.359692329	1.513770316	0.3479193847	1.044889882	-1.129352088	2.15133958	-1.480337957	0.7359585218	1.574271033	1.389216598	-0.3878519307	-0.7323998695	-0.9598826061	0.3565788877	-0.4910335394	0.6733520762	0.521843453	0.6598069141	1.067682278	-0.7358317884	-0.04865259154	-0.3473420949	-0.495258037	0.7042869468	-0.2188416972	1.881756788	0.1297219646	-1.29818132	0.2421035524	-0.3744650204	-1.430574114	-0.3607594845	-0.09334623996	0.6422835632	-1.855930819	0.08553103954	-0.4756076347	0.5377266704	0.506861668	1.336927735	0.7191018151	-0.03401136777	0.5367609052	0.2141917901	0.588907823	0.2870569497	0.6791905256	0.08205267212	0.3243652468	-0.2123929636	-1.048111345	-0.7246435802	0.06028516695	2.913471462	0.7047014397	-0.403045027	0.2983093911	-0.3208431329	1.098541698	1.451553018	-0.3189887951	-0.9734488992	0.2097611056	-0.2853782537	0.4999373009	-0.08109419416	0.4323339652	-0.03941474292	1.382080737	0.9559942861	1.045969907	0.7562618992	1.72756762	0.4118283687	0.05203011789	0.3675747823	-0.4026660893	0.5430022368	-0.3207893257	1.726771636	0.007181369115	-0.9421247727	-1.830217376	1.076698328	0.2188593997	-0.5465172167	2.19050927	1.470076724	-0.1718811187	-1.023190983	-0.9085374609	0.9194100464	2.135308367	1.521584092	-1.054106597	-1.518267512	0.2311461769	0.7234646804	0.7229168035	-0.9509434633	-0.05939796943
1.256083524	-1.705703601	1.851961409	0.3879735207	1.382106712	-0.3001981042	-1.057537369	-1.248300476	0.8150502606	0.02535658441	-0.6085470088	-0.2039483965	0.199303852	-0.9049420354	0.6586441529	0.207084069	0.1312219951	0.423163716	-0.1792608167	0.8749626538	0.6008303676	-0.2237722186	-0.9060237782	-0.9366860275	-0.2988339314	-0.8142361419	0.6037047753	-0.189327832	0.057399344	0.8706584962	-0.5588710572	0.152169771	-0.8435624388	0.3469668483	-0.7508246495	-1.088139971	-2.187004356	-0.3870151577	-0.6140376476	-0.4683910194	-1.129105551	-1.334812296	-0.1376066478	2.762080651	-0.6884726297	1.314404506	-1.451137393	-0.9519242257	0.2391719202	0.2723985658	0.2964129333	-1.055940218	-1.624106667	-0.025998788	-1.627716303	0.8849382639	-2.115034711	-0.7535534037	1.885415372	-1.386339241	0.9684813486	0.2081574887	0.9275054729	-0.5778690177	-1.344245287	1.078039443	0.4839216221	-0.5510875623	-0.3822646687	-0.7064689727	-0.7989650989	-0.7848520568	-0.37187945	-0.5013960734	0.03952792169	-0.4093177796	0.3292860152	-0.4385446492	0.3743585189	-1.089699643	-0.04044877616	-0.5813996521	0.6712518457	0.08250422682	0.3900225239	-1.237138406	0.006495140014	0.5285299423	-0.4103212586	-1.915903964	-1.185128612	0.5683659374	0.356248292	-1.682334053	0.1308841889	-0.6032522077	1.28993479	1.51885366	0.2665035913	-0.6716052536	-1.027452161	-0.2124376833	0.7571545552	-1.367719493	0.300233097	-0.07016889293	0.156703392	-0.04921776683	0.06575183292	0.1237276943	-1.434259937	1.283224577	1.041788466	0.8918773183	1.141777657	-0.07354896086	1.242516666	1.515862588	0.8241517176	-0.89417814	-0.7790665742	0.01385361249	-0.06563186887	0.2517853487	0.03099148281	-0.5261500963	-2.315961954	-0.3881505738	1.870227887	0.4193397744	0.6664603822	0.03525529037	-0.5863169906	-0.03038409809	2.108014555	-0.8389796419	0.394563896	-1.047552661	0.6272308174	-1.190288424	-0.2075146405	-1.295919857	0.8015313598	-1.078888302	-0.4008685514	2.016904069	-2.102579233	-0.0320011267	-1.009706253	-1.083646587	0.5820781569	0.6345824864	0.0381681673	0.7965822684	-0.4078633072	0.6303755608	1.745607121	-0.05352687188	-1.340816168	-1.000543265
0.4550609473	-1.401923543	0.03609380137	-0.8089144727	1.450631968	-0.8572457019	1.074686098	-1.415399594	1.038483297	-0.3476076623	-0.5311415036	-0.5438388259	-0.08720644052	2.326743379	0.1776330862	1.402757476	-0.4315931995	0.4499314706	-0.9226953867	1.132523364	0.8737487791	-0.08986940053	-1.700967405	-1.967329598	0.1468475512	-1.391171025	0.05021286766	-0.7387281072	-1.330064529	0.4483876511	-1.058439717	-0.007680223426	-0.8179583589	0.5923042854	-1.600301769	-0.507231745	-0.9208361994	0.2197313338	-0.5939225763	-0.3111433361	-0.0750087833	-0.08284921287	-1.365632525	0.5631992111	-0.9498686995	0.6342260305	0.3104187396	-1.378055599	0.7203019157	-0.1331553891	-0.2123472176	-0.4311403433	-1.520331809	-0.9357587165	-1.809428991	1.724049016	-2.184490889	-1.182868478	-0.5230207397	-1.315865098	0.2059730719	-0.584586061	0.9009418392	-0.4291559434	-0.3388383188	-0.5321080944	-0.03563324344	0.2152286836	-0.9443927887	-0.7829773891	0.07525358063	0.03278046097	-0.5100441246	-0.8868482528	0.3380334185	0.9450220038	0.4029726697	-0.6597800237	0.2560130649	-1.398641951	0.1461496138	-1.040401782	0.2844044337	-1.044675733	-0.123063005	-2.067419056	-0.05812660022	0.4186556092	1.187833352	-0.9244086834	-0.704669676	0.4273628926	-0.5583010026	-1.676006691	-0.4734336378	-0.7876472834	-1.020663827	0.09765956302	-0.9062408624	-1.073057905	-0.8102776875	-0.5665669604	0.9774838295	-0.9265498841	-0.507650434	0.1357080704	0.06751982271	-0.3596155921	-0.3350748889	0.2289488196	-2.089056519	-1.029719426	-0.7494059588	-0.2360659317	0.8431372409	-0.2854217041	0.7991164921	-1.573462188	0.3223366967	0.2800959776	-0.7910121631	-0.2748146895	-0.1327175059	-0.06386125406	-0.3645057391	-0.6236091912	-1.76786503	0.03000685403	0.99351044	0.433337473	0.4721194761	-0.1122906782	0.2840864775	0.5836469347	1.491349078	-0.3691669153	-1.374494738	-0.2495315871	-1.02826126	0.08414461598	-0.6744472299	-1.786033111	-0.1317709597	-0.2089678185	0.04662765149	1.370953647	-1.593681127	-0.530280988	-0.2448956268	-1.358029241	0.7898690128	0.9886354683	-0.5801768146	0.3819512339	0.5690329747	0.9239553053	2.159907173	0.6886668349	-1.400550162	-2.763378912
-0.9277980615	-1.365213379	-1.148557663	-0.6648875137	-1.002717216	-1.607970584	-0.4318153295	-0.9858505962	1.075850935	-0.4896040758	-0.1356849161	-0.9823278055	-0.01178851724	-0.2430706243	-0.5954992707	-0.1126073489	-0.3363398635	0.9718830861	-1.566932704	1.203161667	0.6757881523	0.5058148039	-2.096018625	-1.745967143	-0.4632046654	-1.345070932	-1.924522806	0.2718375752	-1.491166773	-0.4685712235	-1.622261687	0.5119777224	0.2536517919	0.3433886467	-1.144206318	1.11679733	0.6886382695	-0.5028983016	-0.5176877185	0.2960587046	0.09361471802	2.20431732	-0.6204933424	-1.445475387	-0.5755934464	0.2192321019	2.531193427	-1.476320943	1.470834385	0.3825410143	-0.1171313502	-0.457110738	-0.918708842	-0.6151131753	-0.4950213756	-0.4675217933	-1.384551273	-0.539652981	-0.3584875248	0.07310781664	-0.02253498406	-1.43630032	0.8708639602	-0.1189595052	0.05455511989	0.4208516485	0.5866520138	-0.1813032256	0.2287123103	-0.7508205324	1.044417532	0.8585812382	-0.03869700534	-0.2126785624	-0.07304771775	-1.159769159	0.4277203874	-0.6047934828	-0.5434857995	-1.107898931	-0.3535023762	-0.8709224207	0.3166542883	0.5826315719	0.3227465942	-1.856901936	-0.6721655433	0.7321056484	-0.2407694125	-0.7643279427	-0.7347993227	0.5597509398	-0.8057074893	-1.682611448	-0.4886966935	-0.2219420936	-0.4759277323	-0.5754691443	0.9841180286	-0.03405641165	-0.3475263765	0.05633894867	0.9767393247	0.03268635615	-0.3460102423	1.05056688	1.082823649	-0.406138847	-0.2034393853	-0.4410792326	-2.094419846	-2.400159531	0.7650969551	-0.4115380265	-0.2681284357	-0.1765065465	0.1134819036	-0.9499427585	0.5037061708	0.7394906987	-0.7978575954	-0.4047540256	-1.12650607	-0.0698389207	0.1236468836	-0.1776092255	-0.04872506885	0.4851605766	-0.4389405084	0.6107135083	0.425877059	-0.7719465974	-0.956235641	-0.2238766344	-0.03395988247	-0.180434281	-0.3135506029	-0.227176389	0.6866628751	0.3074059821	-1.185496594	-1.502922795	-1.179405497	-0.3633138947	-0.5892662091	2.292008696	0.1611136152	-0.7340312516	0.1980601396	-0.7775552982	-1.053848612	0.4362515508	-0.7108693473	-0.1189452698	-1.833825667	0.340684596	1.611975956	1.917843976	-1.066186838	-1.817481709
0.9475302377	-1.125364173	1.66570193	1.068578337	-1.35008832	-1.22739929	-0.5661280343	-0.9431150282	1.282558548	0.2509248854	0.4476318461	-0.4182957208	-0.7704174464	-1.217469553	-0.3217208331	0.1018764254	0.2321569206	0.4808490511	-1.725694005	1.711571734	0.7694084871	0.4338041972	-1.787260469	-1.223690732	-1.352124414	-0.9990438568	0.1712590119	-0.3907432417	-1.06425085	0.2864022041	-1.391678569	1.639528197	-1.433016775	0.5596997896	-0.6518023017	-1.12786535	0.4857157563	-0.1992844044	-0.2703837117	0.6950873242	-0.4441967656	-0.6233807656	0.4611891581	0.2962172407	0.03479320159	0.4804759978	-1.100829374	-0.9714837657	1.766425711	-0.6972915391	-0.4061381504	-0.796142734	-0.1065271373	-0.3650821944	1.047120744	-1.835342217	-1.715002487	-0.6379131787	0.2260140671	0.3097255174	0.7113986293	0.02490737635	0.8056348105	0.2942701595	0.04578987578	-0.1189090571	0.8647188606	1.486836299	0.9354877354	-1.030997394	0.3211742883	-0.8008644819	0.07804484716	0.0467602454	-0.2170247977	-0.3880718354	0.5340081078	-0.1032219635	-0.09594366388	-0.2011158367	-0.4045405224	-0.7493006079	0.6582411902	0.6260632712	1.659305067	-1.016717608	-0.6583404314	0.6666647291	-0.9879707166	-1.406845605	-0.8633235058	0.232831896	-0.2293875137	-1.19656097	0.04217396083	-1.176155651	0.7249686698	1.511011728	0.3924206341	0.3135090121	-0.8984243455	-0.03254313968	1.122101232	0.4159526029	-0.1498081951	0.2248386644	0.3453789281	-0.203657127	-0.5592874178	0.5184592179	-1.876460044	-0.1415847497	2.642499521	0.1883681222	-0.161807298	-0.7431740924	0.8721210023	1.166842623	0.8397894609	0.6003765224	-0.1833227642	0.4859348983	-1.350396638	0.07889255098	0.0651843185	-0.2211890786	0.6042444012	0.2836474415	-0.5499984123	1.018985862	0.7604043534	-0.4498409619	-0.3150219417	0.7593820609	0.4290018881	-0.2827509638	0.8836774975	0.6275479558	0.1558016599	0.6091720054	-0.333020287	-1.51550462	-1.211414367	-0.4390564524	-0.1288211425	2.255924335	0.4306281004	-0.02223570331	-0.00682059218	0.2323433784	0.526691095	0.8092929068	0.6683958671	-0.01813711778	-1.832434443	0.157501654	1.261462999	0.9382302383	-0.7585107619	-0.6004086639
1.581257988	-1.448486469	-0.04966103294	-0.3096405385	1.441142786	-0.6313742984	1.794200551	-0.8733929603	0.3340357374	1.037941546	0.343242803	0.5833680401	0.1852438617	-0.5392395888	-0.1236781269	0.7481077	0.1932897168	0.2091861709	-1.424302919	1.904244652	0.9168335098	-0.2453656703	-1.21975993	-1.120058859	0.3249147195	-1.009721105	0.08317022304	-0.916208669	-0.8937855654	0.4585946868	-0.8143992803	1.138735119	-0.8558160828	-0.1988622994	-0.3802321649	-0.1929766772	-0.8369906279	2.835695307	-0.8427254612	0.5155883081	-0.4583762743	-1.091696975	0.9166340248	0.3681668197	-0.6470894933	0.4217345208	-1.158903168	-0.7658839634	1.437078176	-0.07964851306	0.1992045008	-0.5257700827	-0.9293378385	-0.5620986734	0.9740622195	0.1605998322	-1.44584949	-1.001429604	-1.541026378	0.1281007426	0.3558158174	0.0678550292	0.9498234755	0.6301256374	0.6319256371	-0.4271309711	0.7255684415	0.217939723	-0.9555822223	-1.453461504	-1.167891379	0.4411956014	0.1076790997	0.003228427909	0.07243800697	0.2265568582	0.3077277732	-0.2222559558	0.6165463996	0.3916306955	-0.2363441572	-1.413575781	0.4691196785	-0.4558773549	0.7654465747	-0.5814205305	0.07246982894	0.9113554565	-0.4903566558	-1.285766992	-0.07316966854	0.1926403864	0.1144185336	-0.739815309	-0.350384467	-0.940331534	-1.184953188	1.90280275	-1.164933787	-0.6804235473	-2.738269426	-0.2145571601	1.174103311	-0.5818479777	-0.3887135127	-0.08743791292	0.5321612544	0.3031471794	0.5867192928	0.1657852577	-1.464199506	1.070553243	0.6982980742	-0.05805058127	0.5708564468	-0.122353194	-0.009610057619	-0.4821813175	0.5047152197	-0.1236905602	-0.01384743855	0.8519531463	-0.2514637776	0.5325151675	-0.0978791569	-0.09453837062	-1.475114378	-0.3528080999	-0.08302379271	0.19543932	0.7095529337	0.1598810332	0.03508778955	0.2772530231	1.462570174	-1.281980828	1.204966795	-0.9266955602	-0.5130721479	1.274520407	0.1705165709	-1.026228729	-0.3129866359	-0.7982134738	1.338049406	1.140391557	-1.649924845	-1.286207264	0.8818594585	-0.6300819985	1.371693045	0.5392402697	0.5080755103	0.4599494062	-0.3007292196	1.621316568	1.192355544	-0.1090122321	-1.248598347	-1.001458948
-0.6258535574	-1.743234851	-0.8708709895	-1.530931657	-0.2557927545	-1.19014119	-0.405476644	-0.681293819	1.05597278	0.2821258277	0.2013669589	0.3525539336	0.3488457228	0.07510568211	-0.1931021904	-0.2678808889	0.06846434637	0.684295625	-1.170345258	1.34813371	0.2574392719	-0.1077573193	-0.9537964414	-1.356237988	-0.2439459346	-1.053934845	-0.9388547533	0.547926932	-0.7795104747	-0.6377111397	-1.029773492	-0.2975318452	0.5191417091	-0.6343454136	-0.6344086943	1.471195294	1.001176356	0.7161458975	-2.107000985	0.1547538793	1.0202531	-0.6385255649	-0.241479133	-1.401974742	0.135050027	0.7952835894	-0.8787352015	-0.7756918348	1.083502339	-0.3113639846	-0.4987295101	-0.5362699909	-0.8074147322	-1.035598443	0.9313823183	0.8398028493	-2.342308913	-0.9410471272	-0.2343810814	-0.3329120621	-0.09467681746	0.3433083102	0.4748235292	0.173135911	-0.6847458379	0.6855003845	0.1041676167	0.051444326	-0.1150353042	-1.076681237	0.1782391257	2.784115731	-0.02729175798	-0.05695185783	-0.4291810315	2.222023442	-0.1641616446	0.4912307496	-0.4233522228	-0.770940154	0.418971234	-1.50384094	0.6421731698	0.8197527039	1.157260827	-0.7173182916	-0.3486911408	0.8625900499	0.5611465758	0.2214203798	-0.2977774423	0.09053594667	-0.4076636078	-0.5409143108	-0.06748788914	0.2937280536	0.8570693168	0.1139060133	0.5180596014	-1.136486043	-1.624674445	-0.372404841	0.813808199	-0.5659946374	-0.09652675238	-1.888351062	-1.046500339	-0.04148855284	-0.2664370189	-0.04595437865	-1.370716027	-0.01209569375	-1.04221843	-0.717411317	0.4194322538	-1.398203266	-0.382787943	-2.303734707	0.3133150979	0.1034171536	-0.3691134888	-0.1479476194	-0.7937336549	-0.5280127018	0.508831064	0.126912377	0.1284856544	0.4977690083	0.05842164151	0.7467711123	0.4918115845	-0.1785032808	-0.105175699	-1.242381494	1.208113295	-0.4214790907	1.309426199	-1.414523608	0.3846604013	0.3395536889	-0.1649007506	-1.271467328	-0.9164361372	-0.6149352095	0.3102418192	1.845092625	0.9031245556	-1.150683289	0.6474781879	-1.465855582	0.2281209479	0.5014989435	0.5519377939	-0.2693969547	-0.1174125311	1.143368251	0.09775027643	0.07277534256	-0.5027470531	-0.1366085311
-1.047048814	-1.00470988	1.487021935	1.072521483	-0.8491182119	-1.136017494	-0.8499054384	-1.603288049	1.54447521	-0.3368347272	0.5577602768	-0.4159916589	-0.08225658475	-1.077926081	0.4225093691	0.5055898906	0.5853498919	0.372660029	-0.948718927	1.242435294	0.8343075717	0.08889779743	-0.56675791	-0.6565068026	-1.035157619	-0.3585402545	0.9094266564	-0.2205775085	-0.6756229836	-0.7549090597	-0.9982989635	0.2278296355	-0.8701203029	-0.45929125	-0.9178313376	-0.9927646945	-0.8540413235	-0.7883105646	-0.3916575378	0.02688681202	-0.8073370467	0.3129309823	0.1148321748	-0.004213997477	-0.5761002724	-0.01556292772	-0.8857369065	-0.6232995425	0.745464687	-0.4165423523	-0.4540435254	-0.2267954836	0.1624769259	-0.8440779685	1.385060203	-0.2551613225	-2.037681118	0.02761571611	-0.3101006034	-0.4966698847	0.2653203012	2.195586391	0.2753116716	-0.6986854021	1.656890102	-0.6699603242	-0.4913847673	1.498105298	0.2463173192	-0.9451482229	0.716021736	-0.8471947963	-0.4086621642	-0.3049967346	-0.4665254393	0.5517837659	0.01124823422	0.8272685946	-1.372131158	-0.8082734524	-0.4350237368	-1.698497782	0.6591600344	0.7228400583	1.181641769	-0.3480881597	-0.9975983444	0.334848902	-0.09012103748	-1.298996613	-0.4840355177	0.2592930727	-0.7204089286	-0.9316276475	0.5660968472	-0.7990386497	0.9530863703	1.5315114	0.3177427802	-1.472062552	-1.931159882	-0.5027432077	0.1182533137	1.021922948	0.4417643942	-1.186266461	-0.5062887794	-0.2289999956	0.4272957763	-0.2350044475	-0.04120406535	0.1616142603	0.07187382133	-0.5842200708	0.7866592665	-1.257300039	0.5929301123	-0.1657875112	-0.2202343001	0.6284918499	-0.8606450882	1.123695863	-0.9804369703	0.1959581193	1.010566688	0.8878055237	1.772772897	0.4142652095	0.1060845427	0.3692913633	0.1725325672	0.1211081377	0.3298664498	0.3213433022	1.406417018	-0.1389712846	-0.1882257947	0.1299888945	0.6827055228	0.5283087922	-0.7137189098	-1.203199007	0.6415987103	-1.007877724	-0.1739402668	1.822921113	1.566376063	-1.233929799	-0.7807279875	-0.2763755953	-0.1807782109	0.8994666889	1.34076953	-0.4714819359	-0.6149018603	0.6119361775	0.199199124	0.5112301998	-0.7028172608	-1.207948372
1.208345495	-1.444837763	-0.07851734735	-0.4138049968	1.755229939	-0.4736132646	1.939146309	-1.498755043	0.9071523983	-0.2284498556	0.4089036835	-0.5143117338	-0.05596046828	1.336769068	-0.4649007519	0.6157500624	0.7099488018	0.6111046945	-0.483124282	1.271242318	0.9415113675	-0.09159614076	-0.2730177789	-0.05376648871	-0.08004989206	0.3100528315	-0.3497763832	-0.8447640068	0.3690917707	0.1211877808	-0.3399159256	0.2851243594	-0.7163887882	-0.7249260032	-0.1280320402	-0.2471799093	-1.284432389	0.6664062802	-1.220494341	0.2196623654	-0.7736205821	0.5656789556	-0.8926356908	-0.1770639636	-1.476456117	0.4643963971	-0.1059882859	-0.4848165474	-0.006437398121	-0.7301929518	0.4240486746	0.174795283	-0.900246306	-0.6091023457	1.078199529	-0.002673216005	-0.474537627	-0.5655700972	-0.5311330628	-0.1537658474	0.5488300995	-0.05027569389	0.3611467084	-0.1857646426	0.3342298807	-0.9118175588	-0.1835330938	1.043040689	-0.3186707481	-0.693715734	-0.4976605537	-0.07475603882	-0.07729555452	-0.091525377	-0.4655442922	-0.2888936211	-0.002354422103	-0.1847491927	0.1231588934	-0.05845273769	-0.7793246574	-1.55734465	0.00154089339	-0.8832020416	-0.2190591882	-0.3687952076	-0.2949649485	-0.2297426997	0.4333522471	-1.836823243	-0.284770425	0.8715898452	-0.7191673537	-0.9845898637	0.7440473357	-0.8239930035	-0.9481073353	1.863069576	-1.598847916	-1.072817941	-2.543817133	-0.463179638	0.664376924	0.3127683225	0.1621175058	-0.556091884	-1.096579919	0.2798071661	0.2637098339	0.02849260264	0.8609317184	-1.892072273	0.5875822598	-0.9646503146	1.309763755	-0.2691156249	0.2467125902	-0.2580297183	-0.3717286485	-0.07580696567	-0.5443113232	1.079254419	-0.78761227	1.111425335	0.2933067218	0.0153520487	-0.3917229183	-1.041205925	0.1772030384	-0.3886978539	0.4850891613	-0.2990695586	0.05625214928	0.5456395587	1.045543535	-0.2376220573	-0.5806152974	-0.5655353747	-0.3643808935	1.646962046	0.05153157366	0.06404303174	0.4903409096	-1.146920835	0.9405135878	-0.007857874118	-1.825793909	-2.179271436	0.1345889889	-0.2793708352	0.9412712114	1.028605788	-0.01823380854	0.4535861922	0.02074351852	1.554621374	1.970503742	-0.1490895701	-1.788825665	-1.584220753
-0.8338411171	-1.340243542	-1.337184592	0.5578290006	-0.7605478914	-0.594401673	-0.7966899206	-0.9463386528	1.763539651	-1.115924785	0.5786577242	-0.1947102948	-0.1153259378	-0.1061283969	-0.5691786515	0.6366170077	0.6739311637	0.3960688682	-0.08791748527	1.113572945	-0.06184991548	-0.4029704369	-0.1031709294	0.4137409092	-0.9560938716	0.4853726456	-1.418728065	0.3665449308	0.6079053	0.1637115578	-0.6964945052	0.5524341157	0.4335586615	0.5612201877	-0.5719731087	1.208947413	-1.204070892	-0.00330994923	-1.443069006	-0.6413046323	0.06916075619	2.425355849	-0.643232235	-0.8454161698	0.4172977068	1.297486994	1.134404401	-0.1736669254	-0.06978393039	-1.301833417	-1.683662237	0.3376811133	-0.4576824888	0.02949420751	0.4548731685	-0.4312545143	-0.6155729662	-0.3438463506	-0.9336801604	0.1027528293	0.6873996734	-0.007177073925	0.3251213866	-0.8950664838	0.5331327834	1.634553061	-0.09197303063	-0.8015266679	0.3165512986	-0.1418335654	0.6294384166	0.8243705496	-0.2520918667	-0.1521129819	0.03534583398	-1.051149407	-0.01894136003	-1.016449815	0.4651207141	0.3762550247	0.2530821661	-1.329409398	0.2419077243	2.190205208	-0.3720874823	-1.205322809	0.3772348588	-0.7347310681	0.07025698979	-0.412165468	-0.4548475981	-0.05264092153	-0.5990381961	-0.5350194778	1.185008505	1.139639408	0.3779267755	-0.4819756005	0.884507646	-0.6073000979	-0.01519537743	0.6331518515	1.154642605	0.552204015	-0.4909078881	0.9148505646	-0.4840403967	-0.06987195382	-0.2208384787	1.370000156	0.6343429816	-1.653182031	1.757166897	-1.71531118	0.1725743969	-0.02472354869	-0.01262782009	-1.440783714	0.2014529009	1.586378528	0.69076515	0.8157291152	-0.08099275345	0.8829350617	0.5023595166	-1.158135879	0.3687079043	-0.1997494514	0.02476280449	0.1323953915	0.4564271395	1.080384902	-1.139227164	0.7599354556	1.001689254	0.2239340281	0.5874721244	-0.1975044981	0.8647696691	1.970521907	0.6047737996	0.5317607053	-0.104199887	0.01511992288	0.653725651	-0.5630835174	0.0881656637	-0.04853769942	1.004917531	-0.2205946713	-0.730763413	0.2186770284	0.1400090966	0.2218951601	-0.4063864915	0.5262725717	1.50764395	0.6624366263	0.04127979848	0.1881193277
0.7314291653	-1.268934178	-0.5169986649	-0.9426214545	1.568874888	0.03500557295	0.6530073881	-1.48105554	1.336947587	-0.02097032374	0.9587493354	-0.3170658451	0.01204319301	0.9336820568	0.7548255135	2.00200821	0.4724656348	0.5395794278	0.4759333636	1.380655167	0.3756779265	0.4903064501	-0.6015549349	1.333557763	-0.3197728933	0.6654130478	1.791565483	-0.3598625081	0.5986698276	-0.05846697033	-0.6161502179	1.773836933	-0.9653664628	0.6035992948	-0.2263711909	-1.017747858	-1.488625463	-0.4962211862	-0.5637172983	-0.5350258696	-0.477501097	0.02631094512	-0.1658222202	-1.40232248	-0.7871370423	-0.2423011447	-0.09967030357	0.4822750787	0.5011152471	-1.004469435	-0.6984171972	0.7373854833	1.198634999	0.1876672948	1.117519791	-0.0236699289	0.2051878498	0.4240191828	-1.211095695	0.2124816766	1.269586181	0.5334592155	0.7951740404	-1.458026214	-0.5008009646	0.08053781748	-0.2068815968	-0.3930899749	1.426485022	0.6764768616	0.6977141331	-0.2820611685	0.4001722541	0.2743243193	1.630761359	1.626552285	0.3845526973	0.6713076932	-0.2903634202	0.5288488114	-0.3075118341	-0.635847628	0.3143518765	-0.2526620136	1.014734562	-0.3692077774	0.8730768541	-0.709960245	-1.864140762	-0.9602298347	-0.9227354494	-0.1516596664	-0.09710393062	-1.25805546	1.089565454	1.223409121	-1.204961792	-0.8574137572	0.4233178118	0.2335418673	-0.740622535	0.5385623757	1.1551162	1.199102784	0.2369215263	1.926995396	-0.06416797783	0.1770609	0.8476815782	-0.6096976339	0.7811591369	-1.102240645	1.671428261	0.0985381842	0.1321562181	-0.05679960681	-0.1778273043	0.0569582966	0.680329035	1.343155424	-0.8970842268	-0.4058406713	-0.9625015246	2.845306329	0.6081153631	0.03681328565	1.238800119	0.4859732289	-0.03801028008	-0.4970531095	0.2527233523	0.8131952395	1.541112979	2.81090297	0.3547929048	-0.4576260324	-1.22358097	1.216251974	0.1731371908	1.550662482	1.752055469	-0.0356564933	1.275078071	0.8961067465	1.170972007	-0.01559184193	0.644025291	-0.8774197233	2.08980207	-0.7298200231	0.6649752882	1.067476482	0.8013179938	0.1777917009	-0.5767253571	-0.3664704535	1.25867173	1.55678323	0.0933899755	-1.428595646
-1.119700885	-1.283031538	-0.001979334788	1.603797121	-0.7978061593	0.5555236765	-0.5038970739	-1.087264494	1.083563147	0.5223079992	1.418325104	0.4454177	-0.1236640082	-0.8148737566	0.04390263325	-0.2715278025	-0.1665334106	0.08526312996	0.3838997376	1.595032513	0.7333207351	0.9086697646	-0.5733820343	1.543690447	-1.02443181	1.196202169	-0.05572813367	-0.8230755196	1.132826881	1.704349376	0.4124870544	1.881540884	0.5328781933	-0.3923678482	0.8898796246	0.4276432806	-0.1091693669	-0.4507374001	-0.4841973729	-0.6567352609	-0.2996662359	0.1646243269	-0.1893290825	0.07624444373	0.1818885326	0.7143104889	1.248372463	0.6801198688	0.703944038	0.3582372227	-0.299994328	0.03243103664	0.2096899953	0.6414064347	1.225677996	-0.02342791436	1.460155336	-0.6837061385	-0.1098229456	1.442557647	1.299018455	-0.4687274361	0.4636479206	-1.108490494	2.541200608	-0.7281114495	0.2161313355	0.04022552456	1.89358918	1.812214733	-1.391918088	1.114527564	0.4427853835	1.03699555	1.635918116	1.515733238	0.4651594343	2.072916453	-0.947041163	0.02791985349	0.07775610809	-0.01517705529	-0.03366181975	-0.6587083065	-0.4484410199	0.9002629727	-1.07154165	-0.2705765022	-1.261429561	-0.7996093881	-0.01286584869	0.4588043635	0.930031735	-0.9039708679	1.1204326	-0.1316160516	-0.051327309	2.777141799	-0.9867669899	-0.5923559713	-1.300695339	0.3867289875	2.16630719	-0.8709133382	0.1600953797	-0.04779343325	-1.742199542	0.6278837486	-0.7792188514	-0.443895608	0.441331268	-0.6480286848	-0.8551406167	0.005313477944	0.1193551816	0.5783395288	0.1599297534	0.1995945742	1.275530304	1.082512465	-1.229051023	0.9429537791	-0.362840832	1.459803775	0.6279941134	0.9710775151	0.4166344216	-0.06509745922	1.10187577	-0.567782415	0.5555803208	-0.7700746982	0.7533880481	1.186373246	-0.448729161	0.2463364323	0.2835052934	-0.6980294138	1.004362187	1.572566019	3.000607033	-0.4277896145	0.7476835124	1.696272406	1.022222972	-1.894566488	0.2231725882	0.4573663751	-0.5791167157	0.5763874477	0.1945886124	1.419648861	0.6456188748	-0.6909150707	-0.16839301	-0.1022411305	1.227892825	1.052876361	0.9516140837	-0.8804472685
0.4286440848	-1.060895581	-0.455583708	-0.7355791012	0.3475092634	0.8827531626	1.592352602	-1.002793821	1.693273216	0.7729628978	0.7553589755	1.042357337	-0.02143751489	1.219039216	0.3499370111	0.949459449	-0.3551616748	0.8497491373	0.6858643149	1.606339179	0.257126354	0.4341241706	-0.06754913313	1.793239934	1.304770338	0.7963099696	0.9648922216	0.1094414135	1.606714066	0.879248855	0.6146400432	1.962639593	0.8657574951	0.003591477742	0.3486391705	-1.182087579	0.4865974404	-0.9446971615	-0.3530844651	-0.578595769	2.303182371	-0.5284890769	-0.5296200591	0.06962486675	0.1763258065	0.9597763074	-0.503561387	0.7566339005	0.993963278	-0.2639419959	-1.813136094	0.2172620605	-0.2803657413	0.95934559	0.3142325422	0.2773653626	0.3476493678	-0.7885788227	0.5651075298	0.4809802695	1.143580893	-0.1721131586	0.1655781889	-0.9573050866	0.656438444	1.322753422	0.6163299576	-0.1461847387	0.4737974134	1.314108469	1.228940386	-0.2967037406	0.2684231185	0.0781432351	1.426775902	1.39862316	0.3342983189	0.6483899275	0.8347914916	-0.1768609328	0.06606736529	0.4906556631	-0.3224998581	-1.012267159	1.312743146	-0.2447074921	0.01646320948	-0.04374103802	-1.547547319	0.2373995573	-1.51781014	0.5623965334	1.311869411	-1.371608404	1.382031463	-0.6644373891	0.5663314436	1.291755123	0.666889614	0.2347962922	-0.5437470247	0.1628197618	2.297296428	0.4040934597	0.04362600578	-0.5055472714	0.3855694029	1.435251985	-1.322930689	0.3326510273	0.603120374	0.5960005768	-1.471323068	-0.7954272178	0.4849875856	-0.5611031253	0.5306893618	-0.493905067	0.4292099444	0.2606213711	-1.295489392	-1.038162181	0.1524064504	1.248433174	0.2378808264	1.053443812	0.9770304008	-0.4288717568	1.026296359	-0.1250277779	-0.0001531513394	-1.032556679	0.2301363968	0.8465955998	1.115621054	-0.03400158116	0.1241207042	-0.5349753366	-0.03880694727	1.119074961	2.075468171	-0.4100080051	0.8487077369	1.187297415	0.04522644914	-1.18638646	-0.4764105459	0.8511013688	-0.153239079	0.5786952421	1.357427026	1.249574563	1.727691974	-0.09179635517	-0.5327576371	-0.9647308902	2.397398467	0.4021705543	0.1586025188	-0.8132120549
-0.9911166652	-0.7982696424	-0.1510191775	1.040145529	-0.8143020987	1.145899242	-0.7595531026	-1.588843753	1.41029745	0.3825448387	0.6312016866	0.7121672139	0.0415159303	-0.6036470424	0.9587094203	0.4640314372	-0.4485944487	0.3198626903	0.7365416369	0.9905296427	0.7550290134	0.9378531172	0.2359236133	1.876558324	-1.338031896	0.5200261084	1.331450479	0.7427353429	1.115226776	0.07468818162	1.342950551	1.547116805	-0.3139096305	0.03658702221	0.1748654352	-0.1737841746	0.01609099042	0.2188893665	1.137051331	-0.00363391886	-0.8892748516	0.5326031983	0.7464667439	0.975386001	-1.275843274	0.08025104605	0.4901542877	0.4740136216	1.080318901	-0.152099219	-0.3341602639	0.3860067661	0.2592762384	0.08844187282	0.1866924371	1.233992514	0.3477795647	-0.6594832868	0.2802617614	0.7094664192	1.040832659	-0.2240617818	0.3517839147	-0.4558909821	2.226446308	-0.8051716577	0.06653670216	-0.4087216835	1.705834969	0.7381799691	0.3549241476	0.4828525368	-0.3917764987	0.1840345344	1.505840102	1.39048642	0.07491186224	1.363367834	-0.9528386144	-0.5052428528	-0.007865402715	0.9909771442	-0.03445210989	-1.007226958	-0.100336744	-0.1251641903	0.6439622623	-0.1956486257	-1.398047076	-0.591225471	-1.021124343	-0.4307554529	0.8184086222	-0.9235406774	1.046261897	-0.6972091124	0.4268509638	1.078465817	-0.9419857381	-0.2032548349	-1.452317853	-0.3452537307	1.956470071	-0.3048220436	0.2088866183	-0.5557077025	0.4880402118	1.202838109	0.2151080087	-0.4669149397	0.972678195	1.168483657	-2.286150615	-1.230695821	0.07968469257	0.5296800646	-0.3145693336	0.06200590052	0.3156064733	0.1521394904	-1.884257862	1.650045086	-1.154975303	1.127026437	0.5248903681	1.22458265	1.790311435	-0.4143343623	1.107068658	-0.08294007326	-0.05021840234	-1.086344293	1.345440053	0.9775688029	1.168260031	-0.004726436492	-0.82305063	-0.3356583693	0.7399177537	1.421732634	-0.1821573489	-1.449578487	-1.000245081	2.154390372	0.3224761076	-0.3897915789	0.9651945086	0.5566690109	0.7811081602	-0.8830276366	-0.3391135369	0.4823372019	1.474363443	0.149546273	-0.005058482672	-0.1166890985	0.5813003574	0.2611022694	-0.04304260845	0.2257302214
0.9516337018	-1.407996121	-0.5199878234	-0.03671722697	1.100369114	1.35720557	1.485930088	-0.8285786189	0.9146232807	0.6732952988	0.1145081895	0.3389964267	-0.1260956254	2.443326824	0.5988251913	1.278827848	-1.44270427	0.3141509599	0.7695090158	0.1991569773	-0.3495238611	0.425937689	-0.2145641912	2.085074599	1.22200027	0.149049979	-0.9110542416	0.2813552932	0.8093708357	0.7294925345	1.306218598	0.576487252	-1.170521281	0.4697599119	0.6571686905	-0.7249349083	0.1685603665	-0.8735465983	-0.7679169468	-0.3752703459	1.610742398	-0.3721599033	0.1544710302	1.641481599	0.3023859173	0.4422467385	-0.8034233099	-0.576689874	0.5398700798	0.4536313232	-0.9144914529	0.3874231244	0.4323928462	0.1763291961	0.3352840729	1.385003624	1.259746709	-1.908085843	1.822739545	1.099795192	0.3853230677	-0.6982511259	0.1307956802	0.1824357858	1.496643337	1.224195359	0.561320528	0.7832603596	-1.321337288	-0.2355735799	-1.61194139	-0.4936807352	-0.9261658664	-0.2684551008	0.2406767456	0.1854493607	-0.1999554125	0.932572045	0.6659442895	-0.5935091048	-0.7160864877	0.5871324306	-0.1447009812	-1.704507778	0.6283856251	-0.6236977322	0.07929100596	-1.256020488	-0.110963451	0.3641446014	-0.7418476794	-0.4037909956	0.4954395388	-1.358578267	0.9876789003	-0.5715510483	-1.034615618	1.664939411	0.3370927899	-1.360412393	-1.666006973	-0.6291867832	2.177381374	0.4381347747	-0.1871691389	0.4576043177	-0.6444775458	0.3973982427	-0.7914468738	0.5236943392	0.8061573379	-0.7180843529	-1.604997851	-0.4001033888	0.7195968231	-0.9500187479	-1.315768451	-0.06899288336	-0.4730706548	-0.7731308	-0.8723455611	0.4050984006	-0.4850005237	-0.04252046474	0.5143168949	-0.4847158426	0.4361808791	-0.4915658702	-0.4885006317	-0.2056752427	0.4153804362	-1.830642682	0.4462303316	-0.5263631137	1.040630151	0.4033472142	-1.613915298	0.2335757021	0.885587305	1.607537993	-0.8193251476	-1.64842614	0.6535316776	-0.6354952348	0.4348174009	0.7111191704	-0.7870404031	0.7651911076	0.682891899	0.7368593343	-0.974624399	1.024618288	-0.5998655735	0.2713846742	-0.006562398673	0.7904461211	1.079317795	0.4917625602	-0.3817435551	-0.1150537211
-0.8051168842	-0.8192247951	-0.7324615497	1.019359054	-0.9412459188	1.250155201	-0.889164796	-0.9632290035	2.145786138	0.7151898794	-0.1328528477	-0.1675120257	0.06960393809	-0.7723330444	0.5392757801	0.9548782414	-1.288625774	0.6709663584	0.5181063143	-0.1766018229	-1.185375438	0.1994468868	-0.39140308	1.487075567	-0.9779504997	0.2413647844	-0.9187043255	1.927163502	0.4033458343	-0.314738196	-0.5876552008	-0.01861620205	-0.5060759501	0.2675763266	0.577312062	0.6402355564	0.7161430672	-1.055723062	0.2314509002	-1.279292862	0.5141915088	1.463474999	-0.6825609426	0.9648132761	0.9956161741	0.1730886573	-0.1924596202	-1.040299814	0.2819848765	-0.004393809837	-0.4055654102	0.5300396083	2.311129538	-0.1538154265	-0.1847257121	0.8493233616	0.4166475028	-0.9092904246	-0.7772098338	-0.2534516543	-0.0001931468067	-0.4817375648	0.1144355761	-0.6813092802	-0.3329671274	2.096350899	0.3294487953	-0.397054372	-0.7958433249	-0.9078023371	1.093444282	-0.05430005682	-1.116705988	-1.006904654	-0.3519749877	0.3135968622	-0.286288449	-1.046852336	-0.285966127	-0.582358749	0.1777824192	0.006641929289	0.01418112062	1.190597099	-1.592254153	-1.432124302	1.582217093	-2.036972734	0.09339196363	-0.3921175753	-0.7818875948	1.259561938	-0.3588986535	-1.241095018	-0.05142571072	0.5177578938	1.923657612	-1.19730165	-0.4566514596	0.3426175752	-1.152867522	0.145743651	1.040116623	0.05629882572	0.04919838049	0.7131668112	0.07002233962	-0.4302650385	0.07919153294	0.1020607661	0.7798648206	0.2070889983	0.136718359	-0.9662434488	0.8788522115	-0.2914934437	-0.5847613528	-0.9773394968	-0.3532212778	0.4805465381	-0.1485802698	1.443598602	-0.6842734466	-0.2319294628	0.7297823529	-0.7181863984	0.999608411	-1.174812853	-0.434954862	1.624671557	0.5110890878	-1.173383122	-1.253649688	0.1109191491	0.5182373535	0.9975316518	-1.016951271	-0.3069336558	0.7392262291	1.106166686	-1.934023398	-0.7201942545	0.3103722474	0.6119164147	0.5211970532	0.6282112064	-0.7858760178	-0.1019928685	-0.2940652102	1.503735055	-1.348830406	0.09534143528	0.6048314411	1.51130856	-1.682181371	-0.3426536626	-0.5563784769	1.068082987	1.166151153	0.5373648217
1.197117785	-0.6791369356	0.4367767582	0.001127893841	0.7806628392	1.329393392	0.1885689156	-1.362443762	1.864161525	0.9762145257	-0.6128690701	-0.1621323397	0.2971990663	-1.036730701	0.560235938	0.7944869241	-0.6226640401	1.28521535	-0.06536739308	-0.0407364247	0.4534694792	-0.03151136251	-0.009406972561	0.9563246166	1.473217979	0.4388317633	0.884672114	0.550514932	0.5560891474	-0.9961704706	-1.142754306	-0.3614034472	-0.4527999562	0.2635388947	-0.09868921798	-0.8186461458	-0.5349235538	2.123171069	0.5154767936	-1.185161501	-0.4589306868	-0.327347577	0.03065740765	-0.7410038734	-1.059820186	-0.5704076714	-0.6436141464	-0.8084597333	-0.245580506	-0.345970938	0.1234021254	-0.6663670588	-0.1837434337	-0.2106607425	-0.5949557393	0.8265969309	-0.03286462473	-0.5256144056	-2.638501824	-1.743315222	0.2224043188	0.2303833984	0.03659789803	-0.702266688	-0.8457451858	-0.1050207891	0.09927450466	-1.41452874	-1.271336911	-1.142220219	1.328999199	-0.1255378129	-0.8420260303	-0.0732120048	0.2148239593	0.9687032166	-0.354934533	-0.6745746641	0.3671847458	-0.4648697265	-0.6407164143	-0.666583941	-0.01759683923	-0.5112970721	1.003395249	-1.00184664	1.388040302	-1.975037201	-0.5376053832	-1.710222451	-0.4782165207	1.825395967	-0.3508886772	-0.895890968	-0.2583788923	1.560343858	0.4591973019	-1.280571615	-0.8637146536	0.3148486674	-1.106470379	-1.110612783	0.1309355475	0.4955216648	0.57673527	0.05475261028	0.6041469764	0.5992017718	0.2475973687	-0.9427546152	-0.2735856203	0.9505021194	0.613921432	-0.8071098801	0.3832292071	-1.322891162	-0.2420631168	0.2694398195	-1.139181744	-0.5098576431	-0.2104666282	-1.371633765	-0.9796498035	0.2952632863	0.06413856971	-0.2627269482	-0.7318016287	0.03909465311	-1.102002149	0.09804331003	-0.001793320026	-0.8339106116	0.7433772805	0.2810293815	0.4485659178	0.4751425659	0.7583763213	1.558441453	-0.09514028551	-0.009239666187	-2.173134332	-0.9977749684	-0.09032438619	0.7292223309	-0.2542858234	0.312224155	-1.252358	-1.623900479	0.05199827962	-1.52656757	1.311812064	-0.7708326595	0.6330638024	0.7766619163	-2.772406297	0.9324121724	-0.01156819969	0.06148954396	0.5277466508	-0.6665851493
-0.7798384865	-1.061610406	-1.088990258	-1.447512669	-0.9122614848	1.024140345	0.0495406853	-0.7101896295	1.097226463	-0.3505904628	-0.8028113067	-0.1832563945	-0.4330831644	0.2338222701	0.504980161	-0.3822619827	0.06801524833	1.128882235	-0.56021225	-0.6659062259	0.7622686056	0.3211051475	0.7391196742	0.5672416351	-0.3566890854	0.02539421047	-1.217835966	-0.3416886908	0.05971848809	0.1835922266	-1.156200733	-0.4801255025	1.173545959	0.9477296077	-0.7524164375	1.022591016	1.069085021	0.964928627	0.1414564596	-0.6602898074	0.9847213962	-0.7714103156	1.271537991	-0.6704141008	-0.5455727812	-0.135396154	1.830367424	-0.1614749944	-1.056738749	0.8158840252	-0.6795118889	-2.169611807	-0.2638653488	0.348426056	-0.4700761674	0.170613636	-0.3044300085	-1.559043159	-0.1539165623	-1.845575838	0.2211690286	-1.049915421	-0.3331369238	-0.4994838732	0.229270019	0.5032286544	0.1753536361	-0.3453877093	-0.3915795762	-0.4823128211	-0.1834270215	2.966443404	-0.04973670625	0.002445004312	-0.04819563247	-0.4974080903	-0.5971698184	1.062161119	-0.5230901308	0.04163622579	-0.5492422022	-0.5012274672	0.3377815305	-1.134579169	1.210886977	-0.7121848805	-1.866853847	-1.502239298	0.7398271471	-0.3528882224	0.2219177678	1.102806393	-0.5036338665	-0.2462351628	0.275796345	1.027002815	-0.4670405601	0.2570557383	-0.3247305856	-0.9972191678	-1.085647078	-0.8343905546	0.07373126898	-0.9636714887	-0.2566345682	0.7002547427	-0.2879840124	1.209904071	1.341886719	0.6679282954	-1.281830524	0.0342603139	-0.6102994148	0.6505229313	-1.043977976	-1.204734517	-1.051147062	-0.740755442	-1.182320778	-0.1198007992	0.2191189838	-0.4918541738	-0.7388553046	-0.5789835606	0.2584212113	0.6286533052	0.4132096181	1.345389125	-1.639016989	-0.4063726394	-0.03941671331	0.9459700981	-0.01205299123	-2.667232186	-0.2939392338	0.1377714849	1.165243739	-0.07777939825	0.5070963254	-0.5906232946	-1.211285554	-2.263933323	-0.2662511412	1.551825238	0.2529357509	0.7850367874	-0.01681184687	0.4134506971	0.1879400547	-1.94670605	0.4522311967	-1.017042503	-1.063179875	0.2824868181	-0.7140745898	0.7633175162	0.2463551482	-0.817539347	-0.2918145362	0.5539630815
-0.6783793003	-0.8899048881	1.434557672	1.40877174	-1.283093033	0.7267733513	-0.7885440793	-0.8570622374	1.399064677	-1.14348374	-0.575818896	-0.5928945541	-0.6448906885	-0.4510803201	0.8277131213	-0.4735600688	0.8540739013	-0.3647646445	-0.6505723566	-0.4476826091	-0.9106955657	0.9265666579	1.448883954	-0.3165581698	-0.9721809897	-0.4715576952	-0.004746502616	0.0497412782	-0.4917875775	-0.172713645	-0.9211323312	-0.5504854649	-1.641310351	0.8638703252	-1.679773775	-0.9567951826	0.5090907587	-1.297377677	-0.02164385608	-0.4978302298	-0.2724897257	-0.4969841655	0.5268281927	1.033984636	1.006445932	0.1342634071	-0.4888017551	0.5309637178	-1.953409622	-0.5607868505	-1.33546184	-2.813858646	0.7565544723	0.8182698473	-0.3201702509	-1.138203756	-0.9377654078	-1.818046445	-0.4868965095	-1.995537683	0.1401123989	0.2939383965	-0.5400851692	-0.3648437166	1.573066357	-0.9270915172	0.5429014782	0.9611375209	0.1584232923	-0.04706423367	-1.708530248	-1.673791386	0.126371817	0.1645508926	-0.03536150879	0.04743001018	-0.3556696599	1.377449719	-0.8420418822	0.6602280141	-0.254948257	-0.3309618224	0.8853315341	0.624296681	1.372979529	-0.7567311496	-2.060198333	-1.017555554	0.8098227991	-0.2803000867	-0.04967331463	0.6555652428	-0.3047440684	-0.7576004266	0.8552090219	0.1206722764	1.274372923	1.618151127	0.7875753456	-0.2418964102	-0.674060243	-0.207896329	0.8625592717	-0.2214534611	-0.9321573943	0.3739215785	-0.6539032227	0.6651843167	-0.3916645406	1.60822526	-1.93506123	0.4269153283	1.074479473	-0.0155651907	-1.062159903	-1.527670826	-0.4731188023	0.6633645327	-0.6952599323	-0.03490656643	0.7012049316	0.1226943286	0.5793467297	-0.5688427708	0.2258540306	0.02045047513	0.5656719743	0.8024885288	-1.606536796	0.5667177985	1.268686635	1.350303974	-0.9337885077	-1.329569979	0.3943781698	0.2697073386	0.6537220453	0.1440952765	0.7569827266	0.4635567704	-0.5592862254	-3.057570286	0.08469817523	-0.7164809084	-0.7612474256	0.8479806762	2.087982265	1.963415789	0.3594855819	0.03495431374	1.251357005	-0.1611677047	-0.8048160908	1.070586136	1.060933835	1.112214631	0.4297034078	-0.9510645572	-0.1097523036	1.521753877
0.4655545189	-0.8080760927	-0.4827415243	-0.6954615094	0.7380244727	1.224400164	0.9568873886	-1.089566178	1.332075299	-0.6338144983	-0.6459836262	-0.3126838249	-0.3308897373	2.248417167	1.023439301	1.835931664	0.7115376363	-0.06500011802	-0.1766662784	-0.5179299291	-0.3715484165	0.4179203877	1.242176974	-0.918645628	0.1351842328	0.01672687515	0.4949307335	-1.760845056	-1.064905242	-0.9381231855	0.009458401124	-0.5052559726	-1.551415658	0.4640934773	-1.547477288	-0.5281655134	-1.021747463	0.06304091439	0.3586464407	-0.5461948407	0.1219704413	0.28938354	-0.3959445955	0.8450808637	0.02189580949	0.1822758812	0.7518359014	0.03409076813	-1.744471706	-0.8948889007	-0.7667282969	-1.974684384	-0.6333675375	0.453766933	-0.6814313879	-0.505108708	-0.8059928234	-1.000021086	-0.1152191171	-2.318577778	-0.09431338744	-0.2249637434	-0.2332068603	-0.160401409	-0.1641624999	-1.20768053	0.3485721163	-0.2982859943	-0.7829443514	-0.2897697787	-0.3626712281	-0.9007085856	-0.7430550974	-0.5157653762	0.1677874996	1.254743319	-0.03819002063	-0.2072956951	0.3952218987	1.03486038	1.061683973	-0.9032865382	-0.0904389947	-0.2405916074	1.087424212	-0.8419636795	1.248541705	-1.278139494	1.142453417	-0.7605306482	-0.165532859	0.7499066028	-1.728663424	-0.9340866037	-0.09396681039	-0.7340111981	-1.032890446	0.7660913656	-0.2156724557	0.3727014688	-1.288044007	0.2881614135	1.580656166	-0.2009575322	-0.6333139183	-0.3411854002	-0.630283713	0.3873050749	-0.3047750225	0.3121454584	-1.992182529	-0.999349689	-0.2921212573	-0.08620074245	0.2062085116	-1.035237439	0.1823553744	-1.373520168	-0.6244206521	-0.5985577482	0.8875548182	-1.643008582	0.1004109706	-0.1965977063	0.1439140721	-0.3870622331	-1.067334723	-0.3990069129	-0.5471981655	-0.3483666559	0.1151419441	0.08178495466	-0.4072419998	0.2430557665	1.373019732	0.1017560307	-0.5179704981	0.5958477641	0.133330138	1.220984554	0.02834723304	-2.335295901	0.3617621055	0.1206758524	-0.4380883188	0.5716970695	-0.2588300227	0.3651854063	0.6324591475	0.5289645472	1.328925511	-0.3003640872	-0.2712963832	1.213460979	1.524088067	1.952488791	0.8263000182	-0.2815425551	0.001295091315	0.4176154509
-0.745441742	-1.032020026	-1.275583215	-0.585086455	-0.7819657733	0.7904594949	-0.7085846128	-0.808138694	0.7798342721	-1.227701879	-0.1133971705	-0.8595919734	-0.6172297071	-0.3121787262	0.1970279762	0.6408103041	0.7529019451	0.5676288396	-0.2207667346	-0.2096895875	0.7829488977	-0.09848204852	0.7073070684	-0.109667997	-0.5329275499	0.6499028283	-1.692580685	0.9592122875	-0.3766860836	0.7197609385	-0.2888256942	-0.03619478436	0.6106613976	0.9798111559	-1.20456647	1.309158491	-0.3694168016	0.3355848232	0.7661254755	-0.5124312775	0.3158791633	3.184587175	0.9545348434	-0.3772977209	-0.4056250778	-0.7606835666	2.483053193	-0.1049755334	-1.00680403	0.3240531788	-0.02313455009	-0.9986470653	-0.6557579824	0.7293008352	-1.48842512	-0.8618628626	-0.4009463738	-1.174609081	0.5824421368	-1.436292777	-0.2886126959	-1.022764931	-0.4444270531	-0.1567122705	0.5695655864	0.2527615141	-0.5703886907	0.3192326976	-0.8326206377	-0.8846369747	0.01168386815	0.4212551591	-0.5457690072	-0.4447870439	0.3910645339	-0.6104519833	-0.08827243286	-1.163176608	-0.1057374102	0.7589045877	-0.3308003872	-0.2660599753	-0.4730464178	1.081606192	-0.02212860572	-0.6146046674	-0.3932650758	-1.387183493	-0.5501689638	-0.8437742158	0.5440556339	0.8359102523	-2.462788437	-0.254954256	-0.6440301903	0.8577072367	-1.286774367	0.2071289184	2.287992558	0.996916346	-0.6159897993	0.3389507112	1.330524083	-0.4881648911	-0.459829674	0.8758863491	0.5258199668	-0.4577421055	0.6990016893	-0.8085820732	-0.9667064682	-1.405128533	-0.5043615886	0.7818211597	-0.4681354559	0.894695396	-0.8805633693	-0.9979940198	-0.4614958254	0.2425485187	0.9783559062	0.4679278144	-0.6320876458	-0.4319782671	0.2008664049	-0.2445242682	-0.5875666509	0.2092512601	-0.1790016833	-0.191165343	0.3826482887	-0.8504025464	-0.3590720373	-0.650752793	-0.3655439258	0.0682027549	0.2836835327	0.8035062511	0.3401630925	-0.1496033936	-0.3654549587	-1.18284913	-1.224001308	-0.7598568587	-0.1802393249	0.6077588844	-0.2563839462	-1.958506631	0.4843214789	0.2632990818	-0.9948573925	1.068827533	-0.4156760342	1.763152799	1.06345277	0.5954748916	0.7007337072	0.1933412317	-0.2764287187	0.15340693
1.378313224	-1.428629421	1.615310607	0.09186578444	1.617331582	0.4923555624	-1.109635679	-0.2976969394	0.7586592537	-1.213312281	0.01587008198	-0.780362007	-0.01501756443	-1.103424354	0.07528924004	-0.4672579191	1.194090009	0.1402592135	-0.2898410814	0.3932452708	-0.6791277162	-0.758520852	0.4996743671	0.6166963742	1.591261712	0.8026999269	-0.2627161889	0.8326648204	0.4133566738	-0.7113713068	-0.7538645176	-0.1173847271	-1.112985961	0.7718927269	-0.8646438205	-0.5588012366	-0.1503112243	1.135212741	-0.6777832394	-0.4565038508	-0.2522528767	-0.4052086561	0.9151987341	-1.356942293	0.3856192147	0.1734914664	-0.6876986458	-0.06728093	-0.4880720738	1.991153409	-1.120878309	-0.7453127227	-0.9898624895	0.6332865158	-1.339671701	-1.231267421	-0.9829397772	-1.814793656	0.122998562	-0.9746557253	-0.2232948781	-0.7252431301	-0.4536122077	-0.0770783779	0.6281273013	0.6212694061	-0.8444338168	-0.4317281575	-0.5966469171	-1.451726464	-1.223722292	-0.4501554267	-0.2530271141	0.1677249463	0.7716923653	0.1426591914	-0.2696056032	-0.170824307	1.065860801	0.6984062734	0.09200064777	0.6956634564	-0.3714641601	0.6023312714	0.4783276997	-0.9494911961	0.1113896307	-1.151250308	-0.9961888473	-0.8591549894	0.4692382795	1.55447317	-1.476965515	-0.5325412313	-0.2994676741	1.154143499	-0.280175428	-0.6442263212	0.5585549791	0.7379751088	0.08987378097	0.196630564	1.736501609	-0.7091432186	-0.5200184957	0.7652991996	0.1164663726	-0.5934455654	-0.6199316362	0.2981851191	0.7310625463	0.702480877	0.03205778956	0.1148035506	-0.5799804708	-0.7412215259	0.2276522717	0.2419539288	-0.3142736931	-0.3512144631	0.5517407152	0.3931447188	0.4617556765	-1.210507946	-0.07915908866	-0.9284170714	-0.3510508209	0.1717826556	0.3858973331	0.1469803649	0.6097126046	-1.454896218	0.320462051	-0.7455222404	0.4474683265	0.319405307	0.3476203168	0.1009678048	0.802455185	-0.3669604256	0.1627517632	-0.577643435	-0.9497338329	-2.473932153	-0.04158938209	0.002834111494	-0.9941936574	-1.228356815	1.070780057	-0.2917138805	-0.9804713892	1.29781573	-0.3757247266	1.046716869	-0.009675325724	1.457977382	0.8484799785	-0.5391692048	0.5353505888	0.6491330125
-0.8930623054	-1.19459524	-0.4998744702	-1.393563391	-0.9124120576	-0.3281962605	-0.4206856799	-0.4503882785	1.347778271	-0.7242069355	-0.1771148313	-0.06006667725	0.15222353	-0.1092178776	0.8623391251	0.02792342661	1.144253232	1.061607261	0.3992684554	0.7808449407	-0.3713509684	-1.379703645	0.1516307374	0.7606726028	-0.1719731961	0.7317870391	-0.8295402908	-0.5334106092	0.5817357571	-1.162098855	-0.641914703	0.2964261408	0.2260780019	-0.4604832814	-1.491003978	0.8275150508	0.8479348243	1.009678759	-0.2217762175	-0.6488639777	0.60566214	-1.005890468	0.3396192944	-1.049405944	0.2752612345	0.5727039566	1.35360224	-0.1530198202	0.6266115601	0.8509600681	-0.5288344091	-0.07626671057	-0.5145150874	0.1099800685	-0.884365747	-0.4242737123	-1.56238519	-1.076385094	-0.2525056571	-1.526459399	0.3881782914	-0.2142384363	-0.3305357292	-0.3836662924	0.0003449881818	0.87614067	-0.9354372567	-0.113351421	0.03289519482	-1.294016765	1.393816717	1.980498929	-0.1696820838	-0.5391841624	0.259495822	-0.5831650238	-0.2967272777	1.63226625	0.4250632474	0.9508938256	0.8324711861	0.5114175527	-0.1472324378	1.049356007	1.006996351	-1.056488743	-0.2048355343	-0.4066507249	0.8446190398	-0.6691747865	0.5213560571	1.504802119	-0.9794400837	-0.6288366158	-0.1342030344	0.4987132679	-0.343312601	-1.174518739	-0.2846308912	-0.3380393937	0.02102179781	0.5930588216	0.8316526213	-0.04566481645	0.406242205	0.8464092465	-1.431915497	0.5155941143	-0.104492944	-0.05393673214	1.57232237	-0.3493603121	0.9580570221	0.6915362714	0.2419222045	-0.3951032445	1.153229566	-2.093427909	-0.2066778213	0.06508638702	-0.4933232862	-0.8834456313	-0.6331711159	-1.426307412	0.3481449546	-0.4805705484	1.045116196	0.4459515795	1.052007351	0.7237813153	-0.5786130229	1.48151745	0.1576451658	-2.370077606	1.406932356	-0.2662321095	-0.4841922917	-1.625679834	0.3458132479	-0.4814669878	0.6377129425	-0.9272602923	-0.04171170518	0.5413633225	-0.4126123506	1.338901664	0.1967909675	-0.7283643459	0.5485730728	-0.9342641068	-1.088724359	1.246749122	0.01771520473	-0.6920794356	0.3713025017	0.3517252403	0.3415062035	-1.015754203	0.841818368	0.3724448402
-1.042784443	-0.7626894609	1.318353409	1.041743037	-1.480217243	-1.006471313	-0.8104220424	-1.146393863	0.9828048229	-0.2161596542	-0.3045116009	-0.316543488	0.10188902	-1.033310074	1.253844334	-0.04025929401	0.5323850226	0.6427902666	0.4247574592	1.07826094	0.9316970556	-0.9893760251	0.1609358167	0.5460909368	-0.2473240529	1.146186366	-0.1338753398	0.8527000465	0.5316119281	0.02513440084	-0.4677906892	0.6474899963	-1.376440088	-0.7145321118	-1.279160653	-0.4897802443	-0.3660030983	-0.4979192626	0.7684107742	-1.089480775	-0.9045933909	-0.07004412667	0.6848599331	1.158526354	-2.126034738	-0.5829755575	0.3667052317	0.3080828867	1.499555446	-0.5573089395	0.7057849263	0.2773298264	0.9596394314	0.2896784972	-0.1892512293	0.1242131705	-1.284259586	-0.5881396714	0.07309429444	-0.9489002022	1.504233328	0.8771917804	-0.4313966326	-0.2152214758	1.813328514	-1.191550564	-0.7988310674	2.186752149	1.079900169	-1.034104619	-0.518809474	-0.6013750783	0.2732370387	-0.3967252382	0.6379908712	0.1861010456	-0.160023128	1.202868456	-1.16353276	-0.1592442519	-0.9718130262	0.2461039455	-0.2234672329	0.04894783189	1.055016121	0.1949982315	-1.571721691	-0.4033559592	-0.9130117959	-1.799172219	0.297482969	1.568180804	-0.4288996197	-0.6621956661	0.08812288435	-0.1014622219	-0.08542912201	0.1116631168	-0.294629455	-0.5346786529	-0.8419056714	-0.1938180219	-0.1113586364	0.4694777189	1.869734854	-0.4046336874	-1.979278722	0.3223526533	0.07203563832	-1.125883863	2.094253928	-1.584752924	2.418306015	0.02628233723	0.857701444	0.6732323205	0.2001349892	0.7836960168	-1.110500359	-1.839637495	-0.4833897409	-0.6291496532	-0.7761217257	0.552443831	-0.1273627515	0.2577651652	0.6235087061	0.1980491314	1.539376547	1.236440486	-0.548978573	1.16226022	0.4391349621	-0.6454059781	1.504336912	-0.1374166161	0.06732548053	-0.9916275668	0.03199407347	-1.165663906	-0.4398681889	-1.084853804	0.4285933089	-1.076420591	-0.5194346035	1.221409102	1.194415384	-1.233945988	-0.9052977554	-0.5695186162	-0.5671311631	1.05219621	1.671486556	-1.520046592	0.6737834819	0.3922023464	0.7337788279	-0.06998360725	-0.3115958091	0.041009003
1.081978145	-0.8366181966	0.9977349573	-0.1343404505	1.653769336	-0.8040016133	0.1075551915	-0.4729449787	1.162811709	0.1835623148	-0.5593848596	-0.3685553198	-0.7398324157	-0.7598998034	0.499638819	0.8066914054	0.06018646448	0.5073804913	0.1633875918	1.43706929	0.5479887471	-1.244973365	-0.3195933826	0.01151750022	2.223635419	0.3460595077	-0.2618896589	-0.2307502129	0.7192309694	0.6943613594	-0.7240150099	0.1298720333	-1.752573955	0.8290166539	-0.8259273421	-0.6651657977	-1.304867429	-0.5868801589	-0.4339237322	-1.567429487	-0.2846794844	-1.338504614	1.685906199	1.509210902	-1.740528629	0.6522866756	-1.006170879	0.08257067536	1.169313224	0.1194102923	-1.300482173	0.7000371096	-1.328571673	-0.2511325216	0.3052047354	1.053157805	-1.602691274	-0.9301596684	-0.7802555146	-1.29805124	1.235077947	-0.4457643155	-0.8452844856	0.2818245904	0.3771255236	-0.6947905683	-0.581666988	-0.318421262	-0.6705299233	-1.647977438	-0.8571205282	-1.054433537	-0.5400339099	-0.4912380229	-0.3059110321	-0.6348625792	-0.05395858287	-0.9351439039	0.5735371984	-0.3767151338	0.6563576893	-0.4327687373	-0.7998880798	-0.09304032894	-0.2335585189	-1.196672241	0.007659463542	-0.01630990656	0.08150170123	-0.7117957207	1.225444657	1.001094634	-0.6508193291	-0.002366556236	-0.7258330253	-0.5446392587	-0.03652469734	-1.628622638	-0.6083070754	-1.130616129	-1.436838463	0.4492047686	0.3927669456	-0.8094610261	0.2203811831	-0.7722968872	-0.4541451625	-0.2558285695	-0.0244021827	-0.06777941731	-0.02055598735	0.5290057986	0.6851407633	-1.093224692	1.608988693	-0.0890077646	-0.106300533	0.05714552593	-1.271783367	-0.8388197414	-0.4544390362	-0.698848785	1.177076557	-0.1829803326	-0.3737510503	-1.591524253	-1.865070316	-0.9970825561	0.7445457053	1.176033758	0.07717631337	-1.514526751	0.06741118844	-0.2519265431	1.449776215	0.7354785961	0.6520279088	0.627902963	-0.2842277468	-1.508760356	-0.9622586883	-0.9116580794	0.131149795	-1.991005169	-0.3643093	-0.3051324232	-2.672184279	0.086148458	-0.8949898961	-1.059465154	0.9557196368	-0.2766977967	1.328688479	-1.43517866	0.7512037695	1.297406982	0.5230008649	-0.4872453759	-0.3123904568	-0.04112321524
0.3784924724	-0.6920121737	0.2160543845	-0.5737322031	1.444116731	-0.6804199195	1.334999857	0.001005556605	0.7877391074	-0.176490676	-0.750894117	-0.4992363815	-0.3160885882	3.185082523	0.06185321747	0.8226943466	-0.1813296354	0.4259986238	-0.7424932031	1.617462079	0.480462598	-1.730007091	-0.9116679271	-0.9890739182	0.3711344969	-0.4021580742	0.2018730399	-0.3662569754	0.1534851252	0.9031872328	-0.6904718298	-0.9591860617	-1.13442703	0.6826243172	-1.398666278	-0.3714984007	0.1880780551	2.315849908	-0.6498871153	-1.684258751	0.6441858094	-1.614956861	1.070284959	-0.2723752526	-0.4078146827	-0.1884204961	-0.03219310872	-1.010408072	0.7995656741	-0.5685707672	-0.3004485006	0.8693327111	-1.408830579	-1.192241652	-0.1014482677	1.584512916	-1.493451901	-0.4241851628	0.2492838005	-1.53165944	0.2508974273	-0.7687145288	-0.4611420669	-0.7575243722	0.4729528609	-0.6433487586	-0.8906290419	0.6592781195	-0.9121686104	-0.9102732397	-1.122362778	0.510968198	-1.405713403	-0.7543274576	-0.2029562474	-0.2556618435	0.07789542143	-1.146024492	0.1848612777	-0.02399779413	-0.498856134	-1.330394374	-1.70708712	-0.496961479	0.1911045696	-1.288904884	-0.4006310305	0.1556714912	0.7477980435	-0.5951733219	1.899326215	0.6337971967	-1.324618953	-0.1735345924	-1.7880843	-0.2162459773	-1.026030544	-2.273963402	-0.5116154508	-0.6786203968	-1.672178244	0.03790880216	-0.4443246929	-0.5498728942	-0.9831209165	-0.1992115545	0.8232740889	-0.4947299072	-0.7584843083	-0.7848408184	-1.165024957	0.2511637764	-0.3059626961	-0.4720329292	1.488666777	0.2593425291	-0.4833203195	-2.849155395	-0.2656128439	-0.9539108231	-1.564695661	0.1452298125	1.118198666	-0.08344742267	-0.9600369411	-1.347611248	-1.817894325	-1.039185692	-0.4535111048	0.491419636	-0.1721380505	-0.7205412753	0.7535546844	0.3790725673	-0.3935323386	-0.03824400016	-1.068239198	0.7051362329	-1.404330236	-0.1847724717	-1.027402503	-1.885075663	-0.7300340992	-0.9821076886	-0.5421268142	-0.241909599	-2.270697401	-1.428922441	-0.5563770984	-1.552388954	1.679872424	0.9764031464	0.7421874052	-0.9033096425	1.483203223	0.1929479727	0.7381337209	-0.4957215207	0.4665651923	-0.8162310702
-0.7807173276	-1.023176711	-0.8047274709	-1.839549055	-0.5064040121	-1.479373132	-0.1279556198	-0.7500065016	1.321844235	-1.011217861	-0.7095019521	-1.059781018	0.3016505435	0.3073586971	0.3404138221	0.0412106879	-0.19213723	0.5792054541	-1.460259862	1.154276322	-0.1578452327	-1.078909541	-0.9634843665	-1.489597719	-0.5510110517	-1.065496105	-0.4053612626	-0.3216269184	0.3189624995	-1.577862972	-1.482569652	-1.890998951	0.4906734978	-0.6742789431	-1.080269146	2.06234218	-0.263572128	-0.03989963416	-1.181706734	-1.119044459	1.067492056	-0.627597847	-1.534500238	-1.955166883	-0.1185796405	0.1495964076	-0.5372794581	-1.198087879	0.5888795253	-1.142118881	-0.4357529583	0.7713110069	-0.908725786	-1.129826377	0.4130745514	-0.2000280612	-1.649555607	0.1998908923	-0.7486960001	-1.620041017	-0.03659232989	0.3968918159	-0.3782923386	-1.432594577	-0.5933653291	0.1537457398	-0.8358602761	-0.6933664047	0.4992433616	-0.3711383598	0.3967483788	2.974754608	-1.154426632	-0.468539332	-0.2288261144	1.828821793	-0.07704236823	0.01549956494	-0.7106864311	-0.1986137929	0.09109372351	-1.281729674	-1.000974331	0.4229681106	0.3954985317	-1.074272284	-1.427280351	0.5028193987	-0.1388766508	-0.8929004124	0.7574578889	0.1730575006	-2.037429027	-0.606075582	-1.693613104	1.238402278	1.134903746	-1.706108889	-0.8498007261	-0.852778845	-0.4557421393	-0.04145161882	-1.311506297	-0.406821593	0.3428684323	-2.094481599	0.04055942041	-0.723153526	-0.2353136177	-0.9831755957	-1.494210323	-0.2341901211	-0.9705295306	-0.4555518375	1.733069674	-0.6147336823	-0.7034442375	-1.57251382	-0.1853527417	-1.954881824	-1.906051312	-1.155356797	-0.1728112465	1.037081035	0.01466965025	-0.2486048416	-0.07521147194	-0.7277706576	-0.3956990315	1.089294932	0.1094569904	-0.3790934971	0.0690520175	-1.251632697	-0.2458461404	0.7460329626	0.488364943	-0.3890105928	-0.5374138048	-1.587532131	-1.321037618	-1.404796954	-1.829256616	-0.6388131818	-1.766119208	0.7898901923	-0.4560142211	-1.094818597	0.2311040945	-0.4479162955	1.32754809	0.0843770617	-0.6162121466	-0.2196638052	0.5290572572	0.002421641794	-0.4300657071	0.02486056008	1.355257741	0.8839594589
-0.9563158033	-0.4307295136	0.4149686895	0.5271359819	-1.191075096	-1.224310038	-0.9337788352	-0.8529452755	1.364270621	-0.8501644287	0.141066612	-0.9160868777	-0.8060316359	-1.169726441	1.341531722	1.040510811	0.5134846084	0.5003986226	-1.165665441	1.555752203	1.362416202	-0.3850117042	-0.8392010233	-0.9294740052	-0.8324270119	-0.6108833191	1.092836061	-1.752780951	0.2933973103	0.6280357641	-0.5829098192	-0.2634160284	-0.6511515415	0.1684710815	-0.06717215725	-0.3744911759	-1.144848235	-0.2861214742	0.3451609137	-0.4166552006	-0.001392755698	0.8398838485	-0.002895546685	-1.638420046	0.03076008897	-0.1763023821	-0.304095934	-0.8867309194	0.7867501056	-1.7995499	-1.120353356	0.7844247589	0.3607495531	0.1751021976	1.662336183	-1.188542778	-0.6325520141	0.8224517476	-0.5430962779	-1.221942986	0.5517306309	2.075510873	-0.5662153699	-1.122587377	0.3782765905	-0.6613100282	-0.1225033929	1.717470812	1.234834036	-0.02576935312	0.5282976098	-0.6473175694	-0.6991348538	0.3052691551	0.07260892059	0.3914746824	0.1312223096	-0.1855747965	-1.374976788	0.1661689789	0.1350901921	-0.8523735874	-0.004088418297	0.06305784922	0.5886102573	-0.4630978648	-2.239152235	0.4170686922	0.7238813027	-1.744513693	-0.03776902525	-0.4826351488	-1.916641345	-0.7470366421	-0.6289110073	0.276713746	0.9146992765	0.1243330412	-0.7417171581	-0.510263364	0.1124813778	0.3297172779	-0.9310575225	0.1193458992	0.4104048178	-0.4382347489	-0.1645928561	0.2924717373	0.08071755387	-0.5278744501	-0.653733948	0.4262257544	-0.04405630537	0.1142485045	0.5077251512	-0.3000701333	-0.1605507773	1.03245794	-0.4596281485	-0.3669257566	-2.090823759	1.460858019	-0.5584354499	1.857188477	-0.09865562264	0.9382711482	0.8410597986	0.5550593823	-1.293157022	0.1351537697	0.2058589955	-0.4645965075	2.181757326	0.08885932234	-0.2971613914	0.8619707205	0.2821213312	0.6291011087	-1.091324853	-0.3841813362	-0.4595665756	-1.679891632	-0.417882349	-0.005372217279	-0.1840508424	0.01731820117	1.161508036	0.68367885	-0.1122214572	1.483598007	1.084045508	0.4291394261	1.405158182	-0.4885597304	1.015822514	-0.1932351467	-0.2265809237	-0.9922370712	1.772681789	1.067645023
0.6310790375	-1.190047512	-0.3423562419	-0.4984037301	1.116235163	-0.4332711841	0.9496775349	-0.4864533544	0.8078118319	0.4089190938	0.3113782764	0.2369902472	-0.5235406437	1.770614762	1.312560531	1.246571794	0.8022691056	0.764374461	-0.2776501601	1.585531188	0.2799395995	0.06822713617	-0.8929748344	-0.4575411958	1.176880572	-0.1456582541	-1.041255344	-0.864261835	0.7165656268	1.991961691	0.5691277337	0.449624155	-0.1983750484	-0.5579530414	0.5703988859	-0.5708153384	-0.9499719965	0.01102095847	-2.267693875	-0.2388741015	2.888072805	0.3154213634	-0.5541690653	-1.185762252	-0.6283824451	-0.01002048044	-0.440572431	-0.0715842434	1.05891581	0.01716490414	0.1384293645	0.6968962699	-0.7656805731	0.8542731043	1.970102593	-0.6265860668	0.6882227459	-0.5835593177	1.920410632	0.2560987816	1.044760226	-0.7343114259	-0.6332081448	-0.6796183813	0.2737353363	-0.01842140175	0.8771629422	1.764017694	-0.6637940317	-0.1560143921	-0.9558832529	-0.7328617426	0.1883782449	0.8185958645	0.155618513	0.4910049925	0.2200558736	-0.3852712806	1.350602576	0.9696991115	-1.206817669	-0.6507190417	0.4959072555	-0.5174161274	0.2704713682	0.2392187457	-0.6280830387	0.273329227	1.420250782	-0.7351646338	0.1147295803	0.2786718102	-1.216250075	-1.049204783	-0.1282434229	-0.0425959285	-0.01025552295	0.4039093736	-0.9537669868	-0.1316861191	0.2449671248	-0.07465924111	0.3597271731	-0.2946995211	0.5877434444	0.9911760565	0.01877001023	0.9345805835	-1.554522843	-0.7632372081	0.777575485	-1.169305344	-0.4562693938	1.114629704	1.194894822	0.2796705896	-0.7057350243	1.155405077	0.3276933358	-1.101909613	-1.377678319	0.7854132177	0.2222518129	2.969320044	-0.07384610632	-0.1896483568	-0.3784794431	-1.124235606	-0.5856559942	-0.01300705842	-0.5566883291	-1.135485365	1.228798085	-0.5294514499	-1.095144396	0.752879576	-1.174185438	0.0327144635	-1.502600772	1.916052794	1.606855756	-0.4833842655	0.23515936	0.2516469429	1.573071155	-1.805500522	-1.10417676	-0.6695996734	0.2759195416	1.877691041	0.8948581261	1.107800185	0.7359472265	0.9583912837	2.210765694	1.571209128	1.308786818	-1.920776309	0.7622741465	0.4298649419
-0.9882373169	-0.6001220501	-0.675039296	-1.305161117	-0.9883851965	-0.3351107565	-0.5829481825	-0.8253874236	1.595529498	0.4170309925	0.3297042767	0.7878519042	0.4303646725	-0.5195969846	1.441149563	0.1198167124	0.9419723803	1.219503784	0.3290489933	1.287963058	-0.8024282541	-0.03159163503	-0.2633330007	-0.03148125192	-0.7899345154	-0.1166408583	-1.445181008	0.8422844171	1.181763951	-0.3021315201	0.0449169577	0.7360957959	0.2510000397	0.2098644546	-0.3438108798	1.320176676	1.548859522	-0.7147410808	-0.8327773471	-0.1740039368	-0.09797705638	2.390297358	-1.606241827	-0.4490049538	-0.5266882564	0.4974400326	1.454831436	0.6965381308	0.7712386263	0.397595437	-0.9041464247	0.004737695792	-0.3290061756	0.6325845425	1.293446516	-0.2118011372	-0.1011633122	0.41787925	-0.1169095594	-0.02604316833	1.404833099	1.037779557	-0.6198126363	-1.461903727	-0.6562584646	0.04191659396	1.13712007	-0.5153336011	0.271817399	-0.3570398841	2.645628713	0.5001924856	0.3230750884	0.2122501232	-0.4449923608	-1.374556821	-0.09085429607	1.433219128	0.464912604	1.058652472	-0.2657225335	-0.8258062	0.9632796829	0.6860661232	-0.4422537631	0.2006185832	0.07988764062	-0.07968951668	1.793869609	-0.1109282126	0.17498155	-0.1662354867	-0.2530176491	-0.4362803948	0.3440528344	-0.1383442504	1.492305978	-0.9525026906	0.6404182522	-0.5685552346	-0.3038437042	0.7558933073	0.4615342487	0.6886796709	1.453154009	1.399152622	0.2999063945	0.5321388081	-0.7101348382	0.1999715405	0.8367997851	0.201710583	-1.275240251	0.6572946557	1.059575865	-0.4946987529	-0.3983920928	-0.9438305238	1.118280443	-1.035617484	-0.5073423085	0.6180751188	0.02347421271	2.813049115	0.9121000832	-0.9240127699	0.7380956919	-1.212422865	1.329228109	0.4519712976	-0.2752542451	1.108164071	-0.9978092153	-1.914950096	-0.2025622646	0.5519392057	-0.6238197547	-0.396629869	0.004074931498	0.8823860621	0.9545944554	0.1246511302	-1.063228355	2.083236338	0.5359430231	0.407426637	-0.6931814327	-0.1728199832	-0.2696657437	-0.1731806403	0.2279678916	0.6339329116	0.5172687828	0.3197327373	1.22307479	0.189398041	0.5675690115	1.114303905	0.2996030533	0.7609039586
-1.338853482	-0.5270662992	-0.1819397856	1.101122874	-1.113286759	-0.3293812321	-0.9702807667	-0.7163851114	1.039253222	-0.1368941274	0.06410998066	0.04890627229	-0.008812982821	-1.066978985	1.197526361	0.7868398356	0.8344665277	0.6732268257	-0.009051773453	0.9254410208	0.6434514084	-0.2145097635	0.1700934896	0.5556290684	-0.4924517721	0.1172548315	1.359755495	2.469580706	0.7887378116	0.3576663136	-0.1064788507	0.2293914263	-0.9833288635	0.6095698836	-0.7488811742	-0.4138704638	0.2416743141	0.71136895	0.1432438647	-0.2756705533	-1.203245583	0.3448458482	0.7365849356	1.076617727	-1.419060731	-0.355332519	-0.8666264136	1.041490049	0.8238249802	1.291472527	-0.4914255194	0.08149218703	1.053421065	0.1969853348	0.3517946571	1.06892829	-0.5832078338	0.8315495673	1.230255955	-0.03983815184	1.390611744	2.75548445	-0.8444523608	-2.093784777	0.2237836367	-1.293718584	0.2381830979	-0.4149940738	0.4259937253	-0.01920875147	0.6585744627	-0.2790571868	0.01487733976	0.2724162512	0.09762776025	0.1682095583	-0.08700930985	-0.1670938	-0.6143100866	1.404766312	-1.020705288	-0.9296488585	0.001478167916	0.1683917042	0.7716425305	0.4793323605	-0.6723300157	-0.4666682346	-0.07506178748	-1.202314031	0.5774764436	-0.2010633948	-0.2448697835	-0.8426484622	0.02888316603	0.5405094259	0.5708191108	-0.1838389501	-1.355319432	-0.08956563159	-0.8449632587	0.7794634979	-0.5131971188	0.8766978178	1.487194272	-0.2939730638	-0.1667779971	0.01305983637	-0.3130930798	-0.7569855429	1.190865011	-0.4714517676	-1.189772445	-0.5637656215	0.759772453	-0.2757729893	-0.3377273146	0.2187246248	0.6550404034	-1.153745199	-0.6686246694	1.474836729	0.09754641545	2.544765878	0.3144380499	0.4971015589	1.816622864	0.177809767	1.236041771	0.4070183084	-0.8907699259	1.132749419	0.01896250686	-0.1836973927	-0.5487787495	0.6031008553	0.7883436462	-0.3408587249	-0.9504854427	-0.08852757697	0.5904645653	-0.8702194707	-0.300070988	0.9271916258	0.6821825681	0.05246380263	1.524030281	-0.2680934767	-1.0079631	-0.03013035871	-0.1768013772	0.1633463954	1.518443918	-0.4659254043	-0.6365600288	-0.4272876944	-0.3641864335	1.005372651	0.01386473877	0.5148921723
1.630956783	-1.175794692	1.449560298	0.6977342639	2.099030324	-0.7547514407	-1.089644349	0.05449577513	0.6589431706	-0.7654997048	-0.07506452855	-0.8132598826	-0.07933250252	-1.19896341	-0.08904778356	0.06840019471	0.8387219827	0.4911453189	-0.3188297453	0.9314183469	-0.2624516079	-0.4411020931	0.1042046511	0.7557205491	1.155216367	-0.259171716	-0.4040715348	0.6901978957	0.9831442817	0.3566371391	-0.5196366899	-1.053467095	-0.09378584888	0.5773768532	-0.9614555408	-0.1665636424	-1.074203524	0.05799429139	-1.829696615	-0.2635470087	-0.7973681659	-1.039966294	1.905738505	0.3989355445	-0.2886396354	0.4520029185	-1.657751218	1.336963462	0.3178553717	0.7331935874	-1.430675291	-0.400096738	-0.7203614502	0.2344865228	-0.3427532695	1.226980977	-0.9072602488	-0.1771054874	1.03573241	-0.02021134481	0.8245484836	-0.404282154	-1.061325377	-1.803726522	-0.415608155	0.4425909605	0.07614782689	-0.3157078245	-1.415112831	-0.6619226021	-1.36468685	-0.5645797403	0.05539313343	0.8755075463	0.381012391	-0.4107268571	-0.346801283	-0.09734839105	1.253208678	1.283173668	-1.302355181	-0.3256192295	-0.2799274938	-0.3275238422	0.06921869247	-0.5349827178	0.3408456548	-0.211713206	0.1980303268	-0.2725990045	0.8576760359	0.203959769	-0.03410882459	-0.9108246237	0.5202450872	0.932269868	0.2757573266	-1.414017638	-0.6860593281	0.3922786666	-0.798064047	0.1431044399	-0.3141071453	-0.3611844511	0.03192899968	-0.7778844318	-0.06817110324	-0.3075976888	-0.501770882	0.2707913335	1.205118236	0.1912188046	0.1339752665	-0.472584808	0.7665291657	0.05949443133	-0.9480386746	1.064090406	0.00509406995	-1.070293138	0.466800638	-0.02034604284	0.8119308537	1.438416069	-0.2122460098	-0.3353890473	-0.1658627102	-0.1699315067	0.249062133	-0.02933278899	-0.3404064575	-0.8255970759	-1.65450265	-0.3073889701	0.1194171604	0.620217803	0.8057139011	-0.6920314662	-0.7791792252	-0.912694207	0.3209570604	-0.429354838	-0.8142871105	-1.173638882	0.1133870489	-0.8437477712	-0.1697977374	-0.1703565696	-0.6305949734	0.04040033044	-0.03912870911	-0.797102418	-0.137802991	-0.9734186937	-1.761514663	0.4417808875	-0.7148066826	0.1303822607	-0.2058898395	0.6103662824
-0.3676002772	-0.8999077643	-1.279642179	0.3593480337	-0.1270654292	-1.389467657	0.5983664639	0.2567485231	1.078429699	-1.033806641	0.2570019945	-0.5578721746	0.1361235658	0.7387193851	0.556155322	1.017484994	0.7888407877	0.1572822466	-0.3994302531	0.8471709848	0.06846500013	-0.8546400242	0.1127277108	0.8133914289	0.0533462621	0.06834972695	1.384850554	-1.974317807	0.862679138	-0.05023568635	-1.015032703	-1.068648698	1.968491139	0.8693280104	-0.6663101382	2.689480737	0.8513826175	0.7474241229	-1.355617201	-0.4016702292	0.9064875844	-0.4096771263	1.515929924	-0.6664357291	1.101457358	0.2763261847	-0.7660445198	1.199896478	1.041458097	-0.1806875951	-1.871919894	-0.2087890625	-0.3610550596	-0.3252064947	-0.3304460785	0.1370052531	-1.491769521	0.3445807845	0.1301391583	0.4937042468	0.6963750347	-0.3476765039	-0.8239150284	-1.488417198	-0.1650399342	1.713164595	0.03150489389	0.1915516013	0.9808778717	-0.1307416379	-0.06423863683	0.5058064333	0.002178904183	0.2602600743	0.1078436369	-0.8428061922	-0.2137088767	-0.9928853821	0.9452130754	1.286062205	-0.1360213542	-0.238984419	0.02174211306	1.224649072	-0.1147449151	0.1386394999	0.06389873156	-0.6392474629	0.7607322764	-0.4871748819	0.05078804512	-0.6656404298	-0.5141751047	-0.6158494132	0.3367949187	-0.4759175378	0.1800708218	-1.04221167	-0.2020570758	-0.5805423335	-0.2908342731	0.4395663958	0.07847797341	0.1518935182	-0.07664833468	-0.2343863387	1.485042977	0.4296598181	-0.4000788391	0.1468122082	0.31640777	-0.6722722467	-0.3604224183	-1.470488181	0.8364708776	-0.2568442283	-0.2771346156	-0.07885949538	1.222856621	0.6490389172	0.6283908898	-0.6203290269	0.5797689491	-0.08500254637	0.06453609125	-0.1096683934	0.9260519327	-0.4999364316	-1.471938939	0.6231954187	-0.9780869199	-0.4537904141	-1.494627521	0.2243727883	0.6955155232	0.7770773908	1.26695808	-1.277667026	0.9654612078	-0.8896312549	0.6184796932	-0.713568441	-1.153783928	1.419481224	-0.4513774992	-0.6799507111	-0.5100580267	1.113259944	0.296520803	-0.1820518158	-1.101873771	-1.612790778	-1.601267612	-0.4785634314	-1.533290372	-0.6432688468	-1.281750682	0.8873558417	0.1529012803	0.9787945797
-0.9064101182	-0.644943863	-1.633950577	0.5246414643	-0.7322796812	-1.050117131	-0.9733179798	-0.2634294943	0.6327354828	-0.9169295848	0.3779492475	-0.844673822	0.4797479719	-0.8582437624	0.8685740347	-0.1326393806	1.164966557	0.03170670289	-0.06619675616	1.486245456	0.2857197266	-1.041738268	0.2065048101	0.9285360586	-0.814365101	0.6490614059	1.030166935	0.5699519824	0.5406591957	1.088268698	-0.8989529109	-0.4716119529	0.1223899906	0.7474567387	-0.03975327442	0.1446934152	1.065370554	0.8757951041	-0.3461562449	0.6993627467	0.01442918871	1.503513899	0.5482632422	0.5803003092	0.2239454969	-0.5402800817	1.378328638	1.561972457	0.8931013533	0.01573463396	-0.1168198932	0.01382728614	1.694086453	-0.6233706682	0.2241255037	-0.6135351244	-0.7136791644	1.078301144	0.2236348091	0.6323996064	0.8149111491	0.8714236374	-0.9830869808	-0.9923580663	0.2845152917	1.792357748	-0.6737934951	0.4989353604	3.887406964	1.03289305	-0.8078146308	1.32111131	0.1074463062	0.3359824489	0.7038987955	-0.6719272388	0.1045578361	-1.965586006	0.2989443734	1.284262747	-1.07707469	0.2610417807	0.5005127363	2.305599845	-1.153460656	0.8365883204	0.6677312966	-0.4812153309	-0.4679231309	-1.390760275	0.5113923706	0.2048868342	0.1810748669	-0.6449776315	-0.143045893	0.5266005511	-0.1748822843	0.527262302	0.5355955448	-0.06267728858	-0.9742759471	0.8597594064	0.1256612408	0.3279675617	0.2210996731	1.166722276	1.354185029	0.2055406298	0.5436460943	-0.8871230865	0.5255098022	-1.327139944	-0.1948815272	-0.8256780998	0.4830697453	0.470129858	-0.3679550164	0.3342258794	1.948784551	0.885168512	1.001936634	0.4024063988	0.471769725	-0.06602701917	0.05263139191	-0.04570464386	1.721265729	-0.4009561803	-1.846226969	0.1447604611	-0.9304090012	-0.5841101199	-0.7980166477	1.183738036	-0.6812934151	0.1834359839	0.6820664321	0.04652391191	0.7171298523	-0.5137699836	0.2144565954	-0.302952222	-0.5430059899	0.8878697257	0.3270923386	-1.249742395	0.4890575686	-0.2952032313	0.2284381185	-0.175622562	-2.39423186	-1.316547497	-0.7847105346	1.774261524	0.3144967868	-1.085516592	-1.797117394	2.345253985	-1.232837581	0.02010065095
1.661568893	-0.8465611427	1.386456446	0.9266279294	0.6815887347	-0.3293294636	-1.112823551	-0.2393975508	1.008416766	-0.5260828768	0.2120573834	-1.547602172	-0.228968188	-0.9475145552	0.7847780268	-0.1364167882	1.275292699	0.6196563725	0.03592342318	1.712330264	-0.6657634718	-0.7409817163	0.07191343399	1.191262727	-0.8978551683	0.7074038805	-0.4310000245	-0.4605582143	0.8722517237	1.161447725	-0.4879567717	-1.248989791	-0.06281621645	0.4805544599	0.2135907527	-1.459107101	0.0671435547	-0.5269467139	-1.322828753	1.177965747	-0.509073171	-0.3377694277	0.8622771441	-0.08973604415	-0.6685840885	0.3531444129	-1.691311174	2.055366484	1.356639547	-0.1885993452	-0.6753178324	0.001240339114	-0.7074943932	-0.3675106232	0.5080929804	-0.3766377321	-1.054947945	0.7849464274	1.610683971	0.4585950794	-0.09610185165	0.1073710509	-0.9563724649	-0.2984850603	-0.8445060546	0.1919378951	-0.436897599	-0.5730191761	-0.3215733924	0.5790153616	0.1872556639	-1.342359643	0.2641418581	0.4941988481	0.9033435262	-0.3342015674	0.1322006954	-0.8909390117	0.3795605448	0.5960168794	-0.7306523156	0.8242011088	0.9840975629	1.22316862	0.7306070968	0.2243126065	0.133228056	0.6534800656	0.414499653	-1.609877175	0.5285289106	0.7156378905	1.031098524	-0.549928656	0.1878918706	0.4756395351	1.184746678	-1.16291191	0.6479745881	1.647883069	0.1566280603	0.8577944005	1.021143405	0.5228757508	0.7155294279	0.8007210632	-0.06033277475	0.2619883721	0.3422220241	-0.3097274307	0.8146440218	-0.03577437094	0.8363678952	-0.8553171601	0.9477416276	-0.6664895542	0.6653254601	0.4359434205	1.177870282	0.2593840107	1.590892251	-0.5598023606	-0.9003738144	0.1779543449	-0.3269713943	-0.8835146292	1.127431173	-0.4178743951	-0.9531897714	-0.18115345	-0.4032689088	-1.609035281	-0.162702567	0.3441169363	-0.1387256034	1.080547519	0.1069954352	0.570938016	-1.243685244	-0.478392662	-0.6597818934	0.7099282702	-0.3817801128	0.3266470573	0.5089874763	-1.023138142	1.075464175	0.4084351515	-1.43688907	-0.07067464601	-0.503404927	-0.09132512968	0.9963189989	0.6685093542	0.7945764542	-0.7477139215	-0.8301568639	0.295355501	-0.008572659292	0.7922928625
0.06252137653	-0.8397687649	-0.7178568839	-1.282593575	0.1079640255	0.3858424443	1.103976125	-0.3307834291	0.6285157027	0.3238572538	0.1158556886	-0.4898068655	0.1115662674	0.8297048558	0.9810529547	1.698658517	1.112812185	0.7505885315	0.2060909995	1.723504847	-0.4346063915	-0.5578094941	0.231747156	1.506065965	0.748722252	0.2534815745	0.4745046129	-1.365175919	1.417268924	0.909485363	-0.1522411044	-1.019130338	1.716847182	0.5836286175	0.6327721752	-0.6729295607	0.3962549322	-0.5303052937	-0.6093338044	1.205472583	1.88109567	-0.370740405	1.071848358	-0.2806571994	-0.4188466501	0.6341773107	-0.5334803165	2.086023248	1.923554309	-0.3128972155	-1.350381094	0.465084206	0.6063914839	-0.1067906012	0.6746424961	0.1494899444	-0.648542276	0.6867530274	0.494795047	0.2787430871	-0.9614667592	-0.4213047258	-0.8527312336	0.7364484483	-0.03411826708	-0.104247986	-0.4365315153	-0.7544066899	-1.276252237	0.3891920753	0.755086943	-0.719954989	0.1783224248	-0.01727634532	1.02466177	1.346103	0.1235823505	0.6567061564	0.6123971016	0.6431619374	0.1150287014	0.7599385845	0.7188627422	-0.7857433293	-0.6655284291	0.04668990583	-0.4304265165	0.6843603424	-0.16413981	-0.06580673388	0.9271011033	-0.4697678507	1.332502345	-0.4675688849	0.4038313739	-1.536424473	-1.205395872	-0.7893796258	0.7183185312	1.329536764	-1.191531693	1.093939338	1.605360169	-0.1864695023	0.1894163556	0.6685112303	2.178705382	0.768253528	-1.496435287	0.4905563533	0.1365929286	0.2540313264	-0.3593457569	0.9194808307	0.9846618712	0.5892564095	0.1666601518	-0.7471863413	1.259635656	-0.02166022217	1.546475628	-0.7709761292	0.1386840957	0.7887633377	-0.2351028141	0.2556142143	0.3676884569	-0.6173250215	0.5152943955	0.001990260347	-1.033862504	-0.689944588	0.5319109074	1.052900589	0.68758492	0.5499978423	-0.2468028776	-0.3813901131	-1.397107329	1.350311316	0.7331854256	0.125841626	0.8211214393	0.61482857	1.180366549	-2.470778503	-0.072533872	1.605411843	-0.9011154435	0.1284787558	0.7531717514	0.8803921762	0.857771408	-0.274463113	1.627145902	-1.091260057	0.5912842127	-0.64240897	0.6882914128	0.5426969761
-0.5790993826	-0.6853895066	-1.038767992	-0.1856776323	-0.7289533253	0.152462028	-0.8637690573	-0.2839729991	0.7975142395	0.199718476	0.2950983638	-0.1131119809	0.7687550181	-0.8659634516	0.9036816744	0.07832166721	0.7221958279	0.5137581394	0.06915197281	1.649179177	-0.8077052354	-0.6262845676	-0.1738843965	1.304281023	-0.740512506	0.1166202451	-1.020802847	1.684856897	1.516438033	0.9918871928	-0.3917873629	-0.790962455	-0.3328377112	0.8515961352	0.2554139544	0.583571028	1.199561593	-0.2811460434	-0.9089427032	0.4630189014	-0.01741648068	2.072924173	0.2490753106	0.7712052578	0.4240352106	0.363589106	0.7802239544	2.121177039	1.889564164	0.671809106	-0.4984689402	0.6067701971	2.323361132	-0.2883560059	0.4949994813	0.141161456	0.2425812523	1.065552398	0.4251808348	0.2548456649	-1.224323538	-0.01548676563	-0.9699635002	1.350090829	1.320148377	1.465892004	-0.9716866355	0.2524915665	-0.1165052854	0.177207995	0.009713802058	1.145076513	0.03162226682	-0.2873679873	0.7287792947	-0.6985539323	-0.2186400865	-1.177122224	0.2620269817	0.1743270088	-0.6524564527	1.061484004	0.7229099951	2.110961075	-1.503350206	-0.7617956552	0.5678773697	0.7304271227	-0.1181469774	-0.3037333602	0.6614575498	0.3159814621	0.9451787822	-0.7410321563	0.1161217994	0.9367617313	-0.01611593494	-0.05413236653	2.082619341	0.9526489394	-0.8472312614	0.8589545737	1.564366675	0.1934381046	-0.05584656409	0.7744740893	1.88042737	0.07834299744	-1.002691104	0.4086612587	-1.041222762	-0.551448043	-0.1591532701	0.3015346646	0.6752938737	0.654644138	-0.348240749	-0.2807312249	1.631265637	-0.04062492518	1.245262465	0.03727853437	-0.4152393981	-0.1504547349	0.4539628293	0.1504388247	0.3622458335	-1.70880864	0.8247483322	0.7636844034	-0.1722945487	-1.068047785	-0.8719390639	-0.130760743	-0.6854912284	-0.02612448952	-0.8596207678	-0.1786398969	0.2452397778	0.745496888	0.4744639269	0.2337295828	-0.4923831529	0.8633172456	1.285474233	-2.115128816	0.3515618522	-0.04671319073	0.5689893383	-0.7260633735	-1.325139784	0.7457609361	0.5227509262	1.622830282	0.05065262186	-0.146924716	-0.305382892	1.293794521	0.8873011766	-1.394787784
1.49812078	-0.3451289506	1.268202921	0.2894024414	1.270430115	-0.03147876533	-0.8629684188	-0.4014092975	1.181037623	0.2968090536	0.4780897415	0.1299730878	0.6382806603	-0.6127084155	1.23601076	0.5998451423	0.1482597227	0.5264497079	-0.7329375867	1.677703404	-0.3013996634	-0.8439905405	-0.7693792205	0.08135305284	2.562076329	0.318398891	0.8161517013	0.5083908042	1.228670402	0.188083776	-0.526940274	-0.6532841506	-0.2557077274	1.114866585	0.3834661393	-0.59805983	0.3152275219	1.182823086	-0.5288992334	-0.2273034366	-0.5556873663	-0.3618389944	1.09209581	-0.9681340953	-0.510727977	0.265568077	-1.538492025	1.360030061	2.163205646	0.5787447269	-0.898013797	0.1208023056	-0.5798143348	-0.4673200779	0.400693636	0.9261970028	-0.8016500181	1.7399326	-0.4567553949	-0.3130779043	-0.9122579851	-0.2558794159	-0.9159326107	1.25231457	-0.1524647942	-0.6400783212	-1.144474034	-1.690011852	-0.5463779649	-0.7941258989	0.3708625266	-0.01158025144	-0.5081900851	-0.08968831513	0.9176890962	-0.7191906289	-0.0703946941	-0.9994834208	0.9905975598	-0.1698120359	-1.073734825	1.46522111	0.2460442024	0.7867146842	1.131276046	-0.8575107072	1.294196112	0.8074630884	-0.2109794869	-1.187816813	0.5008652224	1.028458776	0.4432313404	-0.5853665051	0.04002279271	1.251448207	0.1583444367	-1.275321069	0.5074912284	1.344818208	-0.1917004943	0.05681316813	1.002067527	1.165734209	0.3162162522	0.2284126121	-0.1763733615	0.4687298982	0.8016359706	0.2168447408	-0.7896606991	0.3068932016	0.03767161329	-0.9250851128	0.4017319141	-0.8981808782	0.6839281444	1.673218608	0.4067121127	-0.4476490578	0.4257865577	-0.1067055796	-1.127168199	-1.409869718	0.2884543158	-0.8112160724	0.563901147	-0.5196058073	1.204252332	0.09281111414	-0.05407875835	-0.9879005406	0.204839451	0.874850327	0.6327328573	1.000550883	-0.5607498693	0.0260438286	0.5369110452	0.07647418791	-0.4796065723	0.8716495304	0.0008344986214	-0.3178141475	1.312002887	-1.028442863	0.4499867898	-1.418225261	-0.6196445947	-0.6538603574	-0.2018450183	0.628955	2.037398823	0.9517736066	-1.734466671	0.727271056	-0.4003523564	0.4582312216	0.8730030923	-0.09689197648
-0.3092032447	-0.7284728299	-1.100984668	-1.348274297	-0.478632865	-0.4782274766	0.07043313942	-0.3903543191	0.5083808651	0.4143189276	0.5831427163	0.3934117056	0.5883321547	1.316087724	1.609259039	0.2399286135	0.3708292359	0.7989620912	-0.6057657836	1.297390528	0.599752728	-0.5537020173	0.05120258373	0.3350502507	0.6639726509	1.16418652	0.5885839243	-0.6929726767	1.084166254	0.5787636737	-0.8863916445	0.08910522353	1.416041403	0.04157875714	1.024127306	1.794668655	0.5719556697	1.135716617	-0.6519806236	0.5868597714	0.6092840333	-0.4919384684	1.112117316	-2.084529199	-1.01107473	0.1621357952	-1.038125213	1.014015753	2.360382693	-0.3069527211	-0.4773313027	0.8043901942	-0.5590192465	-0.1913819621	0.7290380108	1.21058517	-0.2393777347	1.166849527	-0.2315720487	0.5647910927	0.2178577756	-0.2004119287	-1.131977697	1.130124548	-0.6520473035	-0.07286277047	-0.5856378918	-0.5184764429	-0.2515066833	-0.01589008372	-0.00436031165	2.235843155	-0.2580293989	0.02147147044	0.5837832033	2.107255069	-0.04664787733	0.2926118544	0.0680436935	0.435286056	0.07724079716	1.881936157	0.07801530697	-0.8365454393	0.2317820718	0.2854005851	-0.3709321292	0.5695848585	0.6721390019	-0.01372289754	1.71172865	-0.2016179688	0.5829536078	0.2466279555	0.9131702291	0.236743414	-0.8894243874	-0.02985312909	0.4335568946	-0.5603682875	-1.014363027	0.5671669788	0.6331289497	-0.5220989042	1.35188508	-1.873857988	-1.25544702	1.111709022	0.5626200433	0.05482589177	0.3661046751	-0.06294927873	-0.6989899297	1.612049352	0.4910316523	0.1252106083	0.02619414636	0.2499522854	0.7533856991	0.3132342797	-0.003049977556	-0.4070351244	-1.347970153	-0.02293245433	0.5299486477	-0.4847344207	1.137312979	0.2582366132	1.466739867	-0.1117181778	-0.2049045724	0.4645185498	-0.4424302814	-0.9962966899	0.9926130978	1.45471421	0.4838714494	-0.9268583852	0.7014409479	-0.2576231304	-0.313686311	-0.678935279	-0.09503917319	0.5442426985	0.5321996567	-0.4428055894	1.242256254	-0.6580125333	-0.4410305451	-0.06512345025	0.3198639868	0.9297532517	1.104557542	0.3232765196	-0.4682897239	-0.5954732941	-0.22734118	-0.3785955273	0.7224315519	0.7195532936
-1.215939912	-0.6653453205	1.360151046	1.825291864	-0.9991066838	-0.3209778863	-0.4023650617	-0.2980073736	0.9810136807	0.2279114228	0.4384291077	0.6610119608	0.7971114124	-0.8050964707	1.538512667	-0.282873521	0.6812943093	-0.0715771515	0.5642527286	0.9609540669	-0.45710851	0.262855593	0.9940328515	0.2817953378	-0.9043823164	1.179592411	-0.5394129528	1.05274111	0.7358967691	0.9256020889	-0.5833296432	1.283221716	-1.162563772	0.461390441	0.3620345866	-0.6996721588	-0.07102492606	-0.881524629	-1.640342495	1.354840134	-1.053372353	0.6129710944	0.1293726987	0.6310605031	0.03888546804	0.2843893624	-0.4617743817	1.428857464	0.9362574898	1.368757541	-1.330371309	0.8371760199	0.5463385237	0.4157696272	0.5185162005	-0.05319899612	0.6625945596	0.8154163379	-0.3249432143	1.906566657	0.9818917309	1.662713856	-1.371837023	1.258409818	1.806989802	-0.08008526812	0.6474292953	-0.7160333781	0.8480659679	0.6353788114	-0.9652969667	-0.5519407071	0.5553870816	0.1009329422	-0.09157617504	1.493189371	-0.04237253718	1.844564742	-0.07251669284	0.4799799899	0.03051209608	2.451548481	0.4741282111	0.5526733409	-0.6424448384	1.258269805	-0.5773416709	0.1830441793	0.6457562988	0.04869696416	2.0528878	0.5620797568	1.286424212	-0.1544031782	1.637315134	0.4228194471	0.8473771523	0.6664026293	0.9878388369	-1.552905984	-0.7340450743	1.421002115	1.32482966	0.2817106202	0.7610532553	-0.5876520851	-0.1378449492	1.152406787	-0.2367960452	0.5227091195	1.122016356	-0.1659005685	0.4879615492	0.4221290474	0.004296888812	-0.9332684862	-0.2009921981	0.05417173383	1.851660705	0.3986840248	0.04806683934	-0.2241425202	-0.1382359691	0.8155651276	0.7539033645	0.08367380566	1.926584871	0.1610452608	0.03138949586	-0.1061689396	0.3685468701	0.5362662709	-0.5386404168	-0.6420210493	0.4124783958	2.050247662	-0.7319533056	0.7477580141	0.02123240251	-0.1563140267	0.4355963252	-1.635034701	0.4261007903	0.03998885944	-0.9383467399	-1.145736327	1.577306083	0.8069853697	-0.2291604897	-0.4422901445	-0.5322758027	0.8209730291	0.8046320855	-0.2357420707	-0.9082005036	0.5456349526	-0.760662443	1.432009489	0.6399734717	-0.8643152051
0.9646886674	-0.3678897966	0.3673703362	0.1925597716	0.836008699	0.9183404974	1.505509726	-0.5182501299	1.304226588	0.6769402062	0.3894409178	0.8854492292	1.355666845	-0.2634510156	1.643065745	1.246747534	0.4633301018	0.4741114494	1.531027888	0.6137233804	-1.218586871	0.1047330611	0.565283248	-0.7406635807	0.3364241903	0.3255444128	0.01290989634	-0.1210809719	0.7136750883	-1.42404328	0.7987125828	0.8218325597	-0.54496135	0.635822766	0.1318737526	-0.7327528769	-1.395855092	1.041900306	-0.9779670429	2.127083779	-0.5677031679	-0.9712288684	-1.026608646	0.9587934719	-0.3342932817	0.7931940832	-0.8195234318	1.371870223	-0.2661352802	-1.273222234	-1.179186528	0.2421563543	-0.4571163093	0.3342260178	0.2086306759	1.747289962	0.7520280498	1.174045905	-1.394708111	1.498279862	1.131695745	-0.4365063073	-0.7921747609	1.270287415	-0.9573053233	-0.3169585471	0.6842271487	-1.682619276	-0.4772673111	0.143324473	1.137431134	-0.008313165342	0.08585776502	0.1456392628	-0.5780808572	0.8672606047	-0.01052882518	0.4804398788	1.800628376	0.8959099554	0.2601935624	1.976087468	0.3403823073	0.182835317	1.04044433	0.7487743212	1.111926825	0.0425489464	1.025990685	-1.347568499	0.3516831034	0.996154328	1.055177832	-0.5648103416	0.1905403408	0.2502344414	0.3637745009	-1.294608269	-0.5410250484	0.2420025661	-0.8609017681	0.9014872666	0.9664952541	1.097760813	1.394753578	-0.04284775669	0.9909931337	1.032302656	1.825505661	-0.1822145779	0.7288677451	1.208833308	0.4899287545	-0.4621557139	0.3526135941	-2.303553472	0.01923184674	-0.4121044294	1.03894314	-0.6262098904	0.1804110001	-1.974664225	-0.1408783679	-0.07320751216	0.5588402486	0.467956579	0.5556629043	-0.4193843657	0.1397866931	-0.4814305102	0.5780150386	-0.007855451996	0.1513631049	-0.09248316505	1.341421135	1.647974321	-0.961409862	1.754482433	-0.8142912217	0.8282415133	1.783357772	-0.1167887959	1.714184308	0.5877887233	0.1268158954	-0.9783905754	-0.3872826379	-0.5115243538	-0.1205887978	-1.654126627	0.2889226448	-0.02764418745	1.73951873	-0.5611144048	-1.307606007	2.639442596	0.600644903	-0.05022211414	-0.2413407579	-0.5955866089
-0.5934070341	-0.2419354298	-0.9259288453	-0.980591778	-0.5663347419	0.5057433705	-0.2460211776	-0.2523048412	1.33755571	-0.03534436492	0.2997525438	-0.2000841981	-0.2023729512	-0.03873143203	0.9234386776	1.296637467	-0.1062775155	1.210864633	0.9337379194	-0.3028899659	0.9675482077	-0.04055530255	-0.2095387183	-1.186883849	-0.0608476716	-0.2192659838	-0.784684661	0.8281113359	0.6406239917	0.03457989564	0.6212688975	-0.220629189	1.414238213	0.6465032345	0.1731166857	0.6051637901	0.7916522568	1.232704037	0.07926164662	1.964127989	1.141087208	-0.7829158387	1.044589775	0.08822178961	-0.9251017078	-0.0945626791	0.8495073841	0.3271606962	-0.5528138869	-0.4968881653	-0.4763070576	-0.5879748059	-0.160277367	-0.04949048042	-0.3576147531	2.241382743	0.2102434893	1.498447051	-0.01826064139	1.1936744	0.6168213143	-0.5326237009	-0.8250454246	0.3895663478	0.07558846432	-0.5296973071	-0.1901242296	-1.265637213	0.4187046243	-0.3981763732	3.76253831	2.68611736	-0.3833714829	-0.28702553	-0.4750456564	-1.330322954	-0.06321324165	0.1739838824	0.3578260422	1.137000318	-0.9800153387	0.9598895749	-0.3766828571	-0.6365643886	1.480780028	0.3001611091	0.2751463412	-0.2967048395	1.132204961	-1.274762824	-0.05719915108	0.2959581991	0.5593603874	-0.3126167782	-0.3320138279	1.669036534	0.2064579306	0.2131674294	0.06243358306	1.221232868	-0.4370642169	0.4184085119	0.01538891571	0.7655021129	1.699250978	-0.833011339	0.2482095093	-0.07261432574	2.765984051	-0.266586923	-0.3210706675	-0.4162359625	0.242241762	1.048308595	0.04746023849	-0.3897507416	-1.373382385	-1.862043746	0.8841688068	0.4265093105	-0.135694684	-0.2694512061	-1.803902052	-0.8905915428	0.5798874626	0.5820584089	1.31514882	0.2008018806	0.4527847923	0.2423469438	-0.1375829035	-0.3969460885	-0.8480982539	-1.963424375	0.3780491881	1.397251418	-0.3369711351	-0.4873680455	-0.1479290196	0.0486288362	1.262770221	-0.3043337202	-0.4644689784	0.9705000564	0.6533319536	0.1615749886	1.177458575	0.2829183332	-0.3264399955	-2.32346512	-0.8726912216	-0.1868596976	1.07484257	0.3714494197	-0.168757012	0.8705412496	-0.02097663713	-0.97870516	0.101473342	0.7470678336
1.425958491	-0.6018823139	1.2448226	-0.007230462857	1.261583715	0.06800705901	-0.4986833049	-0.2316077026	1.056482376	0.1685891805	0.2975688229	-0.5240260271	-0.7637710362	-0.8330833616	0.6389183099	0.8268686559	0.1750565734	0.3056941026	0.3421930052	-0.9637966484	1.169878569	0.6155208817	-0.5401804147	-0.1739098357	1.703343915	-0.09095085719	-0.5296965839	0.1564035468	0.386073994	0.6667929711	-0.2742586849	0.5854498079	-0.434888078	0.1852490469	1.00126167	-0.4335563432	0.7257231635	1.527297334	-0.2850841156	1.972790955	-0.359618075	1.825497203	0.5163512471	-1.149216832	-1.316347478	-0.8843536296	0.3591049955	-0.0354240587	-0.4852541542	1.373356156	-0.2150679986	-0.190575893	1.100462479	-0.06441805645	-0.9931574754	0.3105171484	0.4258632394	1.244222409	-0.7805037408	1.358563682	0.7419628306	-0.02383745967	-0.980669572	0.3319116926	0.9398134683	-0.094794863	-0.1144675896	-1.477025539	1.300267712	0.4190893336	0.485927244	-0.5305905065	0.8543334735	0.6004463352	0.1387283765	0.4704790513	0.2014196314	-0.5209235125	0.3202155833	1.358777874	-1.562777797	0.7935681424	-0.584349703	-1.350342383	0.5438724287	-0.449333226	-0.1493919642	0.6043152971	1.278920736	-0.4647116481	0.3623640236	0.776614836	0.1783412595	-0.6819238656	0.1997076136	1.276668056	-0.04832780077	1.379770102	-0.4072789583	0.2747325632	-0.5875048102	0.3858057989	0.3887226921	0.4600595426	0.6927915226	-1.138387132	0.2793194713	-0.03462633448	1.261355024	0.4491286944	-0.5178489631	-1.971449034	1.615752147	-0.7702275237	0.8965439934	0.3741249086	-1.581322456	0.2613113462	1.060687326	0.4563081645	0.373862027	-0.2738642784	-0.5966652278	-0.2073908532	-0.01070463718	-0.5755015205	0.2223465137	-1.014234477	-0.7772312278	0.07028984759	-0.41535805	-0.2502116328	-0.2259469016	-0.2900834163	0.7137827423	1.622336558	-0.4601248256	0.4659186824	0.5491541442	-0.6899436229	0.7438850678	-0.4163830368	-2.11200431	-0.03459502731	0.311645887	-1.275225402	1.016806479	-0.2999672533	0.1130036022	-0.7473985136	-0.4395773682	0.4176018994	0.3163378851	-0.5299005117	0.0851283743	0.9912733541	-0.2812956786	-1.055461707	-0.3789105208	0.7126346819
-0.6614748331	-0.6892722887	-1.152988468	0.0990620086	-0.7537958881	0.1767326001	-0.4835730102	-0.2240876404	0.9664692456	0.6292312433	0.6395562836	-0.1491468826	0.3375150098	-0.01343218847	0.7527583964	0.02541629034	0.6752287571	0.193739964	0.751077136	-1.606711798	-0.5880255197	1.507471897	-0.4080205127	0.9826681939	-0.586579104	0.1107051327	-1.431683777	0.04406932775	-0.1267878725	0.4251396326	-0.1987975091	1.656698524	0.3934944098	0.8339579191	2.034613332	0.9325636073	-0.4948696743	-0.1039745357	-1.544698734	2.379338333	0.5425255973	2.027251906	-0.4310436587	-0.9918018611	0.46784836	0.1831863747	1.48076394	0.7671376194	-0.8250578426	0.4678670291	-0.6785991706	-0.058236355	-0.3624953188	0.898503339	-1.169759456	-0.1053156485	0.9654571775	0.5077431615	0.3022605909	1.723653139	0.878227262	-0.6054629009	-0.8291522064	1.057006878	0.6606046892	1.863811993	0.9550552524	0.4479148859	-0.3443302387	2.912394127	0.6031588099	0.4788036569	2.71066013	0.4354635445	-0.3224985447	-0.6794480729	0.157655576	-1.307858082	1.85691408	0.8540036183	-0.3327664389	1.6182899	-0.1934447203	2.061067415	-0.4122319946	-0.2868984493	0.9179530927	1.608249643	0.9555726338	-0.4883289983	0.3952625141	0.5336352157	0.4950462216	-1.318573081	0.1081116665	1.9255498	-0.2086510305	-0.3977173396	1.382535856	-0.2914385826	-0.8521051616	0.9748949578	1.336054235	-0.09924116191	0.4193964643	0.4351181813	1.070627944	0.5462419149	0.41551759	0.3803513583	-0.7579974619	-1.590516272	-0.4669008384	-0.6695567102	0.8723718459	0.2583717474	-1.091350792	0.5350858836	0.8745487153	1.066692627	1.461787753	-0.8191552083	0.4384913614	0.9483680537	-0.3682928949	-0.9716607963	-0.1384672255	-1.432676107	-0.3696578515	-0.4725859981	-0.4863018	1.550067149	-1.03320657	-1.036919954	0.08945715074	0.9361050433	-0.1121804279	1.04748369	2.146701219	0.9239395297	1.737194925	-0.5440323495	-0.1984556089	0.01973653295	0.3966378539	-0.7296437181	0.6007377445	0.07703139103	0.447183804	-0.2900652978	-1.47665658	1.039029317	-0.3509825269	-0.7288812447	0.9320651766	0.3935996315	0.2211309941	-0.3364972822	0.2385045485	0.5903836678
1.210818654	-0.1642250962	1.135955264	-0.1952250081	0.901812184	0.7858740689	0.02452356276	-0.3576068956	1.408787381	1.12555658	0.5545633485	0.2640954198	0.4310549827	-1.161124192	0.8868707439	0.6632206271	0.7110460183	0.2151793758	0.3960657077	-2.11704209	-0.6932399156	1.58547448	-1.025295235	0.9649209266	1.710623744	-0.2853257846	0.5181151555	0.2106339425	-0.7316413902	-0.8187209244	2.09429851	1.74471738	-1.001793059	0.6206685107	2.756045028	-0.7873367622	-0.2256008276	0.6997204131	-0.9471264215	2.314468405	-0.5455054702	-0.9142658699	-0.3114519009	-0.7459028618	0.4515600426	-0.1564026789	-0.8022369271	1.109130783	-1.015844554	0.00156577364	-0.7358435909	-0.07173656294	-0.3622376959	1.440731787	-1.004258218	0.2863116056	-0.08416784781	0.7877032338	-1.016935634	1.396661463	1.162698569	-0.4029841766	-0.6981518536	1.113937323	0.03519272812	0.45200522	0.6792484714	-0.7705795704	-0.651090531	2.867599377	1.458155798	-0.4952652984	3.542414034	-0.1260279749	-0.1540983125	0.4480857423	0.1316931739	-0.6408451489	1.997085117	0.1219260492	-0.7746342354	1.960853573	-0.346382425	0.8697047104	0.3037836146	-0.005409896857	1.400798987	1.970517637	-0.03304014138	-1.742421541	-0.01140848702	1.534739954	1.54810388	-0.8839348155	-0.5169143438	2.421308027	1.025571184	-0.8882190897	-1.021419187	0.2323243885	-0.8484893849	1.356088856	1.667164802	0.9758260693	1.234154529	0.9968341044	-0.177042883	0.3953322968	1.970312155	0.2506564187	-0.8720294339	0.7438611941	-0.9373104011	-1.587451809	0.9072446422	-0.5544911189	-0.7822264469	0.7938934976	0.7708546937	-0.2395904843	1.615424111	-0.7588609719	0.2435434356	1.165051362	-0.02684482928	-1.038539474	0.8347775524	-0.6722868544	0.210969328	-0.5797683475	-0.6815160674	0.9454361224	-0.2620337254	0.06761814475	0.7063832327	0.5738551922	-0.3331900641	1.585745326	0.9574065404	0.6120460997	1.319779026	0.2402654182	0.3773684998	-0.7198000873	0.9538296976	-0.7494180149	0.1264677879	-1.108245723	0.9149576481	-0.2372402908	0.7924601857	0.8361162569	0.8963287369	-0.4557530564	0.4281081021	0.6280097077	0.9971751457	-0.7042704655	1.112482643	2.211009864
-0.9630561725	-0.0485962268	-0.5666229513	-0.803138402	-0.4325932682	0.53910354	-0.2746523595	-0.4553580317	1.447928888	1.62335025	0.05968635996	-0.05976659626	-0.3515826589	-0.2192389834	0.7341925483	0.9516815546	-0.06424975866	0.9929705771	0.4223716184	-2.647861647	0.6430242015	0.8485234413	-1.062200981	1.011560502	-0.9056276816	-0.3858436032	-0.7879319396	0.2684622294	-0.6914327391	-0.7342891521	3.069617693	1.034601993	0.596893629	0.5900545808	2.682759772	0.4938586771	0.9861341141	0.8519632833	0.3637341434	1.959642226	0.3008151991	-1.254575931	0.3222673625	0.2444259006	-0.9871574209	-0.4912855002	1.66793604	0.769148834	-0.5519477525	-0.7681827474	-0.2295675974	-0.1215162872	-1.039150932	1.375605995	-1.052938124	1.657434608	-0.08937002034	0.6830457046	-0.3146738503	0.5814034597	0.902130901	-0.7423311655	-0.5280657313	1.007536939	0.3651059284	-0.235648404	-0.2156366676	-0.5657056125	0.2861668461	2.101173755	4.345485181	1.607299661	3.680079465	-0.9390977161	-0.6623866027	-0.4765897856	0.03475501643	0.7948192826	0.8740724358	-0.3250025276	-0.492026342	0.6714319469	-1.204951725	0.5034729626	0.655331183	-0.1445430626	0.1342614892	1.770011389	0.7139335411	-1.457427313	-0.20341402	0.9015439624	1.327403812	0.07714284838	-1.339720295	1.596541516	0.979432982	0.4925367721	-0.3086120659	0.4679035702	-1.530466387	1.821071393	0.6088149738	1.261452842	1.715756873	0.9244965418	0.4816996792	0.01926779547	1.916762166	0.5401004808	-0.709376618	-0.2018478013	-0.3587166016	1.059433595	0.740170068	-0.3362047877	-1.272072332	-1.043971542	0.4933606632	0.08371605089	1.716502478	0.2087013594	-1.756846242	1.705055701	0.2804277573	-0.4693678186	0.9438785827	-0.09381681846	1.146494132	0.5563433526	-0.6935769964	0.2536833206	-2.085734582	-1.293193841	0.4642863195	0.1931595565	-0.6296563303	-0.3536080718	0.5251347372	1.165634918	0.3047618138	-0.3898168926	-0.532683518	1.021721933	1.498911049	0.8500388785	0.3065530379	-0.3045689738	1.936102782	0.05360775756	-1.004272633	-0.4422597325	0.8375464062	0.6661927357	0.2073806206	-0.4520944248	0.3026094972	-0.888718214	0.8534944348	2.5010948
1.206448855	-0.1969057456	1.428597991	0.3505991062	0.7970958279	0.2746901966	-1.048032186	0.2182474715	0.9086703437	1.788331161	0.5639317759	-0.02182892962	-1.144898665	-0.8991086639	0.226929216	0.6683396278	-0.7276134384	-0.03736503701	-0.3947697745	-2.434431376	0.8407602265	0.4740578884	-1.128987083	0.4306946299	0.2411759292	-0.2835080079	-0.08727573652	0.7450177117	-0.7431736817	0.3548763609	2.754206172	-0.1421326804	-0.9496863487	1.233516342	2.722444187	0.4170393789	1.25980128	1.706178024	-0.0566503343	0.8237038507	-0.311484824	-0.260393803	2.896980275	0.3666145739	-0.4572868204	-1.440356105	-0.397701639	0.4473072738	-0.9153027749	0.9904286488	-0.01340674247	-0.6996141318	0.3571209247	0.4777019397	-0.9097274612	1.581021256	-0.2158796641	0.1614536451	1.3849922	-0.180000262	0.5757656098	-0.2525647157	-0.6320069246	0.6696702405	-0.2092520255	0.9334911204	-0.3294344578	-1.238683194	0.8980764986	0.8667368576	-0.02897580502	-0.6735853527	3.618366979	-0.4903470692	0.08524853071	-0.1129903804	-0.27111666	0.2669587334	1.42844213	-0.1384751625	-0.9946206057	0.1085467403	-1.605013532	-1.409876069	1.620751709	-0.6463797821	-1.028027795	1.460654366	-0.785997685	-0.8723216612	0.5173513778	1.197114624	0.9818982301	0.5074104583	-0.3619803553	0.794822365	1.026921546	0.8056730467	0.271233123	0.1322049158	-0.9343642693	1.065093957	-0.03278228145	0.1119508756	-0.1250299913	0.6202686195	-0.1206660853	0.1314931691	0.4096563278	1.006164926	-0.9798742747	0.1608325017	0.6833162372	-1.214514175	0.3895511644	0.7474037037	-1.65411548	0.1898222373	0.3534706686	-0.04803514558	1.946136632	-1.1082151	-0.4143775226	1.325313663	-0.2726741262	-1.051788122	-0.3293852341	-0.831604792	0.5651371536	0.4979987995	0.363090589	-0.694028418	1.052809887	0.3184488847	-0.1176997141	-0.4508374524	0.08396127315	0.2350309716	-0.2866567508	-0.4048805194	-0.9440126914	-0.06331532843	-1.087865249	-0.5042881192	1.083619611	0.9383563065	0.09333880118	0.02894460254	-0.379090516	0.520492372	-1.065499703	-2.264359562	0.3896602121	0.8612106955	-0.6609270823	-0.2406683123	-0.2251623055	-0.1161981548	0.1136057503	1.499351129
-0.3665056219	-0.5962054785	-0.5648516888	-1.324290441	-0.1394779709	-0.3081099967	0.588035301	-0.3627059163	0.9576904856	0.9641387151	0.6939883756	0.08710320185	-0.5735271114	0.9981911551	0.5539777455	-0.7645221404	-1.000943114	-0.3113173339	0.05753094965	-1.948408471	-0.783509599	-0.02645503607	-0.5262213645	-0.5190088738	0.0938969438	-0.02850319662	-0.4141249815	0.3402300238	-0.1795547973	-0.6561392086	1.169293562	-0.7643140404	0.6099086762	-0.7481529265	1.516544761	2.561608531	0.7180400188	0.3734626757	-2.304521447	0.3844187803	0.7633769002	-1.000960487	1.153190739	-0.02141238833	-0.3448930429	-0.313995083	-0.7733300335	0.1053849394	-1.290493825	0.613783214	0.3934414859	-0.4396231654	-0.6254460671	-1.438234521	-1.25993822	1.743129061	-1.332816107	-0.5114389909	0.16714446	-0.831335988	0.235329988	0.1389515445	-0.7866784032	0.5449350748	-0.4454873977	1.029606732	-0.68833537	0.3306794979	-0.141230114	0.4622879552	0.01106819371	1.565893964	3.424928571	-0.2971247667	-0.1369968707	2.245379792	-0.6100531559	1.124445346	1.207966496	-0.2547583376	-0.6357712936	-0.2840041388	-1.597229618	-0.06205815917	1.282294385	-0.645120399	-0.5481027763	1.5531037	-0.0959900356	0.2417499158	0.8237494076	1.438680957	0.6308920856	0.213624064	0.2856770126	-0.1758485227	1.352589874	-0.2073848916	-0.000864891338	-1.404247619	0.1223578847	-0.05988555223	-0.9266247453	-0.4735517535	-0.02144878448	-0.8476793702	-2.400820579	0.2732152902	-0.3568341686	-0.05246255752	-1.145080682	0.3483556337	-1.807249682	-0.7435772647	1.626179194	-1.038382227	-0.5731058414	-0.9659518575	-0.2392405979	-0.03056091849	1.76701158	-1.198036137	0.1114071591	0.1108947117	0.2614201163	-1.034349897	0.08835554211	-1.294032067	0.3407129304	1.114990987	0.232376736	1.21039534	0.8151112882	-1.341723456	-0.2372436353	0.01630088945	1.229250686	-0.3560374355	-0.6235588639	-0.3067619523	-1.399791697	-0.06390931707	-0.1287907855	0.2267477447	-0.3450504841	0.9062525955	0.8391527017	0.007097593168	0.2116266794	-0.136227747	-0.2652514436	-2.31134998	-0.4392241707	1.162980233	-0.1557153146	-0.5271877599	0.2767551367	-0.3908951513	-0.6633593249	-0.3634671664
-0.3158872984	0.02829671089	2.014224229	1.36936263	-0.9573426442	-0.3781971031	-0.6495641077	-1.065309773	1.323820712	-0.859299879	0.5777463136	-0.4761728891	-1.395684645	-0.779044455	1.096491876	0.209047093	-0.5873867659	-0.7949844578	0.4432132201	-1.478400531	-0.569486853	-0.5073293137	-0.2041168929	-1.893139425	-0.6449722847	-0.242081202	-0.1446138761	-0.1453353919	-0.0617844461	-0.2648518318	0.5895466371	-1.353449624	-0.5834895477	-0.3917114145	-0.2122382801	-0.8482891045	0.5705252973	-0.2725339034	-0.6536235871	0.408779993	-0.9701848469	-0.3942381027	-0.8678297561	0.6454314006	-0.5982685525	-0.2548842065	-0.97062881	-0.2911656292	-1.789565997	-1.29388599	-1.770026128	-0.3078810411	0.1969070131	-2.376615853	-1.068231412	0.9117479188	-2.699965347	-0.2808585445	-0.5055930465	-0.9502358943	-0.6078813108	1.125812923	-0.7884463518	0.2356911392	-0.06016530749	-0.9986848393	-1.578214191	1.658313962	-0.02564658879	-0.09971268507	0.8633795113	-1.064963822	2.739197348	-0.07404800566	-0.4068084649	0.3058253644	-0.2008922408	1.437317762	-0.04856826807	-0.4302814443	-1.405451101	-0.4240349879	-1.27901286	1.232422369	1.213340533	-0.8842797368	-0.8680031439	1.36365314	-0.06783294783	-0.4322342949	-0.02859390135	0.4388861397	0.1918375824	-0.1161305	1.167995269	-1.484403298	2.035237435	0.487001403	0.06390793363	-0.8130068121	1.007674282	-0.7076286673	-0.8161826962	0.3790495641	0.3290500415	-0.04028703416	-1.682907332	0.272414076	-0.6974647366	0.8655670164	-0.2089274184	0.5617792392	-0.7919894511	-0.458268622	0.458116271	-0.9458114387	-0.446723321	0.5484370635	-0.8846707942	0.3317056795	1.272753721	0.8673960601	-0.09716791	-0.1640664089	-0.0918401416	-1.188989538	-0.4037372318	-0.6056042919	-0.2215247054	1.01322915	-0.8451843824	1.714792448	-0.9092918002	0.04094421839	-0.4973938031	0.5595025667	0.8862309816	2.34030266	-1.327151181	0.01079049534	-1.003595527	-0.6246411993	0.3861680143	-0.3796507449	-0.472990195	1.32377802	0.9826407342	1.804743852	0.3473208096	0.522939847	-0.002152592878	-2.618170329	1.35904322	-0.3731114158	-0.8546532244	-1.033047336	0.9093410389	-0.7905667063	0.1291322398	-0.7750475142
-0.2706256387	-0.5106810724	-0.9846334474	-1.210322742	-0.1342621303	-0.2085291609	1.428587899	-0.2877355674	0.6689409242	-1.552275385	0.4201691894	-0.5397216747	-1.231785589	0.774114808	0.5183690409	1.866176455	-0.6994673044	0.06664071745	-0.02786152523	-1.370594083	1.015770124	-0.7790580849	0.2105944668	-1.846682863	1.335681393	0.1491191761	0.6526777958	-1.15815636	-0.03772962303	0.2177986139	0.01761024824	-1.835185841	1.949218805	-0.2005449321	-0.4555692851	-0.5976299578	-0.2574531856	0.8737946704	-0.4257896781	0.3158975818	0.9317723093	-0.6710923104	0.2863742205	-0.09591843421	-0.7903641426	-0.8555622351	-0.3720824112	0.09122421839	-1.810981028	-0.7726013559	-1.837699669	-0.2508333062	0.2647879582	-2.286911736	-0.6093021098	0.1403620296	-2.453241129	-0.04432172226	0.9335336605	-0.6815469313	-1.33582201	1.529034817	-0.7523878674	-0.02995924074	-0.2034330572	-0.4089944598	-1.765833258	-0.07943520804	-0.7261386134	0.09890021327	1.367897145	-0.7116122101	2.622254229	-0.04870018587	0.2725103193	0.7021748954	0.02291127792	0.09481834447	0.04897475454	-0.5947437214	0.540434932	0.05604959534	-1.643349445	-0.8704382446	0.5462341502	-0.3519195993	-0.02009979219	1.468258843	-1.465457976	0.7464575193	0.4402580774	-0.3422833343	-1.246611443	-0.1330436137	0.5933474636	-0.8752601111	-1.261467302	0.810450563	0.1587519007	-0.05401392892	0.4793350427	-0.5885706919	-1.32015654	-0.9917907701	0.0140476236	-2.321391462	-0.1960638877	0.4820047677	-1.832464769	0.4810930486	0.8855195571	1.261121104	-0.005211602162	1.203638499	0.8824765208	1.162204499	-1.957133397	-0.8231208107	-0.4814053651	0.8446886534	0.5168352273	-1.112262421	0.316571151	0.2146255439	-0.5734336346	-1.028513018	-0.944007718	-0.3677042485	-0.318677195	0.859759387	-1.395747716	0.2797873396	-0.4621213595	1.327246252	-0.6424629106	0.1793071885	-0.2885829542	1.573284078	-1.580904659	0.6012045071	-1.288360972	-1.398219104	-0.3426909886	-0.2840013733	-1.189719038	1.584634464	0.6425310224	1.594773874	1.691622787	1.758848501	-0.2382491603	-1.474295711	0.5211263467	-0.05037859806	-0.9425565672	-0.7152078484	1.647102066	-0.3665283011	0.4136914444	-0.587378481
-0.03705056019	-0.262039995	1.047179751	1.502873334	-0.9844517098	-0.1384361667	-0.9847055689	-0.01686479588	0.5469599445	-1.687149222	0.7878837081	-0.789251624	-1.235667798	-0.8173225271	0.2860822205	0.1353755608	-0.7389929794	-0.1307227515	0.1824527014	-1.046335683	0.1562328482	0.2544615195	-0.4584274247	-0.8288049583	-0.6709989007	0.6023146367	0.01595552677	-0.7158817332	-0.2911841449	0.8825986381	0.5572974302	-0.7130198765	-0.2432083996	-0.5582163615	0.5793619001	1.118178297	-0.0318436026	-0.2975589432	-0.702041167	0.5262254129	-0.9110532242	0.8379945771	2.22566758	-1.341263781	-0.2770195247	-0.7768181845	0.8441428105	0.3418951652	-1.356705744	-1.554037737	-1.165431186	-0.7080641304	0.7571530964	-1.415004945	-0.7381994216	-1.191519312	-1.7193219	-0.1707976977	0.7274841912	0.0420725032	-0.9930186813	2.207999394	-0.7751204571	0.03364405795	0.2306165683	-0.2163297199	-0.7277927598	2.161976871	0.8339661568	0.2729569535	-1.323719786	0.5004816924	2.806682958	0.4007450897	0.3109100569	-0.4263919389	-0.1305230151	1.169177271	-0.2720356816	-0.6757542113	-1.185539011	0.740091728	-0.806809209	-0.3700838527	-0.6527811423	-0.1050194697	-0.7935183116	2.348522354	-0.2075112336	-0.2942097127	0.4296333235	0.2133841211	-1.455181265	-0.4408579518	0.7478183877	-0.7385697502	0.08209643011	0.4533755142	0.4370647662	-0.8319435475	0.2167182452	-0.09709081657	-1.270347615	-0.9154308222	-0.3378637554	-0.4761171457	0.3850790925	0.3440582662	-0.002244735747	-0.5378362881	-0.3529823565	0.2680746991	-0.2792579229	0.6642778222	0.2335569584	0.5849987115	-1.925338708	-0.5661749253	-0.8009150652	1.350247564	0.23469036	-0.8758121608	-0.06918839557	1.328697673	-0.4152670239	-0.9702914405	0.3078858951	-0.1539869252	-0.9835712825	0.4406413887	-0.2763560046	-0.3504676104	1.106046805	-0.6466831947	-0.2010341994	-0.4465922433	0.1908570491	1.235434942	-0.7404866844	-0.05962559795	-1.620151795	-1.616326849	-0.6573696926	0.19506431	-0.6646242183	1.591281237	0.7736972246	0.8963321921	0.6143684294	1.567304705	-0.1109245619	0.35356474	-0.8442985174	-1.489044175	-1.483607268	-0.3684602284	0.05254220085	-0.4070341567	0.6421826122	0.9106563099
-0.447080026	-0.4873135788	-0.9355654161	-1.120540759	-0.1790853301	-0.01113966554	0.3978187813	-0.3210407186	1.01067765	-0.8626867786	1.179544819	-0.4167202592	-0.5501781821	0.8088406099	0.314052381	-0.203099505	-0.9931637761	0.0477621045	0.8039971398	-0.6423459847	-0.8149127813	0.3434424841	-0.9223222771	-0.005414310689	0.008756159525	-0.05531317006	0.3134333801	-0.68789697	-0.2131627896	-0.4216257888	1.363059799	-0.7686875743	0.7751419348	-0.2043367527	1.786971671	2.195542678	0.5158213822	-0.9925836422	-1.9372579	0.3663000109	0.4817729069	-0.7349762881	0.3883355316	-0.9617170976	0.7867093285	0.2931038759	-1.286102679	0.577649206	-1.157959631	-0.4199807498	-1.088373638	-0.4246350104	-1.208322172	-0.2741185751	-0.6866678455	-1.072301446	-0.6330807934	-0.9403780022	0.2389535296	-0.3406186835	-0.3829798901	0.2284338506	-0.5065867539	0.2219455619	-0.2256363932	0.6224521987	0.459659124	-0.5835121938	-0.8709493629	-0.220577443	0.1925940827	-0.6478849988	2.02946371	0.1005762705	0.2364571297	1.487350666	0.01483909798	1.630014485	1.834992047	-0.8258301391	1.158488329	0.1115490341	-0.1497759043	1.629193495	0.5947964312	-0.4224426703	-0.1631995661	2.895225696	1.106626761	0.3807302546	0.4198358542	0.8082378388	-1.701903856	-0.1725596227	0.4832818926	-0.5625434854	1.377879297	-1.11802824	0.5726486619	-1.231378719	0.4153630325	0.414674245	-1.574452372	-0.5322585653	-0.2392797607	-1.55052724	-0.3576081783	0.09388155071	-0.92451462	-0.2651519314	-1.006522802	0.844403276	0.2690073197	-0.3856093516	0.5385672392	-0.2248582254	-1.149956221	0.3775139826	0.2895251443	0.6329278474	0.8800494577	-1.076822532	1.229656255	0.602100815	-0.6416704551	-0.3818208442	0.2728483565	-0.1798099236	-0.2159731722	0.7133820093	0.279021213	0.5572732739	1.06217016	-1.219243265	1.522506708	0.1484877944	1.000792943	-0.324869668	-0.3968014394	-0.007101442672	-0.6997161618	-0.6772055426	-0.754302665	0.2364372363	-0.4188589691	0.5835213618	-0.06509787945	0.4757583028	0.9077240215	1.315666468	0.5299754689	0.3548577514	-0.2409447411	-0.9510739964	0.1971388039	-0.4188762491	0.9783946929	-1.344640015	1.136497747	2.362307161
-0.7738933312	0.3143340108	1.341695701	0.611339303	-0.892190791	0.335839051	-0.8993937489	-0.3565369425	1.472406948	-0.08832197436	1.22539356	0.4074767845	-0.8872393339	-0.67571048	0.8308449177	0.7398053336	-1.254517554	-0.5039340554	0.7565505764	-0.3777723371	0.07229965563	-0.3832294241	-1.309196876	-0.3619326445	-0.7721363428	-0.8327825977	1.082829535	-0.05791123886	-0.9577745487	0.03835378736	1.547091281	-1.818887167	-1.674024833	0.4534311567	1.448613835	-0.4901448443	0.121494066	0.9290929529	1.163770886	-0.3392477218	-0.4912435926	0.05023180209	-0.0604580891	0.7016857446	0.8203151158	-0.7399989152	-0.6636427367	-0.1362541036	-1.791839505	-1.218226686	-1.255912216	-0.6254265189	0.05354867635	-0.1041951907	0.3667563891	-0.06912090759	-0.393989703	0.04443325345	-0.2725920004	-1.300553272	-0.08577979759	2.414416554	-0.2241812262	-0.7503694675	0.3870815302	0.04809975526	0.1554020294	1.388578721	-0.01822528516	-1.270272037	1.006186882	-1.252926828	0.2077524752	-0.439362184	0.2813567136	0.2443342192	0.01315418199	1.256746617	0.9146263349	-0.7315569521	0.02906072153	-0.8675213005	0.7647134899	0.6332131723	0.214103797	-0.4235986468	-0.9655969609	3.201996576	0.5802975026	-0.4528189452	0.5660460909	0.3534627009	-1.508707705	0.08875428833	0.7428498498	-0.8567761646	1.491215593	1.003541099	1.014694861	-1.145601222	0.4799792573	-0.7465994413	-2.775168723	0.5108039631	-0.3475894469	-0.2901750856	-0.08074661249	0.04387112953	0.05074334999	0.1293924779	-2.357163828	1.062022033	0.1951382058	-0.2740551505	-0.5650600635	-0.893941753	-0.440848913	1.001713831	0.8806759696	-0.07038689797	0.2814930389	1.92187507	-0.08596451732	-0.3433645252	-0.5846810444	0.03365701222	0.3954622273	0.4740733712	1.129364759	0.3261052676	-0.6877432678	1.443023254	2.004681216	0.09071408288	0.7833415417	-0.02738188218	1.367359716	2.335796109	0.252824261	0.2141328831	0.02532742815	0.1212973285	-1.285596141	0.4881604101	-0.624835721	1.338322095	0.7408022869	1.003193967	0.1570068385	-0.01049611292	1.18737703	0.7616136595	1.210555488	-0.6958027034	-0.8902784113	0.4402504547	0.6671791818	-1.136301018	0.6171844269	1.35736342
-0.07021152991	-0.4078087491	0.1429480392	-0.9739093277	0.9115795941	0.5222977392	1.42702007	-0.4260208749	0.7336429677	0.3154363739	1.089022146	0.4171908988	-1.193885223	1.871226471	0.7312807254	1.690804452	-2.138863258	-0.2357140047	0.1213030557	-0.4538336886	1.233726335	-0.6576502789	-1.241375832	-1.002628862	1.047847003	-1.162600868	0.2958923194	-0.03178610452	-1.051000919	1.161945108	0.07173164098	-2.541808514	-1.084253189	-0.5876915818	0.4391011432	-0.4974199273	-0.4161906712	0.03784884443	-0.8184010205	-0.6373530807	2.16936179	-0.6052364975	0.8882267767	0.8172378324	-0.4634496033	-1.589669731	0.2925812491	-0.4185244594	-2.277608562	-0.2364987623	0.7441016233	-0.8143666148	0.2074188605	-0.5076314093	0.8289361966	0.7260290943	0.4073250785	-0.3134852571	0.8087443175	-1.583640934	-0.1139902283	0.4769402824	-0.3539928025	-1.160271196	-0.003131580804	0.2789163873	-0.3172273258	0.733868703	0.5265974381	-0.9945524083	-0.7143826966	-0.3676491589	0.4849933023	0.2047876051	0.1985223472	-0.2863074551	0.1053784966	-0.03982019321	1.094977242	-1.037349057	-0.7817430116	-0.8735831457	0.3377339543	-1.232767632	-0.4899165614	-0.5891644007	0.3025429757	2.389236288	-1.966069985	0.161413976	0.8174712224	0.9978028681	-2.455507369	-0.3227052457	0.901525022	-0.5929728358	-0.8615240615	1.064276311	0.2745346943	-0.4390154979	-1.328820777	-1.736977226	-3.578592987	-0.6688303323	-0.2712182938	1.154884281	1.626187488	0.3663624212	-1.212527225	-0.4567652235	-1.346923288	0.08239195933	-0.4583174041	0.7039878249	0.603115804	0.04265726938	-0.3423885474	0.3510827579	0.7664703963	-0.1839163845	-0.4427462491	-0.419188327	0.6582716588	0.1026546288	-0.5162370387	-0.2051700766	-0.6663678246	-0.5112746565	1.800925558	-0.09129458674	-1.173279401	0.2022814535	0.5096203022	1.793908863	-0.09106486224	0.1876304901	-0.9812327321	1.800545839	-0.5780918471	0.9211176238	0.5623146171	0.844925647	-1.526734183	0.4436082789	-0.8100813428	0.8569652975	-0.5240614274	0.006775733671	1.286288306	-0.5247801945	0.05698319564	0.3195899303	-0.2630552858	0.2756683374	0.7284558991	-0.1465476101	0.3150994744	-1.022816716	-2.516716891	-0.777748468
-1.389351163	-0.3399855614	1.396330007	1.890324415	-0.8295601221	-0.02313621616	-0.4463028602	-1.205515707	1.014450934	-0.7800465708	1.026225319	-0.5242706242	-0.9604953357	-0.8854427495	0.4913836808	-0.3283693528	-2.32317681	-0.3577345504	-0.1996336463	-0.2860309733	0.7753219302	-0.03895945917	-0.6411907427	-0.4392192964	-1.047071105	-0.9023726675	-0.1648732062	-0.3484528478	-1.28375259	0.3879584094	-1.074932349	-1.263549864	-0.6695186145	-1.081540858	0.07986604262	0.3598447339	-0.01257001738	-1.652323528	-1.643158328	-0.04139027819	-0.6634507916	0.3291371821	-0.8177322547	0.1593826446	-1.137325257	-0.6558790012	1.108912978	-0.5096408487	-1.753452379	1.602281297	-0.1573544502	-0.7710475337	0.3045704636	-0.2753925974	0.2444436687	-0.4134484534	0.1958751296	-0.5984738906	-0.3725097468	-1.112143545	-0.0005418912685	-0.5080008247	-0.5561762176	-0.8757257183	1.656263599	-0.8846037991	0.01911290644	-0.05818330671	1.729293621	-0.2054412601	-0.5204322747	0.8099638985	0.8295830723	0.4464868716	-0.360865724	0.4969785237	0.0214179804	0.5980828686	-0.003909707248	-1.237855311	-1.271636603	-0.6369545512	0.6970048601	0.7617796943	-2.3979303	-0.7230163611	-0.1458687547	2.053634532	-1.124072748	-0.6397554202	-0.1012474228	1.947889977	-2.453997539	-0.6676803221	1.25552868	-0.8837384661	1.400810951	0.3792023809	-1.287435477	-0.7509526891	-0.2787347744	-1.171030816	-3.08738373	-0.7233489768	1.083043616	0.2570525099	-0.6175403691	0.8450700976	-1.084758936	-0.8744201874	-0.2357575035	-0.1989841831	-2.254073661	-0.2139986636	0.4444168074	-1.25897277	0.2617525003	0.5970794578	0.6782904926	0.03577202193	-0.1964676315	-0.6102052337	0.5571675152	-0.1610917693	0.1339996056	-0.2243364194	0.1370512887	-0.1193542537	0.667892036	0.724021299	-0.2674096627	-0.5486926208	-0.3940488575	0.4848734476	0.7263827973	1.221943369	-0.02321593364	0.5727437145	-1.006030109	0.9221491158	0.3317009557	0.8362351555	-1.102861791	0.5914776818	-1.13740776	-0.02023404504	-0.5909196061	-0.04133428147	-0.280757095	0.3082993882	-0.2572953409	-0.08659099391	-0.3095708322	-0.774501529	-0.4836983983	-0.3486704459	-0.7561073089	-0.620106249	-1.821580357	-0.0597302429
-0.07543991815	-0.2842392374	-0.7402412613	-0.6568994979	-0.08977743076	0.2270492132	0.9484483762	-0.7135668434	1.244867835	-0.6809029063	0.944841515	-0.4345275271	-1.021582135	0.6086397707	0.4098503919	1.198925321	-1.515569473	-0.01400992673	0.04503158657	-0.06710210365	0.6771681451	0.1243376509	0.751433786	0.8928483212	0.5742809585	-0.7584325521	0.7776789371	-1.445118003	-1.27793319	-0.6622494419	-1.013262403	-0.14893811	1.055430911	-0.1017868497	1.203222463	-0.9957049352	0.2118804485	-0.9331273506	-1.456083811	0.7421649499	0.9073123842	-0.5104293424	-1.237125475	-0.3704493794	-0.6836859811	0.1111701843	-0.06042477634	-0.1545209152	-1.256078075	-1.071203421	-1.73283006	-0.2806659133	-1.092846854	0.7643024387	0.2585371154	-0.784886198	0.7688198628	-0.6629171313	-0.2095268765	-0.5490547953	0.5455479275	-0.4981022529	-0.6706439952	0.06336670307	-0.2899589077	-0.4832805234	0.747910196	-0.6754420086	-0.2670296949	0.1876171031	1.891061153	-0.1008277414	0.8667227328	-0.08930096808	-0.3397087605	1.016098938	0.2279196131	0.985694832	1.016512961	-0.8757398	1.115590818	-0.2693634553	0.4450191149	0.1282060249	-0.08092275341	-1.053220732	0.2800314848	1.863964762	-1.139805672	0.3931368565	0.1066710043	1.186610424	-2.139042514	-0.2438488195	1.098776912	-0.6126409136	0.3499845413	-1.093191476	-0.1011675123	-0.2353552354	0.9955642155	-0.2469728845	-2.009210246	-0.1360619669	-0.4913623995	-1.733803683	0.6525301574	0.8899080806	-1.718384229	0.08520160395	0.1210655301	0.5281469614	-1.268847487	-0.02871319704	-0.04880266744	-1.17313013	-0.583444756	0.2706821197	0.4909273029	0.0397717282	0.2897949828	-1.33254051	1.957021447	-0.3331085446	-0.5285362772	-0.4323729548	0.3217996107	0.9745110599	-0.08845143412	0.7734266286	0.2604464144	-0.6260684358	-0.6068409395	2.327927113	1.585734556	0.7375470329	0.5880019441	-0.1433613991	-0.5196312522	0.5273092288	1.004576598	0.2937179066	-0.08362384729	-0.1421007086	-0.907069553	1.50135367	-0.09893581352	1.801019544	0.6231952097	1.775015612	0.6021125031	-1.276419084	0.7163939342	-0.8715469589	-0.2071388014	-0.7515560016	0.879291939	-0.01993797763	-0.001919970287	0.6852432322
-1.112987768	-0.1095004902	-0.3880539501	0.9131832522	-0.9628889675	0.4266452624	-1.00927897	0.07235455951	0.8883816608	-0.827372928	0.2788202438	0.2412111638	-0.4843538848	-0.7034366102	0.4115197539	1.081623514	-0.6617048145	-0.6446164892	0.1249665863	-0.6828369215	0.3377498735	0.292549766	1.722686391	0.784888049	-0.9439474893	-0.6411187656	1.515724408	0.4483625542	-1.046178231	-0.3144032903	0.0886856311	0.259930092	-0.1743396756	0.6782686423	0.7139894442	-0.4732624045	-0.3231064502	1.293385539	0.945980092	0.7344307984	-0.9290701706	0.5959013174	1.813438213	1.428561709	0.1458447975	-0.8247159199	0.5625793925	-0.3302576825	-1.291740465	0.5923779984	-1.210237426	-0.4699492571	0.4257234254	0.7210792911	0.4022465932	-0.9066322617	1.412544414	-0.01393549682	0.003689612155	-0.1187475081	0.9884522636	0.8477121499	-0.7095593015	-0.196814768	1.374733373	-1.473504579	-0.4572115698	0.3977587161	2.310769193	-0.2019220848	-0.2499995313	0.5970225487	0.8477854899	0.1123591709	0.1204221129	0.7898035796	-0.1282788065	1.502493875	-0.2121017342	-0.340538378	0.3154670736	0.6228971539	0.6119089102	-0.9227661486	-1.126520751	-0.8376282437	-0.01018876541	1.536720336	-0.4725847476	-0.4413992342	1.230407563	-0.03063880738	-0.9979472025	0.1073343066	0.9290517718	-0.7645063459	0.2654735304	0.6589244264	-1.234115475	0.3560920221	-0.9209057979	0.2526895904	-0.8259887091	-0.6322903782	-1.267069263	-0.8017950419	0.301204747	0.3175726958	0.1400407991	-0.3075090669	-0.4437424447	1.087860447	-0.2553171386	-0.4127841499	0.099369144	0.3507191983	-1.514158681	-0.2076051527	1.302932349	1.240972319	0.3538329579	1.228248484	1.234923845	-0.3622878366	0.08654991775	0.3420023078	1.779765317	-0.3546087865	-0.3676810219	0.8722142618	0.5420088135	-0.4838904839	1.093302149	1.865886156	0.5806236886	-0.7954287652	0.5822128239	-1.107217611	0.01319310895	1.17644664	1.416134956	-1.250037673	-0.4970553975	0.2067965386	0.5540167981	1.230865381	0.8550123855	0.934100789	0.5849416496	1.328898622	-0.9091842556	-1.956571046	-0.2592638343	-1.097954725	-0.3446087782	1.680599941	-2.655253102	0.5070808813	0.7852339777	1.630727214
1.15246472	-0.3513137679	0.1574477073	0.09952494974	1.561440148	0.2012274423	1.493339171	-0.2219480141	0.8003450664	-0.691472804	-0.7601507387	0.28499838	-0.2472732188	2.263144052	0.2014781124	0.6934952021	-0.7360448241	-0.2284004537	0.7441493474	-0.7939267761	-0.3114423787	0.8239708782	2.254988031	-0.2673527528	-0.08643092514	-0.5679953544	-0.9898250941	0.4150241158	-0.3966520198	-0.09866837503	0.6369355715	-0.2160010213	-0.5955502825	-0.526332895	-0.8257480458	-1.122632388	-1.143835822	1.505110664	-1.555614653	0.620684758	-0.8282666351	0.07120542531	0.04665605812	1.277990589	-0.5341075611	-0.5977761864	-0.9281933827	-0.7225971981	-2.167670494	0.04586700796	-0.7000067118	-0.6433156089	-1.303490619	0.6222938512	-0.2605343435	-0.4376592605	0.8956041622	-0.7060074964	-0.8193940511	-0.3508282356	0.3654857422	-0.3326685236	-0.7706827047	0.0380727864	-0.1668833621	-1.474530714	-0.5520531704	0.6736356406	-0.3926035675	-0.4206502633	-0.8045477578	0.08147117289	1.221547904	0.8157323971	-0.3368806016	0.1427255784	-0.3161688642	0.8163279981	1.714352073	-1.153494688	-0.7515497153	0.05795679303	1.037419002	-0.1723141944	0.512856781	-0.9824478851	-0.2986043708	1.473316935	1.641526624	-0.4970838411	0.2923362058	1.116610554	-0.1852205054	-0.611045576	0.623403568	-0.6676648989	0.9106531077	1.426141037	-0.6474015651	-0.6933905897	-1.044274242	-0.3312821124	0.2719093441	-0.172827006	-0.4453671858	-0.435488035	-0.4639998816	-0.327554337	-1.222853217	-0.8171272995	-0.5866803536	-0.9008599256	-0.02903441796	-0.5922778226	1.392977723	-0.6468562893	-0.892405201	-0.9785598203	0.6739467255	-0.9425065772	0.3635462954	0.04379602301	1.767005563	-0.459864921	-0.04764375403	-1.964524613	-0.6029393422	-1.767618093	-0.3443598487	-0.02937062778	0.4902828067	-0.05923901501	-0.4571739302	0.3725838672	0.580590909	-1.610405212	-1.262741865	0.1717478851	-0.5720706666	0.4713000965	1.608733538	-0.3848265373	-0.5117089969	-0.6763729945	-0.3006957818	0.8063570298	-1.670145749	-0.901124276	1.297419809	0.1837499821	-0.03046645746	-0.1438454399	-1.402869575	-1.211240755	0.800661389	1.121758529	-2.039410994	0.4835632658	-0.4885801408	-0.5620736219
-0.9049717334	0.2179666333	-1.103182907	0.0578985561	-0.7452773748	-0.4356530701	-0.7696653578	-0.2575261549	1.496484512	-1.560582018	-1.411565149	-0.3277985708	-0.8758439656	-0.5070672254	-0.3641432696	0.6127066883	-0.8617958364	-0.1368344023	0.5724898659	-1.541391762	0.1307124505	0.9513849822	2.211413162	-0.8672028218	-0.5494896942	-1.276385376	-2.329560133	1.008451958	-0.7405822259	-0.4146222558	-0.07354799632	0.2348654062	0.3486246633	-0.4581158089	-1.858269502	0.5336178251	0.5460487661	0.2148121922	0.1363780361	-0.1207680002	-0.8687730272	1.624827319	-0.5506151991	0.3708554967	-0.5398666826	-0.9342774512	0.8420246222	-1.157689485	-2.775582241	-0.2398278805	-1.393054019	-0.6790086832	-1.315285037	0.2390332247	-1.300673016	-0.05459986135	-0.6382976898	0.3908815873	-0.7222147672	-1.186768092	-0.1324417972	-0.5704280724	-0.6699639413	-0.2144507507	-0.4922088123	-0.8769764591	0.06329315163	-0.5405683637	-0.0512891622	-0.0792811004	3.19938037	0.4761992093	0.9769035655	0.3510197994	-0.09670868565	-1.650731637	-0.2863476101	0.03854496744	0.8318283842	-0.8262525628	-0.8469620265	-0.5837700675	0.576773426	1.842574112	0.09384088737	-1.180630628	0.7709520492	1.514568307	0.4654481841	-0.2949661951	0.1520135585	1.472071721	-0.303229273	-0.4642303438	0.5146644772	0.836830116	1.919178341	-0.409294666	0.6966364739	0.8661132873	0.0441400842	0.2956490154	-0.5351574243	0.8669232296	-0.4964317994	0.8130972088	0.001783683973	-1.009189401	-1.261210593	-0.2020851867	-0.3741736769	-1.207184517	0.1942645158	-0.5555404916	0.5735066907	-0.4124092101	-0.8028032998	-2.374026286	0.6408615083	-0.03859818615	-0.2845918556	0.9807677875	0.2971545352	-0.6718362389	0.551179747	-2.648773494	-0.02003684701	-0.680158767	0.4116776649	0.5875787397	0.2269782241	-0.05464288474	-1.832556879	-0.04556937091	-0.4763227366	-0.8975110886	-0.8349624087	-0.4694400967	-0.5172742937	-0.379261985	0.2350118464	1.094638122	-0.9218286191	0.09233313663	-0.3830845347	1.12506905	-0.3124955136	-0.5692463915	1.288904515	0.0486030031	0.2696957215	0.7553675121	0.5479856948	0.4375608815	0.3871207556	-1.49320289	-1.582851602	0.09452439253	0.7167872803	-0.8430463289
1.281135339	0.001906182782	0.6828462271	-0.1911163682	1.395725555	-0.4473985918	-1.019761699	0.3708524138	0.6536394225	-1.466045509	-0.6562887245	-1.057162551	-1.354682854	-1.212937409	-0.05602340243	0.5487746845	-0.2538736707	-0.2244343059	-0.1158240835	-1.495355174	0.6172795348	1.317753701	2.026004818	-0.8041083801	1.965879171	-1.00261269	0.06862967077	-0.2090559325	-0.5934892372	-0.2161168433	-0.04013673754	0.2893995375	-0.7766273258	0.1410411412	-1.210176099	-0.7213162253	0.5318253457	2.544059814	0.5968106169	-0.03917707349	-0.8163349408	1.200586334	0.3650725475	-1.157624642	-1.548935577	-1.354434616	-0.5473721102	-0.931157156	-1.936826422	0.5908543007	-0.03424488351	-0.3946385232	-0.4351417229	0.05678472105	-0.8706240492	-0.2604632728	-0.2918641016	0.5106875669	-0.8954515374	-0.8613062887	0.604761686	-0.08365937493	-0.345825933	-0.01524651601	0.02494363116	-0.8266230893	0.312646121	-1.125306681	0.4651402137	0.5343937752	-0.4888464517	-0.2876397523	1.602821445	0.8125784229	1.063934546	-0.818149978	0.4391042934	-0.2614677295	-0.2586652752	-0.1522907585	-1.39496794	-0.1975355387	-0.1440433053	-1.41657103	0.5896839148	-0.1625022883	0.3228325535	0.5573366012	-0.4671459627	-0.6912516216	0.2716011189	1.589242477	-0.9042077875	-0.4222040445	0.520653271	1.360107499	-0.3509380047	-0.3824778486	-0.1122383263	0.692454027	0.6494210155	-0.0007681933314	-0.8740913922	-0.1540080673	-0.8185261508	-0.7378750331	-0.3433815732	-0.8250937625	0.318990043	-0.2654372575	0.346040284	-1.914104743	1.624684033	-0.6389738291	0.6509463834	-0.4935468827	-2.295628846	-0.1758082021	0.5726165304	-0.4583980164	-0.1163979891	0.3361318747	0.1923721388	-0.135787524	-0.1947126404	-1.890654775	-0.3945844747	-0.4649641425	-0.4673092795	0.7346155601	0.1104323246	-0.4731485986	0.6331770436	0.7339982327	0.167178774	0.2858811767	0.2415186555	0.235242397	-0.8307259131	-0.4495545198	-0.4414547824	1.020340807	-1.729866169	-0.1340741963	0.7026469287	-0.3232303826	-0.9736490695	-0.7177879531	0.1653877207	0.6592598081	-0.261283585	1.021286894	0.6852202399	0.7419405073	-1.082978788	-0.3114162646	-0.6278759786	-0.5969058385	-0.7188023522	1.06200454
-1.506932198	0.3902617289	0.3926466409	-0.4353866238	-0.8682799639	-0.5789654537	-0.617743069	-0.03632064355	0.4473564824	-1.364036077	-0.69985058	0.6024513023	-1.886233038	-0.4029936781	-0.7741311534	1.671029067	0.7387823079	-0.5072490401	0.7147079248	-0.917407884	0.1211038384	1.956211106	1.654455052	0.1825272377	-1.177843457	-0.07796162451	-0.7991191521	-1.663600349	-1.078131494	-1.642346919	0.4225049682	0.7219158043	1.307508232	0.2495792178	-1.063789639	0.1570435896	-1.671616036	1.668965321	-1.207698635	-0.1549500093	0.6080820173	1.801896321	-0.3898939473	-0.8505716506	-0.3821659237	1.553894076	0.9487025189	-0.5748304167	-1.264128351	-3.245088626	-0.3338582131	0.2106696517	-1.608065559	0.0364251134	-0.1887145887	0.106895613	0.261937864	-0.7590506885	-1.501155006	0.2433085563	1.1212065	-0.926469019	2.274459613	0.2078471008	-3.106012581	-0.2987735912	0.7659174874	-1.977175135	-0.5315074377	1.931678578	1.192865767	-0.1640432911	2.56361618	0.4533506837	1.4114915	-0.9320294358	-0.6498157288	-3.10794148	-0.6274361171	-0.03915845783	2.165426326	0.3072029686	-0.2571882127	1.334692096	0.7566270236	-0.6664404472	-0.6553043552	0.1252643997	-0.1388142378	7.370954262	3.126274025	2.146759935	-1.473501371	-1.118649453	0.9410781776	0.5168798426	-2.163264378	2.089205891	-0.5808401995	-0.9531530906	2.808192926	1.789681818	0.5794692028	-0.2125399749	-0.06441999092	-1.556527601	2.513298506	-0.9172072311	0.9637431048	-0.1281195747	0.6787199322	-0.3885299623	1.170414502	1.099288388	1.7450355	-2.308818681	-2.283219973	-2.045596402	0.6779443573	0.6603034243	1.391314726	2.269473638	1.896244896	-0.3515778122	0.7991711632	-0.4774267721	2.098765977	-2.315193281	-0.8006423859	2.972989843	0.7535671795	0.2298903113	0.2782818374	-0.9284106625	0.9974573149	3.327916233	0.462857542	0.2598596052	1.063313893	1.007154871	1.624561954	1.220432343	-0.9028506537	4.547852544	3.13137717	0.6500121131	-2.368179936	0.944617993	0.2194885316	1.712041909	-0.2778422957	2.088627578	-1.668457353	1.804243575	-1.051762258	0.8965413572	0.548197895	0.6925411602	-0.4610405822	-0.1888495975
-0.2083009976	-0.0858540911	-1.33507737	-1.401391053	-0.7218226163	0.2218352266	0.5034586431	0.1581547917	0.8037768517	-0.904204005	-0.6268387102	1.111543977	-2.182456474	0.7766414612	-1.072930137	0.5805329472	1.29803191	-0.1664236352	1.531640229	0.2667158408	1.780424867	1.218513589	1.463765046	0.6794357287	0.3173707937	0.2442862976	1.848956875	-0.1806958866	0.2613520694	-1.635131999	1.730646644	0.7829558792	1.504812018	-1.949007722	-0.1863649712	-0.7994628734	-1.001029507	-0.5400338525	-0.5206871218	0.1350843157	0.8807655404	-0.04042430672	-0.8546370688	-0.5869390683	0.3933602903	0.9130139446	-2.216962939	0.912218179	-0.8070278543	-0.8247278578	-0.06011069009	-1.025812011	0.1595291161	0.7320256287	-0.04950517801	-1.07672009	0.7268199192	-0.7402403406	-0.4122164743	0.4939723667	1.980435241	0.1709478269	2.577030318	0.7678466741	-0.6908596657	0.4955548472	0.8580722642	-0.5601926784	0.3351082307	1.952626842	1.473699883	-1.84674807	1.909943001	1.209397974	1.557940143	-0.7891870423	-3.334613842	0.2790527641	-0.3154295701	0.5143852848	0.930319494	1.247939819	0.5491912111	-0.4067036278	1.673839838	0.03300665759	-0.3882099015	0.5221903478	1.002478268	1.424416839	3.395100478	2.355543009	0.7250022254	2.969771041	2.106176475	1.042316901	0.9029089596	1.627990204	-1.01020557	0.2089640147	2.627827845	0.9489592566	0.7615826551	1.776036779	-0.3427976902	-0.7042815258	-0.6451015298	-0.2431716852	-0.8216466387	0.1062074437	0.4130209289	2.020704878	3.110620792	0.9860971017	-0.299607639	1.789426298	-2.206191597	0.2405435531	1.386188938	0.3651275974	2.610004766	-0.9701006985	-0.2504989982	-0.9566018635	2.215354666	-0.2439164768	1.789353578	0.481700355	-0.8984395233	1.897678105	-1.232319333	-0.614851206	-0.3071156563	1.798826798	-1.165011381	1.90750401	-0.689255173	0.09133117252	0.3455987841	-0.5002400903	1.526957592	-1.097029704	0.5712186998	1.360543779	1.191272174	0.6635612435	-1.844964177	-1.489746291	-0.1094720611	-0.5799574792	3.693785211	0.2759330779	-1.006098586	1.097388567	0.7571275013	-1.423953727	-1.651010311	-0.3020738779	-0.1759978829	0.9223026433
1.549383623	0.1490842588	0.1228457668	-0.2388259372	0.7797222372	1.09730825	-0.9700265302	0.2107871447	0.7589633665	-0.3819711987	-0.0717697416	1.538788342	-1.50343087	-1.059427096	-0.5288266336	0.7138931538	1.149839026	-0.6459689418	2.030354209	0.296154699	1.118770043	1.126185093	1.784624925	0.4580927099	2.051491509	-0.04167968038	-0.9860342292	0.02111513462	0.3833857972	0.1218195033	2.054023679	1.867140311	-0.5043457702	-0.4585222885	-0.05868717419	-0.512973654	0.8012257439	2.372040113	-0.06320610911	-0.2345741142	-0.6312157422	0.3279579333	0.07617139347	-0.05280050836	-0.9203848204	-0.6022952943	0.4826046678	2.006623528	-0.05036937654	1.003603237	0.1260559657	-0.9383976838	-0.04020814288	1.778636145	0.262971298	-0.3744058226	0.7390592463	0.2361461145	-0.7746058909	0.8462787566	1.528955333	0.2023472517	1.681598798	1.060760454	1.490111367	1.226789747	1.844035749	-1.429291135	0.7635341282	1.657285995	-0.6095230531	-0.657089826	0.9395623183	2.704445086	2.264284156	0.6521690937	-0.9460565647	0.5931590952	0.303749972	1.74918177	-0.3857274163	0.7830354299	1.2980883	-2.596364225	1.018243418	-0.03699514762	0.4799906058	0.4079130836	1.04165982	-0.9417139167	1.449800781	1.420730556	1.800904669	1.31315788	1.570117402	1.603524144	0.2201606007	0.670471934	-2.076593269	-0.4232309685	1.842028084	0.9472242107	-0.004910047628	1.07076399	-0.7625481844	0.6123657099	0.7652849256	-0.8774301575	0.9990401508	0.4085745136	0.7840391458	-0.06155172664	0.3298792783	-1.251568175	-0.2078677245	2.002648154	-1.661664435	-0.1860774301	0.442751213	0.06896713531	2.082885857	-0.5110486917	-1.285987094	-1.520572945	-0.161604249	-1.141317472	-0.9728735898	-1.097575742	1.335243374	0.4155190658	0.4042862489	-0.6432738049	0.895207728	-0.2566266118	-0.9674072441	0.5341231861	-0.007055090568	0.6383378273	-0.177228067	-0.2606860669	1.289905532	-0.1877206239	-0.3527915178	-1.789957297	0.6160459291	-0.4186139493	-0.1868221715	-1.32548264	-0.1825367273	-1.337171651	1.418487728	0.6400026902	-0.3088828565	-0.4102486082	-0.868889692	0.3033660725	-1.761809061	-0.8840761675	-1.342374295	1.795764638
-0.7367863159	-0.3212582718	-0.823611127	-0.8965853445	-0.8274973216	0.6801304931	-0.3834759981	-0.1859102385	0.7815857354	-0.8948297131	-0.01846554971	1.404992987	-0.962315108	-0.1047332454	0.004621937424	-0.6757534771	-0.3611164416	-0.725915575	1.996157499	0.3984080764	-1.178078714	0.6843375822	1.49095879	0.05247022905	-0.7227219544	-0.8955796519	-2.165417808	0.8435495793	-0.0267176151	-0.004781663302	0.3335396941	1.738742125	0.3069489536	-0.4446570414	-0.7439794218	0.5123842735	1.204331417	0.2228480912	-1.626526752	-0.5696013399	0.4984780676	-0.54690147	0.3562797171	1.157164225	0.1143172289	0.5637694715	2.095239016	1.530138648	0.122570377	1.019151945	-0.8855344056	-0.713793055	-1.211894016	1.246743024	0.09827024647	1.306467361	0.1675233074	-0.7655208638	-0.4331273283	0.2449642343	0.2486371775	0.6676321738	0.8105569796	1.369008446	0.610825116	1.993139906	1.450172758	-0.7431766003	-0.1024266495	1.332884304	-0.1638494412	1.41126404	-0.5928293786	2.341033735	1.462505159	-0.1612102602	0.04389223256	3.072698126	1.230254674	2.02148983	-0.5226563513	0.3315591008	2.135099834	0.9615898512	1.32956904	-0.8162620525	0.4564560126	0.4787734033	1.211232127	0.9027350086	0.6484752829	0.2276619761	1.35481812	0.3298128241	-0.3890429535	-0.1212074298	0.6301070019	0.342402201	-0.1619910779	-1.139434933	1.167647757	0.4693269245	0.1024991735	-0.2728878192	-1.063572606	1.087155113	-0.7934692809	-0.6693973482	0.3804908904	0.09494295162	0.10595293	-1.285952009	-2.07033124	-0.2415968665	0.1164556637	-0.5082770523	-0.6344198826	-0.8249684637	-0.3824523536	-0.02472565222	1.671210363	-0.1272513805	-0.6408106734	-1.934692292	-0.08292360081	-1.8623383	0.03928368433	-1.42173041	2.246748824	1.057296918	1.013968041	1.828232545	-0.04279487959	-2.551798218	0.7014044595	0.4799439539	0.2461762175	0.1974281218	0.2178804141	-0.6995553697	1.852409283	-0.6522659023	0.7540672393	0.099515594	0.00703388378	0.3243592149	0.08299559472	-0.3795364015	-0.6629584345	-0.758896936	-0.4273845037	-0.3485079089	-1.611714406	-0.895496337	-0.975462695	-1.172541101	-2.422475555	-0.4873637505	-1.741225537	0.1075488678
-1.122505147	0.2005809792	2.041546776	0.8303890545	-1.123644771	0.393209346	-0.5946816026	-0.8402168203	1.252600985	-1.187165202	0.04312817271	0.4338931315	-1.045243136	-0.9122872305	0.3336969485	0.9971648404	-1.268750334	-1.39178123	0.9169155581	0.3818234542	-1.176379829	0.9127189099	0.8963945379	-0.7464553578	-0.8688316929	-1.143840914	0.2791081615	0.30310704	-0.1223165965	-2.810294968	-0.5287042098	0.695945417	-1.018395304	-1.082282827	-1.236211608	-0.209454929	0.4345028352	0.04277458892	-0.4798346589	-0.820351275	-0.4479864307	-0.6942268166	-1.175384547	1.208943235	0.5395600866	0.3620721894	-1.259009264	0.3446098272	0.2219540796	-2.266015319	-0.2959201072	0.1608629739	0.5081392075	1.115822576	-0.8117724465	2.203561894	-1.812039825	-0.4131406831	-0.4105696998	-1.027543476	-0.8407028821	0.9850827119	1.035802728	0.9955755199	-0.05801396383	-2.489291651	-0.04739449023	0.02865649703	0.1086259335	0.6478554442	1.001025647	-0.6073184027	-1.507046872	0.269700386	0.644271424	-2.287759903	0.3522196865	1.023596714	0.4503399745	0.9636353061	-0.3016656169	-0.3359647296	0.317725136	0.4239235092	1.241640393	-1.319938569	-2.072088898	-0.03584113653	0.02739245453	-0.3378850357	-1.260721065	-0.775296446	0.3534524713	0.3987672355	-1.303473703	-0.3739601424	2.38352375	2.051573671	-2.007974704	-1.19158113	0.7760438666	-0.5695793628	-0.7000664457	0.7156985335	0.4964387693	0.03591406713	-2.091598927	-0.3390676653	-0.7739504088	0.6803949141	-1.159366912	1.262011323	1.297396466	-1.073271469	0.07497758515	-2.084634528	-0.01927019862	1.976029945	0.4952711044	0.04805160759	1.964022817	1.213040547	2.053011011	-2.640174689	-0.8784523961	0.2399161391	-0.4933747936	-0.1388127947	1.938640137	1.385651362	-0.7266421242	0.6409510124	-0.7303380616	0.6830452522	1.355507425	0.4500882084	0.6877577446	2.629744509	0.4954695861	-0.4456040833	2.131271752	0.9172446138	0.3743633771	-0.5658630945	0.4135392178	0.3443991972	0.7999313599	-0.7617483904	-0.357050437	-1.081531269	1.949620078	-2.066915716	1.071957517	0.2835495134	0.01187144464	-2.422321365	1.315969957	-0.2396376038	0.5068868077	0.4580987059
-0.1411291799	-0.4360440278	-0.6408070101	-1.169802829	-0.03757040528	-0.3998109395	1.347982601	-0.3165773407	0.3374480361	-0.8038733269	0.1848619129	-0.3442514537	-2.109891598	0.4264044168	-0.788041917	1.808910451	-1.315728015	-0.9942166633	-0.1517334345	0.3328230741	1.164199042	1.023562707	0.9764902353	-0.6869979455	0.7284960215	-0.4836754751	-0.6032167647	-0.6821699753	0.07737921843	-1.754949852	-1.142317867	0.05921696244	1.266118765	-1.184830545	-1.175391378	-0.1538209413	-0.5386388682	0.1581925334	-1.485401244	-0.4662487231	1.402946699	-0.2773701233	-0.4562077861	-0.3795269431	-1.145657745	0.2817475876	-0.09851497642	0.266285159	0.7263082374	-1.170602756	0.2223221446	0.5108269958	0.7672014113	1.143797322	-1.454708183	0.9502262881	-2.076117055	-1.318681511	0.803321654	-0.9290660077	-0.6501060334	0.5607380815	1.221569011	1.148907182	-0.6503859656	-0.3517470442	-0.7367869191	-0.1947178806	0.3388958307	0.1048617449	0.1771204694	0.5367811287	-0.8283210286	-0.5779289566	0.4813713317	-0.1336502002	0.5054081165	-0.1420523142	0.6689955735	0.2385792309	1.167455595	0.1213390679	-1.084939324	-1.898934554	1.106814197	-1.034218557	-2.039829844	-0.207066102	-0.4038036554	0.5708888909	-1.223988097	-0.7174482403	-0.2681616597	0.1756785152	-0.1417953399	0.4469776243	-1.083349033	2.397980868	-0.8991791781	-0.9324759281	0.9150433103	-0.1836703783	-0.9210860174	-0.06607107764	-0.03428275302	-3.413981671	-1.090884827	-0.5524920622	-2.248514984	1.208314272	0.4112200934	1.620349531	2.272718769	-0.567463173	0.7538690684	0.2915776091	-1.09221184	-0.2909868474	-0.043316341	0.8888853477	1.02128314	-0.02263290022	3.371139507	-1.071027331	-1.041463568	0.7267713671	-1.284394098	0.441889828	0.1331062345	0.8183651724	-1.879190959	-0.4253251106	-1.44480727	0.7211624301	0.606339128	0.4342844636	-1.132709608	1.938081561	0.2284437725	-0.0782554293	1.107652842	-0.1870083283	-0.4311865097	-1.975741387	-1.192085967	0.1076675122	-0.1005191289	0.2601184617	0.06663373981	0.02136717675	1.027816933	-1.38017777	0.3721613671	1.397791535	2.380619791	-1.792737538	1.325930713	1.010803357	-0.2115516436	0.2123941488
0.4308923828	-0.1152426565	0.9697237832	1.191206112	-1.062175044	-0.836468795	-0.6828151674	-0.09225941024	0.3442379017	-0.9440586322	0.8265344444	-0.1800645833	-2.161598818	-1.110101609	-0.8718887726	0.1788918859	-0.1068620131	-1.561204081	-0.02062650064	0.9845233653	0.2757128626	0.7332066652	0.9664995087	-0.1215369688	-1.401666535	0.6761186584	-0.5215202518	-1.026344909	0.02376530021	0.1405144136	-1.266933233	1.024018653	-1.284021247	-0.5059307474	-0.3894622055	-0.01094500477	0.01377222356	-1.069746324	-0.7474663544	0.04331042449	-0.8769833639	0.2351166592	-0.3967637658	-0.4803996536	1.079449652	0.448755617	-0.09761303227	0.5753416011	1.470174223	-0.9713356313	-1.951458452	0.174372924	0.8285752704	1.635072218	-1.018913877	-1.459000025	-2.36922332	-0.7239111033	-0.06316970444	-0.04269465312	-0.07040294389	2.0984223	0.8562324036	1.162901041	0.1376831193	0.4280688906	-0.2685083175	1.199121268	0.07224455434	0.2735504145	-0.5404507375	-0.228167814	-0.647024597	0.4499263734	0.3805196977	-1.309499967	0.4635324291	1.886239774	-0.6949273775	1.077200924	0.6789782786	1.470266399	0.4999153505	0.3763945216	-0.005852002929	-0.823882818	-0.6571574081	0.995053247	0.3411599331	-0.1049793934	0.07445328838	-0.1389883491	0.4604268366	0.2086956534	1.589137478	-0.007434330202	-0.2023004166	1.63941424	0.06829825202	-0.5752950643	1.694200098	0.7103352779	-0.3619198798	0.160617411	-1.530718819	-0.1991054158	0.3887984663	0.1405728724	0.2310155013	0.4497978088	1.230010043	1.626781587	0.4065235996	-0.1621263132	0.201446298	-0.4479373598	-0.5559768122	-0.05340945179	-1.169132103	1.364954686	-0.5127618113	0.09413575562	-0.9846979503	-0.6202306874	0.1539056329	-0.7776225481	1.474657506	0.1860024527	-1.914532876	-0.2035633726	-0.7012692972	1.668834613	0.3062886494	-1.108604758	-0.8028017943	1.065866941	0.4188901467	1.761042954	1.375075324	-0.7547707257	-0.1678768238	-1.251613753	-0.6969291304	-1.552883872	-1.477961698	0.6534925984	0.6658056064	0.7878066057	-0.126200595	1.290658919	-0.05164342427	0.1350030475	-0.6407027887	0.4886199308	-0.0642422698	-0.5313409152	-1.739225679	1.43290631	0.0004443551649	0.04410679067
0.5851592241	-0.02358416715	-0.4829855644	-0.2861590512	1.224158399	0.08617121813	1.229734486	-0.4237985683	0.2679574905	-0.1584775259	1.100501481	0.8066131374	-0.8844058192	0.8217494696	-0.09624451401	0.831012421	0.8677702899	-0.5939832451	1.090360024	1.34893525	0.6072803398	0.09482588615	0.7454724962	0.5515426969	-0.6649648558	1.590477912	0.8468451655	-1.547638665	0.270915094	-0.8650254107	0.00147060723	0.9251298163	-1.175294265	-0.7875880829	0.3274318509	-0.6704088024	-0.9106944803	1.263284054	-0.4156604181	0.4387205637	-0.6223992279	-0.911790478	0.2091307376	-0.695673639	-0.7322420433	0.08280011987	-0.8890164541	1.043670604	1.615647245	-1.175408377	0.163821427	0.3817395453	-0.5610560924	1.993099028	-0.2293093029	-0.1867552094	-1.986231772	-0.4095216429	-1.24030899	0.156129389	0.1866510163	0.2001218698	1.057758362	1.555075905	-0.7189244616	-0.8226018109	-0.5609379362	-1.149029425	-1.707023233	0.6620051914	1.262202258	-1.15916602	-0.3598709776	0.5201097478	0.7424823749	-0.5781207423	0.7012725519	0.6380423088	2.022521769	0.9674998782	0.1425639547	1.035756226	0.3742074796	0.2288552374	0.4679981732	-0.4839598567	0.7966518269	1.819371208	1.324322001	-1.359337626	0.2591677694	1.236598157	1.599746035	-0.07661345379	0.4905665614	-0.3410479053	-0.8546137544	0.6828881624	-1.345710238	0.1992787555	0.8011542598	1.059577513	0.4535898271	0.4672225008	0.8994635157	1.377339511	1.028401437	0.2546073101	0.4173256127	-0.5802846339	1.346874818	3.087816992	1.021509033	-0.46598026	0.8017735023	-0.8105881599	0.3162172563	0.4887408729	-1.648092585	-0.3146716551	-0.7083842068	-0.7603473437	-0.3701057988	-0.7252571606	0.3638242432	0.3835998554	0.7763672445	-0.7039014205	-1.65414071	0.1139285901	-1.132367766	0.331666804	1.082053009	1.880649554	0.4611887914	0.9848144997	-0.5452034736	2.258183023	0.6876472969	1.576647934	2.090305196	0.5162339593	0.2312680162	-0.8572143919	0.7142222119	0.8799211161	-0.5952844699	-1.821974354	0.5857933194	0.1409975991	0.7580844277	-0.3332382323	0.596404516	0.740853138	-0.1275051737	1.693181603	0.3444524693	-0.1026101548	-0.9244613747	-0.3479833679
-0.1094375218	-0.3371961936	-0.3507004875	-0.8797563664	-0.06505376028	0.331708352	1.000806105	-0.1868573792	0.07045820643	-0.1700772706	0.4062177181	1.186088441	-0.4960110049	1.344460317	-0.7140567616	0.6997766187	1.052971097	-0.4340813862	1.152911999	1.103876195	0.705075494	-0.06931590186	0.5941334758	-0.3544165706	1.116466356	1.619657466	-0.2564798463	0.9995619468	0.7998495463	-0.7634330591	0.7123889195	-1.30416301	1.935199564	-1.268916335	0.4447474234	-0.2616348096	0.4569621004	0.8657751809	-2.216809856	0.4899079067	2.067393329	-1.060895928	-0.02916030438	-0.2965366582	-1.734665323	0.0342887872	0.2167152534	1.067166715	0.4295174271	-0.8991449147	1.050991441	0.2708434167	-1.374534912	1.153798447	-0.6542719566	0.5535013795	-1.579958993	-1.655471885	1.265742019	0.6573007342	-0.3695653354	-1.127573156	0.6897754486	1.737060598	-0.2461249525	-0.4701476275	-1.271869026	-0.7014149755	-1.432631318	0.9867915133	-0.541195632	-0.02768447595	-0.3234000826	-0.2450874207	0.1565561686	0.5243905497	0.5980912351	0.1405600999	2.829154318	-0.8083868462	-0.564768609	-0.4015304068	0.5260643323	-1.715353313	0.1587442378	0.08293446093	0.5438867336	1.366505956	2.452719589	-0.4748643629	-0.06877920478	1.951016712	2.639805212	0.1689956774	0.0320185683	0.1021207277	-0.2518280145	0.3645404866	-1.403845597	-1.408107788	0.9481928451	0.6471897769	0.3973529819	-0.8424804052	1.007440913	1.256941723	0.8310452387	-0.9921972885	-2.619782759	-0.405996964	0.8981131261	-1.235450937	-1.276932063	-0.7529218074	-0.04350585066	0.7237501705	-0.5406381729	-1.343007598	-1.79462308	-0.4502264706	-0.8799235068	-0.3273507834	0.1032951731	-0.1206394753	0.08821387392	-0.9436971053	-1.27853045	0.04888658462	0.02283402098	0.1397982728	-1.811998125	0.1583257792	0.5981898381	0.4827023185	0.5328177217	0.1007815956	-0.8514329165	1.061368291	0.6172303891	1.172174067	2.091437414	0.4831899701	-0.3979628606	-1.214295472	-0.3627820758	0.1650585486	-1.116531903	-1.790108183	-0.1539984427	-0.7695326064	-1.395431555	-0.9209925736	-1.240357833	0.2838590039	1.311184526	1.11564491	-0.2365342292	-0.9514166088	-0.774020174	0.4862631641
-0.6693832195	0.340005132	-0.5214581241	-1.539001344	-0.8421515112	-0.6585732749	-0.4545076242	-0.7569197282	0.6716515468	-1.241236009	-1.120925794	0.785682903	-1.402092875	0.01040870912	-1.40235906	-0.2729963718	1.397193952	-1.069962871	0.6486262152	0.5390593244	0.07849682454	-0.4915416655	0.2450408732	-0.8524611569	-0.3989466844	0.9477307762	-1.292173934	1.263837304	0.2871218663	-1.267911619	0.1959924416	-2.162065785	0.1244758893	-0.9737528309	-0.3289578694	1.130646346	0.8657331294	-0.7696809925	-0.8529327428	0.4807747787	0.9045920435	-0.4097324707	-1.045455676	0.7310568724	-0.3703458195	0.360920744	1.849298405	0.9443425994	-1.488059105	-0.5392558593	-0.07220178575	0.2091614066	-0.6823068996	-0.7658993448	-1.376080331	1.411672102	-2.301293793	-0.8188134885	-0.8127524701	-0.1278508305	-0.8327998664	0.2033211821	0.8176961674	1.041185958	-0.376120026	0.801787308	-1.492331682	-0.5106674394	1.658812248	0.1035605739	2.089852198	2.410861121	-1.291798573	-0.5525966296	-0.4551132591	1.641766401	0.4026358005	0.1807896772	2.420787572	-1.936288353	0.8224050672	-0.4666069287	0.4750311759	-1.020812833	-0.7063709962	-0.4944585002	1.178807703	0.2463647682	1.222870551	0.6676082674	0.5124152252	1.088195779	1.282568576	-0.02951504109	0.4579689408	-0.7227419009	1.154422341	0.3772125337	0.08871558756	-0.9630130736	1.610897163	0.8923567454	-0.2767940346	0.3158158298	-0.1496865271	-1.329827974	-0.760594981	-1.031765364	-0.09312014989	0.08514312199	0.2119294609	-0.5339634724	-1.98511756	-0.1273911884	0.06306955509	-1.030163411	-0.6958042064	-1.346389857	-1.245170501	0.6543929506	-0.3018041736	-0.1544652421	-0.2205063247	0.452580296	1.000107695	-0.8232277507	0.08467725835	0.2644755623	0.08558129364	1.00648856	-0.9157323916	0.3855126708	0.2613048217	-2.082806718	0.4212802578	0.2415466752	1.175073581	-0.8096716533	0.9510762584	0.4581695513	0.5713295186	0.4491114632	-1.249544859	-0.6953123589	-0.6280008855	0.2625517683	-0.7253528533	-1.033007898	-0.5796090495	-0.8168041143	0.06233484242	-1.507896086	-1.3543681	-0.1810396085	0.198392371	0.9709163795	-1.691755213	0.04406021781	0.109615475	-0.3823399006
-1.409398055	-0.09784230195	-0.4736509984	0.6747337727	-1.087194926	-0.696961191	-0.7889390668	-0.3854475229	0.3586092361	-2.03238351	-2.548253752	-0.3190083805	-1.683448264	-1.080110277	-1.29845238	0.5221902058	0.8483994657	-0.9330631063	0.1677326324	-0.1705626706	1.188780262	-0.9057847117	0.1320780906	-0.9608735232	-1.326533488	0.5045511842	1.65660244	0.7768558325	-0.760082168	-1.10789851	0.4241681915	-1.448769892	-1.03948381	-0.01567260716	-1.227439764	-0.8463920481	-1.139998589	-0.3221444143	0.4138083047	0.3847158483	-1.034412622	0.6669012238	1.341032936	0.5694784634	-1.267378366	-0.5791390109	0.4429725623	1.401114466	-1.660161973	1.555640997	-0.3515450155	0.4690288623	0.6955116648	-1.331783511	-1.579103988	1.228871512	-2.364447999	-0.1481808169	-0.3851867482	0.5733872138	-1.075965152	0.5723416331	0.6525794515	0.3551746497	0.9865811137	-1.283616263	-1.148406215	0.03952429935	2.610943565	-0.9068245374	0.3052712778	-0.3225568128	-1.705888422	-0.7351488495	0.03465386501	1.030650959	0.3772942681	-0.5420553806	0.5378557592	-2.007482093	0.5228049132	-0.4188868172	0.2538948336	-1.01387206	-1.28662391	0.3777480331	-0.06091068037	-0.6749108271	-0.1449160629	0.6713860933	0.002676614574	0.8704980786	0.08732560561	-0.02966689182	0.5089359267	-0.421808047	0.2366413467	-0.2279759059	-1.372705706	-0.3987990454	1.13889209	0.7287236908	-1.361465203	0.4166976004	-0.4150097519	-0.7888780403	-0.2959156556	-0.08122434145	0.4965329227	-0.2843374802	1.034627034	0.4134664447	-1.406291261	-0.1678133704	0.4662652814	-0.2817536964	-0.1923307768	1.227115759	-1.383541663	1.249572277	0.03657440121	1.07009722	0.3495062786	0.2620143321	0.6451668354	0.5089877664	0.1070390844	0.3510096998	0.2334267567	0.06684424596	-1.795461765	-0.6338761185	0.008688407441	0.7187605204	0.3040962644	0.2198014903	1.516673572	0.2141627149	0.0815196707	0.3095413135	-0.1002210847	-0.6634704125	-1.591792292	0.8699847144	-0.4355096245	0.4611482352	0.7503169032	-0.3212305981	-1.57272654	0.2590524535	-0.2906720899	-1.323069625	0.3795939875	-0.7883944419	-1.0053629	0.8545416038	-1.495739378	-0.4340314799	0.06703363503	0.5326177708
1.219436834	-0.1778387228	-0.05179631172	-0.06697423764	1.46082206	-0.4765851171	2.377448171	0.5722669221	0.2458093063	-1.62874787	-3.221596514	-0.4200084629	-0.8871823896	-0.3064530176	-2.057055332	0.5176683695	0.322427684	-0.5018356768	0.3121874758	-0.8278304205	0.2780305387	-0.8917674408	0.1457482776	-1.079191147	0.5004883374	0.5096606013	-1.15577595	-0.347774398	-0.6620884002	-1.019354549	0.649335965	-1.160392092	-1.457638521	0.09546549854	-0.7262064038	-0.9645262126	-1.792902862	1.851775836	-1.355799249	1.003957449	-0.7234443073	-0.5487212344	-0.08152285477	-0.5210742869	0.8533801626	0.2799405122	-0.7911387905	1.741171078	-1.57013568	0.2639116615	-2.152294848	0.7406011113	-0.7565283936	-1.026436393	-1.132274717	-0.2275082556	-0.9723485192	-1.835659256	-0.686847441	1.71904647	-0.6894279263	-1.06521666	0.5552805287	0.9216800462	0.8611826441	-0.2524281966	-0.04103001673	0.3065553403	-0.3572655401	-1.391198073	-1.287617186	-0.7320574245	-1.275865235	-0.4636294558	-0.3653650113	0.001572258041	0.3721795698	0.08186531955	1.052517993	-0.5156254023	0.7874591169	0.3883012631	0.2124692362	-1.774956928	0.4359374969	-0.0803142559	-0.5101077987	-0.9784067613	0.06930189487	0.9476452875	0.06969349744	1.228787472	0.03874059829	-0.04878878662	0.9567231266	0.4405927103	-0.5055387319	-0.4724060386	-0.786296361	-0.5535323444	0.9263339636	1.161323915	0.1319384696	-0.1772180616	-2.398675417	-0.7087519777	0.02833041894	0.2873709084	0.5915942533	0.9756227781	1.342935048	-0.5309358412	-0.5614883267	-0.5509414304	0.4131728846	-0.6929452525	-0.9963213219	0.7646167467	-1.570100302	0.4210127037	-0.3324927841	-0.1852720884	0.3288970623	-0.8023687226	-0.2485137794	-0.9397826529	-1.976422434	-0.3271512027	-0.617412789	-0.4757455065	-0.02876460867	-0.4428633319	-1.004725334	-1.726803509	0.07664136983	-0.01414367396	1.043608338	1.603913561	0.6380626757	0.5589621002	-0.3893305581	-0.2894299591	-1.087053505	0.4135750842	-0.9408518128	-0.2740147195	-0.3059882706	0.8600827613	-1.047528867	-0.788191273	-0.195566368	-0.6695950469	-1.159854645	-0.7214973282	-0.3528263354	2.27182696	-0.2725883237	0.06733421906	-0.08864787846	-0.2204874928
-1.029507831	0.2725571806	-0.7200448033	-1.098204669	-0.910990131	-0.3076592592	0.1700699069	0.7864535465	0.9126114605	-1.8022118	-3.419484533	0.1809133919	-1.310428551	-0.7225875798	-2.291634676	-0.08205545556	0.08680042527	-0.6777132583	0.7735563212	-0.8945540826	0.09051982537	-1.756603384	0.3715438087	-0.01929939622	-0.8850327235	0.7782246526	-1.883975653	-0.2999147844	-0.6719532288	-1.268590738	0.03028778626	-0.7922269893	0.1004691267	-0.6801608986	-0.7009477681	0.1652296683	0.9470462557	1.114882912	-0.2674608562	0.6034526301	0.2134257217	-0.2014383165	-0.3938234867	-0.9376156524	2.678587134	0.3512536643	1.806798752	1.590331732	-0.8067813674	1.246327549	-1.434199786	0.7565882183	-0.415062797	-0.9882041829	-1.200699	-0.9403810232	-1.262476686	-0.7377929991	-0.3233476202	1.136784307	-0.5685756771	-0.229867875	0.8576242225	0.2760340797	0.28492364	0.6552690995	0.3452681515	-0.3053331599	0.5686152464	-1.260853184	2.293953584	1.092079155	-0.9639758594	-0.5589058645	-0.1451632392	-0.9003613931	0.1470123089	1.976067256	0.9946660958	0.2247035972	1.324905594	0.5841731072	1.195970038	0.2221743641	0.8384437066	-0.4754396189	-0.2502710015	-0.8925614508	1.451939495	1.987324335	0.2865614737	0.4793110658	1.088737277	0.2896868321	1.191275804	0.3767264188	0.3860338569	0.007455627058	0.547712861	0.05135191802	1.262743701	1.486571222	0.2695330702	0.3170915433	-2.61221209	0.75785849	0.3889028975	-0.03436738987	0.4825582356	2.050463769	2.37491275	0.08207946249	0.3791310194	0.1024431733	0.01075052857	-0.2275502139	-1.224536063	-1.64845041	-0.5854328304	1.335727299	-0.6977952922	-0.3871897199	-0.3868955037	-1.209797616	0.4486559125	-1.219530445	0.3477575993	-0.03073949299	-0.6048994344	0.8621987592	0.3629488431	2.01464493	-1.205728347	-3.056904495	0.2369550162	-0.6245935434	0.07356943575	-0.08687674336	1.375675269	0.5427380802	-0.8517823975	0.3345320848	-0.8111175911	1.080971646	-0.1100221097	1.196515877	0.716842464	1.586278083	-0.0483587818	-0.9779151014	0.739818765	-0.8342806439	-0.2434935356	-0.4779943097	-0.3753889992	1.481789152	-0.4762149899	0.09826841249	0.6124819913	-1.144729457
0.3610806791	-0.2744680725	1.50490008	1.075547383	-1.166993037	-0.2430446518	-0.7899507777	0.2345936899	0.3949205672	-1.109229445	-3.109847387	-0.1944894305	-2.790961245	-0.9641887998	-1.151865809	-0.03299745678	-0.06271705732	-0.5526318575	1.026373316	-0.5255475314	1.160468516	-1.755473908	0.7057834219	0.3842581262	-1.307858677	1.042891299	-0.07127432632	-0.1087547245	0.2319232635	1.285246303	0.1034186832	-0.5187555625	-1.102448546	-0.9948012201	-0.6144558986	-1.156119977	0.5367211555	0.2463621502	-0.684645781	-0.5090089075	0.1258637412	0.2727562869	1.305713569	0.002632021038	0.1450372969	-0.7811138537	-0.5626217105	1.796333712	0.2853306948	-0.863496758	0.9592022364	1.332433105	0.8923337342	-0.2061611159	-0.5971947806	-0.4497935128	-0.2523478477	0.06634876099	0.9398038478	0.7444681138	-0.1038409038	0.6320801806	0.5687467618	0.8017283087	-0.4648648918	0.1345269403	0.3374687659	2.276461159	0.7050574211	-1.605765818	-1.032048945	-0.2567341749	-0.4950276652	-0.4236925361	-0.3451629209	-0.3710603613	-0.03379955694	0.3489960073	0.2336546864	-0.4625810982	-0.8186988124	-0.6240010759	1.261524616	0.0707819478	1.417590175	-0.09446437479	-1.274799478	-1.082119007	1.266974085	-1.242987731	-0.4566538395	0.6642745132	1.306378825	0.4591699425	-0.2859403119	-0.351881567	-0.4376635034	1.9096454	0.9820959155	-0.5362745376	0.5072300306	0.2151098665	-0.3473262012	0.1277662436	-0.7064209446	0.2072755283	0.3159230883	-0.4946086938	0.1697124462	-0.005656360856	1.503994468	0.324996003	1.629438359	0.7868159364	-0.1957142021	0.8165613334	-0.8231654733	0.8795190614	-0.904942833	0.3784897143	-0.9627048257	-0.6646882121	0.07601075482	0.1445026693	0.2344715421	-0.6326652695	-0.5089724375	0.2981328502	-0.3717251589	1.013155979	-0.9388353454	2.587991802	0.9090715802	-0.2194259224	-0.3173733018	-0.1652124819	0.4968689536	-0.3931631756	-0.006416539043	-0.4693174075	-1.495723094	0.2448589648	0.2596464861	0.0853890921	0.7801071816	1.694215431	1.70178243	0.2724417	-0.3931607796	0.1283752695	0.4732266247	-0.507608547	1.467502219	-1.916058863	0.09094713875	-0.1034200024	-0.3678300939	-0.3299255735	0.3275607822	0.4408814758
-0.09368017319	-0.4141114095	-0.008049814801	-0.754696651	0.5166661751	-0.3083904156	0.9106166295	-0.01877659766	0.4846972169	-0.1231629829	-3.068744959	0.6254861495	-1.362180552	0.9831952863	-1.958978037	1.25033595	-0.01595664499	-0.5043596758	0.2994726865	-0.7972590325	0.3456983105	-2.027366142	0.07619732087	0.3463916905	0.9899280365	0.2842143585	0.08292278498	-0.5881388455	1.114848838	0.4739897771	-0.5525410192	-0.8065957641	0.8562388396	-0.4276250119	-0.8103438681	-1.287164914	0.1866516611	-1.434090318	-2.304672689	-0.7320452341	2.564712232	-0.8012933479	-0.1531518539	0.5528277941	0.7628387856	0.3566722524	-0.723193899	1.311728807	0.2280752233	-0.3320636633	-1.150034849	1.842696601	-0.3886245826	-0.3554556886	-0.1292599363	0.09261538933	0.07824571948	-0.6561874564	0.9833999282	0.4130426273	-0.8860586195	-0.6231070326	0.6709044196	1.027214614	-0.6848256973	0.4639586446	0.3979024223	0.1495833136	-0.6656868364	-1.883010021	-0.5754870707	-0.0939156211	-0.5237139335	-0.3703400279	-0.3737794837	0.3123434621	0.3419343207	0.640239397	1.565171107	-0.2733128601	1.2525121	-1.430409197	0.6895350068	-0.01857603286	-0.8634852679	-0.7618436604	-0.2647843752	-0.6211912535	-0.4659581203	0.6222262476	-1.050259924	0.6699172518	0.418294223	-0.2703809969	-1.205860627	-0.7277052283	-0.8540103667	0.7898120771	0.4610649633	-0.5122269416	0.0909291107	0.9596914102	0.3153225824	-1.513053573	-1.430003878	1.127393414	2.056028126	-0.6864644099	-0.7767859741	0.4458896502	0.4305525624	0.1904633285	-1.375041266	-0.6905309657	0.6609158352	-0.2785414737	-1.090832109	0.5697168469	-0.7570166784	-0.6069819742	-0.6904893923	-1.078384458	1.363343748	0.806499969	0.07556685894	-0.6738874113	-2.141050586	-0.7201559445	0.5473583778	0.7531433125	-1.205554466	-0.2213898815	0.4282209663	0.7765888541	0.1588971439	0.2278177121	-0.009616768297	-0.4329223173	-0.4895015981	0.1094289707	-0.7766122131	0.8253995157	-0.05341248828	0.3274193183	-0.09442048293	0.5284354734	0.5382792349	0.4265458523	0.8818480492	0.7260827739	0.1421325611	-0.7991739947	-1.282644798	-1.770616538	-0.3007681769	-0.7117303812	1.085367431	0.5179990896	0.488158114	1.595828888
-1.429597881	-0.1828829182	0.5794851624	1.363328628	-0.8967954301	-0.7924617986	-0.9682670103	-0.1315575021	0.9651926513	0.1928653127	-3.113367604	0.5157934278	-0.1068136365	-0.3883704444	-1.599578282	0.6416157761	-0.05488711968	-0.7750896015	-0.6942519172	-1.367786268	0.3157849948	-1.658432191	-0.149719133	0.1037843336	-0.9118834653	-0.5548831057	1.192903782	0.2295494494	1.069845534	-1.202729197	-0.9376670464	-0.7489455367	-1.239022148	-0.7558398289	-1.323906886	-0.9976072267	-0.6216716319	-0.4878321382	-0.1787316503	-0.01754803006	-0.7866127732	-0.08830481742	-0.02710161455	1.368652485	0.4532418895	-0.1172750002	0.09522506032	0.2085957132	0.4005974128	2.478827513	-0.8872761877	1.437919864	0.5760384247	-1.326553692	0.08717728104	-0.4711216307	0.05906377165	0.5214132147	0.9520068808	0.3847732864	-1.803213013	-0.759338109	0.5849391058	0.2266637592	1.0534821	0.2548842623	-0.117429685	0.7066776109	-0.006042861885	-1.785874661	0.6536588141	0.4021335054	-0.7654888893	-0.6495389946	0.407098277	0.9799806482	0.3742209612	0.8838051697	0.0423644829	0.3901159454	0.9140497238	-1.552083011	0.2936132748	1.088174015	-2.292258835	-0.8972919761	-0.3655015854	-0.7685076647	-0.192626501	0.9537246866	-1.573420624	0.8459714827	0.3603239022	-0.2361348976	-0.7771457089	-0.9630669358	0.7904630252	0.1422642066	-0.6141611462	0.6004122283	0.1986539182	1.15588828	-0.1477187354	-0.2364855386	-1.196598502	0.3091835992	1.174540211	-0.9594646958	0.3854605055	1.024313955	0.2665503105	0.975119417	-0.7395286838	-0.5589833202	1.131848913	-0.3259136655	-0.733975988	0.5799858393	0.3509902035	0.216092298	-0.9262321856	0.8076195205	-0.2562652547	0.8123833366	0.5989077433	0.3837282992	-0.4502561682	-1.855626547	0.5561857957	0.8886575437	-1.495186079	-0.06423153691	0.6899711055	0.7107188055	0.8274826098	-0.069565638	0.9046327303	0.1141736483	0.2624048926	0.897146182	-1.247849393	-0.09524816173	-1.082990494	1.944445586	-0.01342773713	-0.4450841033	0.4754254894	0.3164472498	1.064290187	0.02392404675	1.638957174	-1.340955594	-1.53801375	-0.2088161345	-1.638259905	-0.1800496825	-0.7468177512	0.3134521077	1.853898225	1.232999138
0.8447125529	-0.2410304464	-0.01907581114	-0.3520459742	1.544606826	-0.685204544	1.170973619	0.007354759556	0.7398507898	0.9533396609	-3.109608712	0.2387612986	-0.2560575905	3.105633637	-0.5407759015	0.8787456846	-0.09506506734	0.1297010313	-0.8871646114	-1.699322031	1.012148517	-1.47561437	0.3955655414	-0.9264447882	0.5392232477	-0.6135004937	-0.438307227	-0.1126591647	0.8477865291	-0.155601703	-0.560126629	-1.316738729	-1.263395232	0.08619118029	-0.6949922026	-1.169347375	-0.8971146881	-0.3202130665	-1.264412061	0.1270059456	-0.2057564791	0.08541838884	-0.3915998752	0.4304153717	-0.02743115529	0.1138282402	-0.7812026254	0.1364178325	0.4134162602	-0.3423541917	-0.4596712604	1.248560646	-1.056409424	-1.815575175	-0.1253065129	-0.5829222948	1.393007487	0.07704524198	0.2004925982	0.5895702343	-1.687274172	-0.3432273508	0.2295145057	0.7363090986	-0.1181476505	-0.6038635732	0.02974988794	1.727921371	-0.7673341567	-0.8949759501	-0.6941966659	-0.5281532903	-0.5513582534	-0.03266743276	-0.440563972	0.3929052331	0.09631370744	-0.137281044	-0.03941474499	0.05074310136	-0.01285690767	-1.526308086	0.4539774172	-0.9739745681	0.1157334801	-0.6120645676	-0.2034835543	-0.9059527248	1.275873385	-0.3493387022	-1.586413418	1.406188268	0.2449868449	-0.6575163136	-0.9599011813	-0.3991227616	-0.9313403892	0.8046485861	-1.193153928	-0.5643163668	0.1286851213	0.3145260477	-0.3821936303	-0.1678379179	-1.02969482	0.2387541595	-0.6932172908	-0.3649395191	-0.8444384806	1.255601651	0.545049991	-1.205731743	0.4474766487	-0.2636341854	0.8498832174	-0.5066220483	-0.8036214804	0.4355348527	-0.2697123659	-0.9688994216	-1.28290892	-0.3122052325	0.03201556201	1.251117465	-0.2889020803	-0.2866062921	-1.583061693	-1.48553159	0.4847786248	-0.8888035896	-1.849050707	0.6287291483	0.2209373845	-0.1464067459	0.7161206969	-0.4645835465	-0.5598888938	0.141060624	0.2379896979	0.5178552877	-1.573702735	0.4335085567	0.6805090733	1.661273337	-0.8076418298	-1.132399183	-0.6105703353	0.653718642	0.9502625342	-0.7714107437	1.225464148	-0.07144809736	-1.690472791	0.2823170557	0.5252618891	0.9395440773	-0.9556386455	-0.01500136389	1.135778874	-0.1410864298
-0.9340653281	0.2709695988	-0.8722361805	1.021823628	-0.7867749786	-0.9348037999	-0.4451458419	0.6503434775	0.9700178067	-0.3059825139	-2.069365952	0.9123013424	-1.341821051	-0.5073063915	-1.895893211	0.4878029527	-0.09743480079	-0.9623966718	-1.255399349	-1.200823158	0.5729337135	-1.581641567	0.480020742	-0.7467243632	-1.104234439	-0.2604288193	-0.8581715969	1.15625483	-0.1785019494	0.2613717473	-0.5249481078	-0.3912849059	-0.5452029544	0.5571003252	-1.05832995	0.4606816679	-0.4325299489	0.262879427	-0.1573806085	0.2026569841	0.07916738203	1.858404155	0.1220590996	0.6950374037	2.183553906	0.3224157704	0.2914538538	0.4878926513	-0.03831640767	-0.562326043	-1.528049843	0.804071121	0.1960257349	-1.736357894	-1.608792299	-1.093500157	-0.1013323602	0.01393903933	-0.141443507	-0.1543036431	-1.475124264	-0.6839290933	0.6890543455	-0.1952199501	0.9403572499	2.127967029	0.9014139247	0.3039870834	0.4880675965	-0.1818881215	1.122298984	-0.01492900069	-0.8244256409	-0.6202307527	-0.4096267915	-0.3871773228	0.3143679804	-1.685994964	0.144164675	0.6104224902	0.6845410632	-0.6462255319	0.5269141891	1.546834738	-1.279302749	-2.104519089	0.1390224648	-0.5868347299	0.1575424668	1.803360459	-0.9286013998	0.3803087217	-0.1785107248	0.007790505152	-0.6194075118	0.5665622174	1.230188598	-0.696407734	0.6659412183	0.956635212	1.409759569	0.8741944565	0.04976153031	-0.2601938384	-3.1532683	1.1806713	0.1716326978	-0.393409843	0.2859128445	3.515745171	1.457302296	-0.06586395075	0.9794919164	-1.879363084	-0.2252551013	-0.3126097096	-0.8209658403	-1.542036006	0.1859751426	0.08646126041	-0.3469398014	1.375332763	1.290149112	0.3589301281	0.4602036103	-2.173831197	-0.05053362064	-1.059512864	-0.06678823893	0.3638203484	0.5960208402	1.286083475	-0.730721564	-0.6389597107	0.5064544117	-1.221438411	0.4625665988	0.5131354901	0.9675605673	-0.03946976484	-1.403324983	1.941040642	-0.07498960481	1.776407208	0.02766585045	-0.199986659	1.71979812	2.501107476	0.4986168518	0.7578864873	0.9551088735	-0.2549460627	-0.4455235056	1.520797984	-0.2732380123	1.413556284	-0.4363441424	0.08559843859	2.027153722	0.2486881664
1.414638899	-0.2581778748	-0.3185852315	-0.1792315817	1.654727011	-0.8585160141	1.795614779	0.3335947128	0.3532486255	-0.2933948242	-0.8895670938	0.3450742035	-1.414063612	-0.6534563106	-0.8021326988	0.9303115548	-0.7715248751	-0.1003674105	-0.805066294	0.3706587225	1.135089448	-0.92694329	0.4924197514	-0.3009201045	0.2177270952	0.7266185721	0.6770689971	0.1216285445	0.4455557265	-0.103728394	-0.01307081044	0.04268663796	-0.9332638946	-1.557842817	-0.2967205087	-0.4635882193	-1.622923963	2.313166611	-0.7356075408	0.6413216202	-0.2626132781	1.005851251	0.08853551367	-0.2665955503	-0.6114200411	-0.8385480027	0.359259804	0.2368439987	0.9172289158	-0.07277685538	1.637835587	0.63333433	-0.1144868397	-0.8276582173	-1.251535664	-0.873926281	0.007758123725	0.5856699507	-0.7397244837	-0.4483737149	-1.146715537	0.1789465665	0.6666694928	-0.7602104891	0.4705686277	-0.7881536197	0.6557797509	0.1447693512	-0.4169155823	-0.4078405405	-0.3722910344	-0.3406273653	-0.191817261	0.1991397476	-0.2339127701	0.825760042	0.3761822517	-0.01073842977	-0.9778529272	0.5412160005	-1.355316782	-0.5756317607	0.250368352	-0.5257164586	-0.04888825833	-1.517127145	0.5256865023	0.04638607274	0.5263953962	-0.1532814148	-0.3707439307	1.163394307	-0.06920656639	0.5820430154	-1.553391985	1.402010063	-0.6337810084	-0.2761578517	0.03296369974	0.6280404817	0.7266260104	-0.2698173753	-0.7502129902	0.161257078	-1.256970206	-0.2037181837	-0.5046267001	0.2040527519	0.9000626659	0.01129828232	1.086275205	-0.9649077782	0.4536536144	-0.5112842353	1.177829231	-0.6369446106	-1.23703333	0.6821829602	-0.190792534	-0.08137640902	-0.2484582504	-0.2517210721	0.139597274	0.6226651021	0.3369056318	-0.6541453905	-0.02936086491	-1.265749812	-0.2588709773	-0.4757995943	0.1385563273	1.511762419	1.163638094	0.5206539804	0.8187932736	-0.6177885705	0.03576071174	0.419973514	1.531217567	0.2836150095	-1.143273763	1.795280694	0.2324425051	0.7648631671	0.03663791826	-1.228841493	0.6672402221	-1.724075607	-0.07044219444	-0.1696127866	1.42606718	-0.2363987912	-0.447280944	1.073248004	0.02836853604	1.580159907	0.2472843306	-0.8434794895	-0.07080567612	-1.459116418
-0.7796759813	0.02431092525	-1.112251003	-0.5412433112	-0.7173273577	-0.8164341984	-0.541361595	-0.279381076	0.4945997897	-0.2685935472	-0.2047971917	0.684198304	-0.5147010058	-0.1258284698	-0.7106898616	-0.6051468316	-0.9274098198	0.252708793	0.4833034781	1.126117041	0.8674933395	0.1205267365	0.6801341248	-0.1577734206	-1.054017299	-0.02666133537	-2.808320607	-0.2754745501	0.9803037052	-0.2573065345	-0.3651829334	0.6746100018	0.5867067441	-0.4667752819	-0.4635761259	0.9216969083	1.273234264	-0.3434210387	-1.237081833	-0.1835512756	0.5440696784	1.960598931	-0.5642811165	-0.3952161193	-0.09392761913	0.2307937716	2.30368271	-0.2197313524	1.337200439	0.9493960038	0.4647798753	-0.01680956344	-0.5212897002	0.6651946164	-0.3491474185	-1.229929441	-0.4346137797	-0.2156976052	0.2238316115	-0.4348654046	-0.3322594861	-0.8762591494	0.4369978532	-0.1318887784	-0.3941939768	-0.2167447544	0.8857492747	-0.3454689468	-0.4279172263	0.5801833467	1.086112602	1.008007965	1.161281601	0.1632451825	-0.9623925625	-1.515866668	0.3854540521	1.264210632	0.001178118198	0.3608303329	-0.7552875437	-0.8847905249	0.4356114085	0.5709259521	-0.1372724763	-1.193051911	-0.3290752546	0.3764175789	1.22036793	0.1130804617	-0.2662000596	0.9273988037	1.159491298	0.05513461347	-0.6586872782	0.371350015	-0.2934363349	-0.1330100161	1.432685426	-0.3356355427	1.183281572	0.3135289667	-0.3654061079	-0.05533338645	-0.4709864833	1.262155857	0.2662569258	0.07546046869	-0.7363732988	0.5993341852	0.6166311297	-0.8173221789	-0.9779645013	0.1483674259	0.6220700597	-0.9000509019	-0.9666721713	0.1786583912	-0.7153899098	0.02513182348	0.2174899502	-0.08042927986	0.9923637599	-0.07527566558	0.9158157723	-0.04223783378	0.2022396325	-1.662171105	0.2991792455	0.2241777036	0.7165944117	1.726548794	-0.8519793795	-2.280701502	0.279778999	0.4797016137	0.2977485866	0.8619423649	1.325776809	-0.7399512126	-0.5206835941	1.404668769	0.5970313553	1.319656363	-0.3022011164	-0.3051001277	0.3226650681	-0.6131804193	-0.2802725302	-0.4212422839	0.5584611977	-0.1038699631	-0.8915140544	-0.5020946731	-0.3514609454	0.2348993223	0.3905115675	0.2986874796	-1.084297501	-0.771311622
-0.002850898363	0.206054658	2.293382008	1.590098404	-0.6797547341	-0.878807708	-0.4536648497	-0.5089382602	0.5402814668	-0.1872632535	0.3347934733	0.9917322838	-1.661800639	0.01643064326	-0.4438837009	-0.1650881946	-0.4364787599	-1.298246524	0.7009019013	1.393959046	1.264136753	0.6883411652	0.2806802593	-0.1757464608	-1.200036945	-0.5327356704	-1.715774964	0.3389433505	0.848356563	-0.6067543747	0.3352707494	0.6853728526	-0.4429617063	-0.858702054	-1.107522856	-0.9282417577	0.6492273746	-0.9556256181	-0.9741315435	-0.9567814155	0.3523139783	-1.069946982	0.02659738006	1.616458699	-0.2700851889	0.2132515648	-1.484675029	-0.6993177246	1.000834166	-0.5795505124	0.7746877506	-0.6028469671	0.7510461583	0.8880006537	0.2345803853	-1.225495421	-1.284749909	-0.6447282279	-0.1737698822	-1.540779284	0.1667414803	0.2080432277	0.4237796607	0.03688944143	0.4990102043	-1.171076308	0.6909915768	0.9330343748	0.4472878358	0.9799484096	0.2561994598	-1.14172543	1.411231218	-0.09024268537	-0.4490032321	-1.24827043	0.7578772365	-0.09509739554	0.7333897841	-0.5864428733	-0.4588850255	-1.740984776	-0.2895312277	0.6916207111	1.55998506	-0.6933968648	-0.2076512876	0.8405401119	-0.3992918246	0.3930597488	-1.134467591	0.5638565172	1.694882245	-0.740474366	-0.5727496236	-0.4351803751	0.654941623	0.8530376878	1.860453561	-0.3206233875	2.911957418	-0.3176974228	0.1854897456	1.751221912	-1.127559534	0.6042779186	-0.7534831955	-0.6617694443	0.9804169462	1.245191916	-0.01733270162	1.404150863	1.263761336	-0.2665774932	0.7056473234	-1.610667457	0.3946131066	2.065498488	-0.8263047294	-0.1481771926	0.3559658601	0.5104817469	3.038525511	-0.9730456759	1.025700071	-0.06839015141	1.036079104	-1.381196725	-0.6120914696	1.71027385	1.642439082	1.078363048	-1.202922612	-1.218432966	1.038723388	0.3689290083	1.295562623	2.332075246	1.193032002	-1.193534436	-0.7724047608	0.5731833626	0.2754642136	1.065112463	-0.6811909453	0.7788645116	1.89259328	0.1147969043	0.5902081875	-0.9766014902	3.394344943	-0.2225127873	-0.302215264	-0.6129437729	2.187343933	0.6372235629	1.334924838	1.217517094	-0.6113173641	0.06760448569
0.7379262069	-0.0137158564	-0.3494425659	-0.04802963741	1.815304417	0.1469939293	1.440183874	-0.1708836497	0.0589744057	0.7152045925	-0.04015462628	1.383584579	-1.103974209	2.13787834	-1.337431108	1.53027492	-1.089141335	-0.8211557973	-0.2755677814	1.259414626	1.923856281	0.9727042136	-0.5447010159	-0.6301563857	0.05219548563	-0.4694952412	0.2054569994	-0.3377138663	0.07202318208	-0.5664559858	0.8415381707	-1.396072611	-0.9865172037	-0.5359458289	-0.6802471582	-0.5606299614	-1.165437876	1.926562791	-0.7356503347	-1.629569235	-0.5682928823	-1.297471137	-0.3080664584	1.37572221	-1.311883663	0.3044492351	-0.4262941201	-0.9412537564	0.4594416555	-0.6970826948	0.3624319899	-0.2186352844	-1.12104911	0.566173696	1.069897956	0.7818117635	-0.7963049488	0.1853354782	-0.02096085808	-2.073502858	-0.8577343942	0.202455392	0.7252090152	0.7523069236	0.3841651798	-0.551171385	-0.2127927723	0.1537876358	-0.9397988023	0.7296974013	-0.1293900763	0.7258620589	0.797909879	0.09329296162	-0.8846378105	-0.4438196247	0.7551727197	-0.2791071886	-0.1758131723	-1.062992115	0.02181389346	-2.522843711	-1.12575435	-1.004604997	0.7101423671	-0.0008091350288	-0.06355151061	1.256253688	1.339970142	-0.2652969051	-0.9621219266	0.4090693484	-0.1907661494	-0.955875989	-1.446771213	-0.1896049523	-1.641039533	0.9416175185	0.5829529542	-0.1362103315	1.151166145	-0.1532143313	0.4559454238	0.2108611912	-1.219077608	-0.9758581698	-0.06946619687	-0.3683502353	0.8470339573	-0.02702527932	-0.9772910129	0.06542957767	0.02687590481	-0.4434359338	0.9954607215	0.310147198	-1.35178579	-0.2463460327	-1.37642375	0.3990589864	0.570397487	-0.443463942	1.133212516	-1.119857777	0.2893096069	-0.5635789132	-1.029401371	-1.287572099	0.7205645058	0.1954190268	0.2911919716	0.3677140074	0.5227804687	0.9812704507	1.048216173	-0.03217554232	-0.3874624263	0.2377345078	0.625049908	0.6950546883	-0.8197484332	-0.450897135	0.3819463027	0.5107231894	0.0699333811	0.09103894995	-0.3247751747	-0.8352802818	0.9759382993	-2.284072621	2.859449034	-0.2863241141	-1.471834848	0.0942806415	1.720456996	2.565012159	-1.02368593	-0.3618707994	-0.5588573033	-0.1507700846
-0.4300164518	-0.2715074941	-1.097047692	-1.034331084	-0.1917295398	0.05672201055	-0.3574644202	-0.1051653299	0.07703034011	0.2947763405	-0.6733182646	0.6844270998	-0.4170951677	-0.04020307101	-1.531513915	-0.05775139013	-1.501883403	-0.9005044969	-1.563686327	0.2404451093	0.2835260436	1.683922136	-1.194671986	-0.9603556502	-0.1387004581	-1.037886757	-1.064871306	0.1729180099	-0.4933994492	-0.738148904	-0.328380973	-1.117785025	0.5061617935	-0.2926442845	-0.2588026395	1.155695123	0.5684249674	-0.2903405326	-1.822928034	-1.772943864	0.9603596835	-0.58674851	-1.050029386	-0.4647790811	1.46274136	0.9057219038	0.7830746307	-1.472446296	-0.320427943	0.4698640043	-0.8011199804	-0.1660378585	-0.927419534	0.3528199954	1.618966415	0.2579560621	-0.929339552	-0.6808331197	-0.2083898525	-2.115281807	-1.373124496	-0.6027768523	0.4003872933	0.5210138406	0.02474402778	1.531956555	-0.1484717212	-0.6981920854	0.5746406799	0.07512937936	-0.03832734227	3.261828144	0.2376639657	-0.07934746005	-1.468772544	1.324200608	0.4148256123	0.801950095	0.1666172357	-0.6794642808	1.012236894	-2.121117604	-1.067371721	-1.529786356	0.1388173041	0.5844812218	-0.7529073963	0.7844814074	0.6941233398	1.484944903	-0.5353415089	-0.3008457986	-1.26779501	-0.4771685515	-1.14399301	0.2348267227	0.2424404143	-0.7850237809	1.833254019	0.2868327648	1.533262318	-0.2019801804	0.189774102	-0.678505685	-1.868079228	-1.963827855	-0.5815289856	-0.04597647429	0.7583742246	0.3568990651	-1.008167952	0.09565394696	-1.691302508	0.05363363682	0.1589065709	-0.8714211054	-2.215968445	-1.38091346	-0.9748235661	0.2813937307	0.2506726982	-0.1872388435	1.605598556	-1.561154153	0.4633652714	-0.6624842892	0.003274870042	0.1927809358	0.4021144668	0.2959086036	1.21406672	-0.3407156075	0.6402228585	-1.355704159	0.4112709794	-0.2049161544	1.06916586	-0.4139715077	0.659849816	-0.1050617962	-1.324685763	-0.6868570568	-0.3575674668	-1.123719855	-1.002231788	0.5523316072	0.4419703123	0.2730091242	0.26593896	-2.014811904	1.214429745	0.07027165051	-1.885470627	-0.1589708415	0.7012185352	1.316708675	-2.196582412	0.08924316602	-0.2225078342	0.4015165093
-1.458885471	0.07719440613	-0.7282363863	1.60481944	-0.5900704949	0.1868720753	-1.111979494	0.1522966543	0.5187384087	0.134092595	-0.6371217591	0.08914146804	-0.8749846948	-1.308598002	-1.610711511	0.5807675585	-1.138119894	-1.348976472	-1.956189794	0.2564152496	0.433332785	1.804710368	-1.201463282	-0.96905783	-1.170251514	-1.276383423	0.9633068076	0.9781709154	-1.508264343	-0.6323503834	-0.957516968	-0.2129350937	-1.356810432	-0.1847853359	-0.9513359216	-1.300834317	-0.2169745116	-0.672894784	-0.969982182	-1.836543317	-0.7533870868	0.3520965007	-0.2911776008	-0.09415072521	1.955486015	0.1052946928	0.08777999442	-1.529812847	-0.3628633933	0.8892595409	-0.7394809681	-0.01404551507	1.3685058	-0.3399914731	1.790818196	-0.9752414464	-0.7769201305	0.03108659018	-0.221331828	-2.106196991	-0.6932040772	0.2182442257	0.4146660769	-0.5126934239	-0.4428070928	1.449856186	-0.2564260562	-0.6597128257	1.825142134	-0.3607256545	0.5184524416	-0.96718213	-0.2025422509	-0.9075858562	-1.148013434	0.2136006668	0.5755991652	-0.3030044647	-0.1818708624	-0.02357514057	0.216216795	-1.927247887	-0.8776050246	1.338548976	-1.390910921	0.9348551647	0.3268946406	0.8061906196	0.06459629054	1.66855449	-0.7030244118	0.9899194231	-1.223428604	-0.8858852511	-0.9999527156	0.9894437134	1.23828811	-0.6555732324	-0.007992530256	1.083321942	1.183337939	-0.5087663862	0.3727810601	0.2117044109	-1.91424255	-1.362456709	-0.9373061747	-0.421711701	0.5673194601	0.1437873974	-0.07146435275	0.5577273386	-0.8822019174	-0.08999185678	0.07487986876	-0.8476197341	-0.3509107589	0.1091735145	-0.4812137285	1.133325828	-0.02838215128	1.289806232	1.59187914	-1.480627651	0.6991519256	-0.1776507274	1.334203711	0.2823927372	-0.2994410812	0.5162752888	0.4144312501	-0.8490212226	-1.244634558	0.6020738588	0.2463437845	-0.4969302406	0.97025771	1.488037953	0.7034873857	-0.6141189517	-1.186239894	-0.573931144	-0.2696975547	0.2907321294	-0.6638968978	0.1821414567	0.7913500168	0.1068418799	0.1761543613	-0.2738668847	0.5500494131	0.3397887409	-0.2482928613	1.103045551	-1.106966899	0.6711854885	-1.583600251	-0.1497355689	0.1576791723	0.1369627506
1.248238279	-0.2924804564	1.068246182	0.1556755195	1.859000978	0.6829192588	-1.207344901	0.6904263551	0.1496751616	0.847315092	-0.4726877916	-0.1220121658	-1.68858037	-1.382737325	-1.274310276	0.4237152582	-0.8594128786	-0.5298874948	-1.911352822	0.5341482818	1.538907843	1.701753201	-0.9249235367	-0.9647657887	0.9974376594	-0.5705194172	0.2302348439	-0.1991079271	-1.525775564	0.3554332201	-0.08627658091	-0.4363586711	-0.481400192	-0.7522277475	-0.4364412272	-0.4862612718	-1.276576062	0.800895184	-0.7761208726	-1.990246232	-0.8859986989	-0.4174414187	2.414295637	-1.045341361	0.008792836098	-0.5762973111	-1.230242439	-1.105243371	0.0008466233066	0.6295889396	0.8873745575	0.078868913	-0.1994329419	-0.06086343558	2.209764915	-1.033867122	0.3006999968	0.3567744334	0.9211360622	-1.834957875	-0.2107760769	-0.2239148476	0.3297976125	-0.5565800053	-0.09351155822	0.4133678448	-0.3133960031	-1.827962479	-1.100889724	-0.9134357385	-1.363860962	-1.305632842	0.2639593645	-0.3732184768	-0.7910042589	-1.155133742	0.467132464	0.1146271672	0.6907388129	0.4181134782	-1.278256394	-1.977039062	-1.49585539	-0.1048866307	0.9428986887	1.579052631	-0.5047237001	0.4921343844	-0.03886300908	-0.1546167193	-0.6270415429	0.6401850208	-0.974585285	-0.1543241077	-0.9534000782	1.507321151	0.2181373054	-0.2071002938	-0.3587637054	0.4381366277	0.5564155636	-1.450981933	0.7383829477	0.258224235	-1.439752445	-0.7283006238	-0.7177982825	0.07282074065	1.15742113	-1.025627626	-0.01019335423	-0.1586115941	0.3178353968	0.2924279572	0.3429576119	0.9871813941	-0.1491242224	1.251192678	-1.318352276	0.4927362484	-0.04309131041	0.6231156315	0.4460835929	-0.6105092417	-0.09285618806	-0.7194915178	-1.131550575	0.2344313868	-0.7181646757	-0.09431674428	0.4077810222	0.2210654645	-0.2711650526	1.04808918	0.5116151073	-0.2771755646	0.8207631304	0.6520929912	0.6978456285	-0.01189966771	-1.372858987	0.664114772	-1.726106579	-0.3339977967	0.2042879967	-0.1609462627	-0.4492231189	-1.248136681	-1.16561052	-0.9107293616	-0.146112091	-1.252690496	0.1916223089	1.048654708	-0.9791867693	0.6403857743	-0.8712471813	-0.9625967607	-0.8847315644	-0.9474287578
-0.1718219614	-0.2738980248	-0.6388504613	-1.430342719	-0.06282757632	0.9537114932	0.5713869134	-0.02710236473	0.4798667507	1.352122316	-0.800173261	0.6366011747	-0.7628261748	0.7873670059	-1.238929229	0.4751891025	-0.507780572	-0.4376135635	-0.9406710993	0.791538332	0.4303150679	1.81448663	-0.9654523723	-0.6871668686	0.09410425355	0.0740793059	0.2862100616	-1.754046677	-0.9363076042	-0.2818723718	-0.5503405345	-1.004760017	1.829600935	-1.835815366	-0.602854246	1.051506805	0.3572217235	-0.9823245393	-2.355633058	-1.942355861	0.8364626193	-0.6637349165	0.9171215632	-1.406111057	0.5269553205	0.3790282727	-0.8104037315	-0.931855556	0.2025687738	-0.583411402	0.319800219	0.782274431	0.3073653175	-0.0350090221	2.119914574	-1.091524076	0.241361633	-0.1021604229	-0.3574927522	-1.50654602	0.4617296466	-1.428863784	-0.04050482839	-0.4021874577	0.1073619334	0.01257004033	-0.4943907709	-0.692288059	-0.6789428541	-0.2691150509	-0.1242278516	-0.9489772869	0.5623062556	-0.7870093951	-0.8324327011	0.4646613727	0.3621124567	1.641324811	1.044558152	-0.1660308351	0.3617375286	-2.099343617	-1.77235739	-0.4245464451	-0.7714831481	2.124035304	-0.6568389627	0.4542967687	-1.524721026	0.9787022304	-0.6631176383	0.6564816105	-0.7026399041	-0.3059723581	-1.322953942	0.1632000015	0.5871119289	-0.2761820912	1.44451182	-0.8991179145	0.4601254363	-1.961410928	1.005860506	-0.7302583834	-1.231497336	-1.646112577	1.236257293	0.1027962751	-0.6121483443	-1.073997271	-0.06770514963	0.09874862069	-1.091403256	-0.02761930447	0.4260616346	0.4147098308	0.156459524	0.1321298007	-0.8710315885	-0.03702116487	-0.6168047552	-0.1949537926	1.131603757	-0.5919947802	0.1346227505	-0.5210995524	-1.446554137	-0.3032204106	-0.1448120549	0.9150230604	-0.4035812124	0.04545003622	-0.1884900093	0.9457664146	1.190979323	1.060768187	0.002932923586	-0.02053153752	0.2277087551	0.5614006521	-1.403464927	0.5099274576	-2.154936111	0.5616266605	-1.170864199	0.006564724448	-0.8788111646	-0.4020288191	-0.175279048	-0.4206867715	0.5026358773	-0.8154646821	-1.063190292	-0.4133769506	0.4680832189	-1.161424533	-0.2606220383	-0.4264261749	0.2371059567	-0.6962165421
-0.9830265861	0.183829353	-1.253169636	0.5506441114	-1.142725941	1.395670701	-1.386686419	-0.6595542964	0.7631211385	1.312265339	-0.5364098604	0.7380884248	-0.2672014122	-1.213135181	-1.088497332	0.5809902951	0.1396801161	-0.2859408097	-0.6122075	1.160321412	0.8988673734	1.574279809	-1.302387981	-0.5348087077	-1.133647086	0.4287420699	0.715500081	0.2869409263	-1.267654615	-0.4526859428	-0.4030084113	-1.038237333	-1.115373334	-0.6581972986	-1.016226115	-0.5803966329	0.2236975641	-0.4051350953	-0.1352709552	-1.765269877	-0.8169297031	0.7380557018	-0.6761301374	-0.5580625967	-0.8779890981	-0.2705427148	0.477089754	-1.544095523	0.8758554038	0.3992293149	0.3489473805	1.012451577	2.140725291	0.04109012916	1.95337283	-1.516920544	0.5994012344	1.196565098	-0.8356934895	-1.410326893	0.4691616311	-0.7922061212	0.1109432216	-0.5811146018	-0.2104173511	1.371106348	-0.2506943289	-0.6857889043	1.150342713	0.4946598385	1.909174187	-0.01822462552	0.6699332713	-1.078203709	-0.2233177974	0.226762525	0.3646322545	-0.3931152643	-0.4357695377	-0.6513842213	-0.1000567853	-2.191764971	-1.597924953	1.781392458	-2.638661676	2.085938253	0.2837704601	0.5936498469	-1.273644125	0.267465269	-1.115512929	1.931928754	-0.1194044483	-0.6053422132	-1.573553282	1.326406053	0.6474199827	-0.4624848324	0.2756333121	0.4158499871	1.25163853	-1.140369637	0.3280524505	0.4565075877	-0.2034525018	-1.08168577	-0.4537991854	-0.8904783004	0.5327151847	-0.8579341323	-0.1713608612	-0.6060900981	-0.08975196762	-0.5720204627	0.4602021736	0.5553612742	1.022222089	-0.5346031951	-0.1394174803	1.124983914	-0.2541033412	2.883855203	-0.2445950751	-1.591402899	0.6450775377	0.2518361677	-0.117624902	-0.9909598231	0.3844853843	0.8559767309	-1.11073041	-0.7965016491	-0.7657517923	1.290005286	0.385549027	0.8829935026	0.2706499174	0.3836002614	-0.3170982219	0.8288414024	-1.814211151	1.580816491	-2.441954662	1.643503656	0.3288139479	0.1911266738	0.2660291515	-0.8210023168	0.660864956	0.3148463516	-0.3911399286	-0.5896369409	0.3369026923	0.7343545851	0.2782649315	-0.4510053906	-0.404249096	0.4125127455	1.855475704	0.3182729614
1.890639906	-0.05996636066	1.484485302	1.281897979	-0.7106822898	1.565842244	-0.9110963458	0.2280270232	0.2099011652	1.472477587	-0.1029882074	0.7431978694	-2.15754787	-0.8782226008	-1.589075916	-0.2007079092	0.004200020824	0.2340217408	-1.055045395	1.400586104	0.7666595734	0.8723580045	-0.9469567836	-0.5584558597	-1.080350918	0.7675651746	-0.3170375591	0.2268294297	-0.923544627	2.277119808	0.1643874656	-0.6105614635	-1.110239636	-0.07925585413	-0.5889476916	-1.437803553	-0.6060103729	0.08902692198	-1.143991243	-1.61158831	0.07507390374	-0.5107413597	0.7710459855	0.1000086486	-0.1264131297	-0.2505692365	-1.441895185	-1.390507319	1.147742546	-0.001333052391	-0.4364761488	0.7675130633	-0.8560502202	0.5820934338	1.726077526	-1.049133681	1.65748226	-0.06990955736	1.511023265	-0.8037357911	0.4945381333	-0.4959059895	-0.1757442572	-0.1267050706	-0.2613073699	0.6400497586	0.2689605815	0.7674535911	-1.128198679	0.5951990101	-0.477704625	-1.303643673	0.4414713413	-0.7888098284	-0.02231029777	-1.759909962	0.09737418706	0.1313675564	0.2082435064	-1.118675676	-1.188335363	-1.54306836	-1.434655706	0.1062402028	1.154434682	1.441594403	-1.069255628	0.4709752797	0.1077390965	-0.2224029159	-0.9279348214	0.3355357838	-0.8220211278	-0.2786351176	-1.256251879	1.512612214	-0.7412421631	1.8499904	1.317930202	-0.3882028658	1.204993413	-0.9309951294	0.856117646	-0.345776163	-1.470972535	-1.289567559	-1.211905212	-0.8832779101	0.3794914621	0.8966419241	-0.4004526811	-0.3551254098	0.3848955705	0.8197306252	-1.072734348	1.035462577	-0.09109048048	0.8030005777	-0.9842458517	1.489233675	0.4413329285	0.8334669235	0.08228239685	-2.80604789	0.118578087	-1.228684209	-1.217412353	0.6813771426	1.187438843	0.5362863521	-0.62803212	-1.2235173	0.4563129871	-0.1728870665	-0.57201273	0.7366507675	1.190772399	0.4538181884	-1.11643374	0.02035022808	-1.956107963	1.878275915	-1.75857818	-0.1266792271	0.4643107425	0.299451299	0.9842110367	-0.08306347799	-0.2481883641	-0.3332143384	-0.3107893825	-0.8038676105	0.4854769237	-0.5096045092	0.5885065806	0.6110621447	-1.507040927	0.7063721951	0.5151040139	-0.1037698437
0.04868650003	0.3452838731	-0.3435055268	0.02478074562	0.808281818	1.40870706	1.050694551	-0.02129842687	0.1746268334	2.070493356	-0.1603129194	1.375540168	-2.220665682	1.347093565	-1.933534306	1.10570002	-0.3878932882	-0.3306192319	-0.939922849	1.538892072	-0.2973366156	-0.06310708479	-0.8602595441	-0.79930629	0.6337684766	1.228577681	0.5956552545	-1.025375093	-0.7632537773	0.03720336218	-0.7249539135	-0.4531455171	-1.071086905	-1.176113458	-0.3252443359	-0.9202385768	-0.1903536598	0.3460830016	-1.815845675	-1.431627887	3.215361236	-0.2230996107	-1.405965086	-0.3346883116	1.317448406	1.294596754	-0.3407609022	-1.882367638	0.7324950885	-0.7372753755	-0.3968388809	0.9712450543	-0.2650323995	-0.02644011225	1.368434784	-0.5639080786	1.093105017	-0.4150037345	0.7729666432	-1.023128187	0.694880225	-0.3309139837	-0.2956216477	-0.529046008	-1.960146508	2.730161393	0.154773184	0.9031344749	0.6023530937	0.7197937629	1.184942225	-1.216876348	-0.01657422511	-0.7293666476	0.008321395851	-1.382365688	0.3654184624	-2.059481202	1.18093859	-0.563615901	2.204609607	-1.364355669	-1.319338161	-1.026065895	-0.572311425	0.1025115428	-1.011708106	0.5029179635	-1.892636937	0.9193871817	-0.9736752002	-0.8083928191	-0.6413909504	-1.829990008	-2.317868755	-0.5064012952	-1.658512066	2.513979742	1.165256867	-1.948787998	0.9230208432	-0.3020696316	1.436465078	-1.124088763	-1.561625078	-2.946747732	1.156365945	-0.4727694012	-0.7495257226	1.00431291	-0.09609656236	1.512100459	-1.03553893	0.9351011782	-1.161865022	-0.06869127683	-0.07372401915	-0.09497417138	-0.3117057825	1.753096756	0.1315125041	-0.9653290696	2.209979753	-2.880559217	0.2146452929	-2.25336061	-0.9953017946	0.759606945	1.45037544	2.502566155	0.2956119391	-1.270474994	0.4072492205	0.2117462768	0.1685212093	0.9594180646	-0.818596354	1.079224695	-0.553687674	0.01381794933	-1.881218211	1.736100079	-0.4308521804	-0.5433957633	-0.7541479975	0.2487243668	1.58324852	-0.1922463221	1.06089533	-1.257615909	1.37349571	-1.794335592	-0.7849240733	-1.869288953	3.399515719	0.9051781596	-0.1264034119	0.5130642436	0.3700872626	-0.3820055382
-0.8361065006	0.6960168675	0.5673558812	0.4236877607	-1.007996034	1.137364921	-0.9072487664	0.8479426544	0.4297669733	1.345818442	-0.1119649453	1.424709558	-2.615296191	-1.483184188	-1.668296854	1.286245222	-0.0848653721	-1.080184646	-0.8673882963	1.699416762	0.5198939219	-0.4165636698	-0.7462545927	0.05488636641	-0.7579963918	1.650452858	0.8563581344	-1.474827014	0.0419393578	-1.067479868	-0.500762183	0.5950589268	-0.06655655577	0.007137473606	0.613414227	0.6105961566	-0.6396277915	1.035815299	0.2902180932	-0.9944323716	-0.4902843699	0.5000880065	1.908284039	-2.125776366	0.6044886043	1.087897361	1.542707675	-1.943022026	1.531290225	-1.556521643	0.1664717666	0.7704196907	0.2827160905	0.5194440363	1.299423167	-1.006686297	0.1965454516	0.5811784723	0.1690100308	-0.8056094556	0.4724946379	0.1910052474	-0.04019251956	-0.6329808676	-0.6371002879	0.7594648801	0.2567568625	2.519882935	2.507965979	1.244003759	1.785051182	0.8536550985	0.3651840797	-0.2476663377	1.396474154	-0.3119311697	0.2716916173	-0.02458341553	-1.384808342	0.2625372424	1.363351538	0.1170822953	-0.8338175246	-2.919297794	-2.190272613	0.7940403447	-1.255717312	0.4382406063	-0.2143979472	0.1003664902	-0.3799190355	-1.112172052	0.07383403711	-1.53140606	-0.8664962547	-0.8834768543	-0.3571924293	1.045048278	-0.764645318	0.105720971	1.276898704	0.7528268172	1.064584471	0.2503468486	-1.900293115	-0.3949796894	0.3117811711	-0.3058000575	0.04311520549	1.577581159	0.6929471925	1.305478863	-0.8946052568	-0.6090347249	-1.145776574	0.32286412	0.403945684	0.9439631991	0.3441709071	2.883498652	0.2072106435	1.162885666	0.8455457033	-1.298693291	0.6942737289	-0.6463726975	0.2354138362	1.090294224	0.5727219949	1.278429193	1.313351421	-2.097356009	1.216374913	0.1423025433	1.028712442	0.4487998905	-0.06842272546	1.210153177	-0.6051334467	0.2116063106	-1.978182972	0.940841936	-0.5761242696	-0.08341882941	0.2148932047	0.5054801066	1.918909408	-0.05859208277	0.9240398452	-0.4143919817	1.61034714	-0.6478734432	-0.92736072	-0.6209427974	1.218961101	1.35012753	-0.5664052487	0.4117119629	1.288402886	-0.5481995596
-1.255851975	0.1659901968	-0.4998512955	-0.2998842788	-0.8594647479	0.9430888108	0.4373380219	1.327346102	0.3440331106	1.308780138	-1.1199079	1.982801077	-3.344918505	-0.08922552275	-1.457337017	0.6203425888	0.560198275	-0.5846459065	0.3585717571	1.740119145	1.628132946	0.4727765807	-0.2408818633	1.72105022	-0.377359617	1.655666006	-2.11324364	0.4055753884	1.412662932	1.117316611	0.2396086357	2.062977968	0.4485100832	-0.6843526744	1.052772938	0.2462886128	-1.553929645	0.23090164	-2.868272219	-0.3333041301	0.04540603704	-0.9140546437	2.122273968	-2.356664143	0.8916329931	0.07749472679	1.397893625	-1.195704355	1.475254768	-0.7751020946	-0.2150955156	0.1514986897	-0.8685419833	1.322170855	0.7718905012	-0.4729027201	1.316997562	-1.298138195	-1.157195884	0.861254467	0.5996203799	-0.2078439452	-0.2979822322	0.6074108308	-1.272900204	1.099431601	0.9494708823	-1.341687545	-0.06222197783	2.192376488	2.457374648	1.286618811	1.892802505	1.371973897	1.299138883	-1.482957945	0.06389551328	0.6882064491	0.02950510548	0.2519341344	1.42677968	0.9651093086	0.499325114	1.008695914	0.6243556949	0.534320985	-0.1591684336	0.585328485	1.338762771	0.7563417902	0.03762804541	0.07116727784	0.125642106	-1.467295658	0.6437450849	0.3246066224	0.7799524359	1.282253819	1.636195834	1.171819271	2.42962001	1.244925472	1.187689618	1.022778222	-2.330751776	2.71625154	1.627912807	-0.2731865789	1.14187362	0.1769459878	0.9575066832	-0.2086628606	-0.3436853995	-0.2084938116	-0.3449635134	0.05935917038	0.2072957615	2.329059011	1.325300378	1.614578667	0.9097642651	1.125758333	-0.1215266594	-1.800979447	0.6602877502	-0.9956822742	-1.236619571	0.01010999513	-0.6742808239	1.679442491	2.602180621	-1.098867859	-1.770936146	-2.237543701	-0.4014017448	-0.2080287563	1.388648464	0.1458575805	1.048317788	1.252506772	-1.144062564	2.026304667	-3.072510555	0.5863164677	1.383106077	0.8102792127	1.799606613	-1.441240944	0.9752718732	0.6776861938	-0.4128951893	-0.3193698685	-1.60188749	1.687215604	1.214755827	0.1834869872	1.103852765	-0.2195032358	2.413804074	-0.829394593
1.069419428	-0.01622930429	1.119648064	-0.2335276296	0.953051137	1.62550066	2.410657148	0.660401963	0.5370239026	1.732765416	-0.4772658288	2.370872544	-1.568758789	-0.8894376745	-0.6709972343	0.04863185135	0.962145988	-1.248083704	0.9206878186	1.336470003	0.2264020239	1.127202294	-0.7431032553	2.151370193	3.273735579	0.6778774575	0.5585353931	0.8938474972	1.618123337	-0.9354433368	0.9369680572	2.212507828	-1.301391413	-0.7527550957	1.834607366	-0.0736963279	-0.4063015739	1.040350925	-2.304377885	-0.4588727459	-0.7689963407	-0.3298777222	-1.212384665	-0.9519961836	-0.1179290768	-0.01587687041	-1.344576873	0.001522132774	1.496024991	1.845767125	-0.688098927	0.7861740982	0.08274710441	1.666644818	0.6874891343	0.1070611375	1.448467138	-0.8676230004	0.008054273897	0.5723904475	0.7206386647	0.3232333822	-0.0759481291	1.932463588	0.3570207414	0.7991504443	-0.006899753323	0.1154295581	0.29281439	2.69593779	0.102840689	-1.285987135	1.37478151	0.5831800274	0.8418264832	0.01566128665	0.3569641395	0.379273564	1.19332181	0.1418299917	-0.7923317375	0.2613520232	2.346178251	0.4660203618	1.112414921	0.7642770093	0.6200365007	0.2417004324	1.401296519	-0.2121587578	-1.555569667	0.7187546884	1.756916713	-0.8618599005	0.8788205202	1.742257651	0.2743707709	-0.7188265815	0.6061946311	0.3890622568	1.700242153	1.295802783	0.2206337935	1.481183105	-0.7146208767	2.026547757	1.274855234	-0.2389266241	2.340773257	-0.4812755849	0.7839966078	1.738740726	-0.9988604535	-0.8403488995	-0.2636490792	0.1584040493	0.2050990307	-0.2851420042	1.697594475	-0.5035886303	1.475367926	0.7097883622	-0.02540723018	-0.9603101886	1.162425293	0.673750288	-0.557879945	0.07209983799	-0.6092906031	0.5149102718	0.7386741818	-0.197919353	-1.187074585	-0.3782089209	1.111792814	-0.8046215437	1.731912922	-0.4907980664	1.595461263	0.6376919563	0.426201619	2.26244871	-0.8498510914	0.2145759841	-0.07274373421	0.08784458978	0.695783214	-2.45427243	1.056928208	0.04012034133	0.8864506919	-0.4793556481	1.022080791	0.4823356208	1.589533515	-0.3407730469	2.203862874	-1.724148974	2.822056373	0.1507163605
-0.05475047271	-0.388373988	-0.5440655242	-1.041001373	-0.2645529975	1.473575612	1.116169692	0.280710783	0.1383371788	2.336557317	0.164478518	1.708727606	0.05257242891	0.9934140946	0.3797999585	0.7548898823	0.08749493708	-0.210750107	0.6613400888	0.06117264713	0.2890695512	0.8079732069	-1.283392293	1.394855006	1.21905825	0.2698721427	0.8240789012	-0.1704965662	1.016502475	-0.3223736318	0.9614402666	0.1927392142	1.346526551	-0.4450100232	1.965817963	2.907630198	0.8499643722	0.55845715	-0.5007914799	-0.5793658907	1.007531526	0.3335564306	0.2538781834	1.09196432	-1.1010035	0.3864247809	-0.5253831668	0.4604649356	1.671143161	0.9874282248	1.311816069	0.9191795246	-1.075252392	0.8436397131	1.064136037	2.021630409	1.10402399	0.4475060143	0.6436783116	-1.204827808	0.3564929296	-1.234267862	-0.03357526767	2.072764742	-0.2275217425	1.298217215	-0.9612401558	0.6335389058	-0.503089138	3.522924972	-0.7791054264	-0.467124499	-0.02331816111	-0.3441675841	0.7694504655	1.213853513	0.1980657297	1.039513566	0.8439526912	-0.3623626989	-1.388056726	-0.2577974954	2.148492166	-1.656861477	0.4567262751	1.451023618	0.7171481205	-0.1081858917	-0.6767263156	0.1233582511	-0.6797147704	-0.4511737004	2.10419952	-0.3531263981	0.08601722347	0.3878674348	-0.5399773035	-0.8550052603	0.9840737342	0.3475787495	-0.3637960154	0.9007836778	-1.285768654	-0.01658156962	0.2459351064	0.5194609764	2.663258074	-0.2358751557	0.1580105959	0.2630620576	1.081781736	0.85713667	-1.12899126	1.357796266	-0.9732302	1.433153212	-0.8064456311	-2.656114535	1.082494841	-0.6886162846	0.6267146657	-0.4279818683	0.4636232551	0.6673621768	1.165156628	1.459289879	-0.8591524898	1.193287433	1.019281111	-0.535921169	-0.9113906106	0.1506849718	0.7322138291	-0.5796274504	1.840779299	-0.4804621223	-0.07988083234	-0.4813034395	0.2140098124	1.410479587	1.123511472	0.1079650526	0.6691212389	0.422203362	-1.216797494	-0.06188828628	0.432565305	0.3996830299	0.6523242012	0.1824318821	-1.420563686	-0.7718386736	0.9638832	1.116191366	-0.6150922634	-1.081973986	0.240757048	-2.047185261	1.728799412	1.425404166
-0.7243499489	0.2914530019	-0.6688801204	-1.247569801	-0.6510198552	0.4163705494	-0.3785330854	-0.09724010476	0.2050456893	1.921017048	-0.3903427797	0.8651163871	-0.1528072854	-0.7314618625	-0.5312205997	-1.06511386	-0.4719902748	0.3765123374	-0.01299530441	-0.1752167487	0.07034734187	1.040455689	-1.58109025	0.6647067127	-1.09883238	-0.7773116719	-1.987069059	2.292188905	0.4066040574	0.882178479	0.5744002898	-0.5732063838	-0.8994425565	0.5259747374	0.3506893764	0.5161444695	1.755093636	-1.122350361	-0.5429591419	-1.213908324	-0.009352078454	2.685222869	0.3206241932	1.10369635	0.2501171983	0.3956607898	1.140726456	0.2263625634	0.5567412038	0.9685699239	0.4124032253	0.1144592946	0.4085049553	-0.06513098894	1.32664584	2.587126746	0.4727544634	-0.006931604373	0.03082768892	-1.793345143	-0.06997397458	-0.7244170905	-0.1708907203	1.013413594	0.3182090503	0.3584311477	-0.7487368753	0.9899315837	-0.06153185284	2.623688354	0.74464993	-0.1104692951	-0.6185739345	-1.141881024	-0.1895872256	-1.8364642	-0.249729856	1.821561718	0.3098859301	-0.72016634	-0.5772928869	-1.338538331	1.868062221	-0.1898130581	-0.5597482231	0.09526965459	-0.6648928371	-0.5733342674	-0.3961245476	0.4242906144	0.06574669197	0.01057889466	0.7932127818	-0.9703805343	-0.6960897027	-0.4361342555	0.005813303868	0.9029861127	-0.5476373434	-0.6566662554	0.2797748576	1.149376057	-0.7996375172	0.1834060593	-0.8510522252	0.338008933	0.3819125826	-0.5491232068	-0.5236990526	0.7626072146	0.5243667728	0.0711028884	-0.6016443037	0.5128040749	-0.2997569022	-0.3677030468	-0.5676042069	-0.9025641114	-0.05356226111	0.3956193882	0.1854050235	-0.9046354613	-0.105190771	-0.864990768	1.352576757	-0.5585021372	-0.409877628	-0.5285541885	0.3393407225	0.8849683111	-0.5020068229	0.7988075752	-0.8818577801	-2.426094194	-0.6284178906	-0.4483440044	-0.2300954763	0.6501249377	-0.5933069451	-0.5257982384	-0.726579493	-0.6995606107	0.9392300694	1.144174101	-0.7491919351	0.4167916695	0.3103443537	0.7984353854	1.497895066	-0.2362968348	-1.477047702	-0.9313933477	-0.8156798964	0.5447938538	-0.9969233077	0.5164304569	-0.3648922544	-0.7992129625	-0.04523075151	-0.5563194849
0.1686920905	0.470915725	2.356343412	0.9539637263	-0.8505726592	-0.09569716979	-0.5760501751	-0.1196735746	0.34721546	1.64920671	0.09770240852	-0.3827555682	-1.293940193	-0.9570161746	-0.405055379	-0.7699957154	-0.9730420712	-1.154871884	-0.7764700065	-0.5696527933	-0.5387955614	1.005798856	-1.485405439	0.06819982319	-0.735404742	-1.117749542	-0.1156034467	0.09064148602	0.04718211653	0.7362401956	-0.0348638465	-0.3124200685	-1.658225649	0.1736438308	-0.7044280846	-1.418402952	0.8453220724	-0.1575324218	-0.7368721464	-2.119182256	-0.3278905174	-1.013463714	-0.5356910495	0.5982902292	0.6580324217	0.3759364267	-1.465167244	-0.3241715679	-0.6735793921	-0.7642345974	-0.1060714323	-0.8162151121	-0.4253658773	-0.01512995668	1.079331408	1.763182723	-0.690756925	0.1650663244	0.3122113898	-2.134151295	-0.4741184569	0.08284851457	-0.4177189468	-0.1948767268	0.5571010572	-0.07679865912	-0.281465417	1.786462114	-0.6393232725	0.6922543964	-0.02209690107	-0.933529608	-1.349016232	-1.288178348	-0.4856072262	-1.633770206	-0.2268270583	1.043026753	-0.03545534254	-0.5141451381	-1.271929462	-1.92918733	0.6021754996	0.5120767192	1.425817381	-0.1388193094	-0.9776847297	-0.8040816096	0.1065004439	-0.647390151	0.1554223128	0.1555726689	0.228380906	-0.572219094	-1.123413639	-1.042417843	0.4552061533	0.6205324305	-0.2031939738	-0.1680870232	1.164351773	-0.1658232196	-0.5065488092	0.6630655002	-1.277303302	-0.884651769	-0.9315236333	-0.3674487303	-0.7426546559	0.9703543725	0.5231069118	-0.211029638	1.225539685	0.1373694342	0.02824025742	-0.9820991751	1.375664859	1.449041317	-0.8185542438	0.9490766547	-0.5847859196	-0.3959434613	-0.03145745617	-1.647588943	0.9672068551	-1.236234902	-0.4249346606	0.4457674295	-0.8426070017	1.571044985	-0.5231414483	1.466330867	-1.915253531	-0.2540603815	-0.7096249079	-0.6042176642	1.817902479	1.246596769	-0.911040968	-0.4240996828	-0.85783042	-1.007711125	1.00013416	0.384686421	-1.393292699	1.339214766	1.322583494	1.914277742	0.8736000887	-0.2957069056	0.4912593478	-0.1700090124	0.566348922	-0.3368740502	-1.009280131	-0.5255139854	1.105936609	-0.6963202725	-0.3887051282	-2.170720151
-0.5163957888	-0.4162285421	-0.3724234985	-1.427283949	0.4779053253	-0.2316908467	0.9053273168	-0.3706188523	-0.03970017524	1.892703033	0.7340703333	-0.9172636504	-0.7016298255	1.053394379	-0.08138462204	1.680915106	-1.04950312	0.01396820591	-0.9064902602	-0.8018771606	1.261490624	0.6951916019	-0.5872256916	-0.5654701206	1.058738263	-1.45312322	0.7416812179	-1.680810261	-0.2417193163	0.4170741626	-0.6651615879	-0.03327891773	0.08942542968	-0.5638752848	-0.05643265481	-1.465098852	-0.1350477009	-0.2943632672	-0.7894130435	-2.070680209	1.998904622	0.1748915995	-0.2912230357	-0.07907503189	-1.379572395	-0.3991541098	-0.4020492485	-0.9032142634	-0.9241393945	-0.7703857135	1.70738312	-0.4155099224	-0.3663033256	0.2283099053	1.030537153	0.6116100627	-0.09299875814	1.088582309	-0.05197605557	-2.427150635	-1.207144747	0.164680205	-0.298046932	-0.8745025972	-1.0894048	0.1466926837	-0.7897338172	0.04469697196	0.3152759934	-0.5159575887	0.4581758899	-0.4662252357	-0.9434677491	-0.7777748161	-0.04927296334	0.2274061805	-0.09049564116	0.1139026698	-0.465009512	0.0711115223	0.2015249416	-1.380853694	-1.009791009	-0.8270778813	-0.1396872085	-0.4431516383	0.0815911466	-0.5363172891	-1.684629023	-0.7312589171	0.2358553351	0.4775710187	-0.5131410752	-0.4618064137	-1.759285793	-0.6925998419	-1.893059387	0.1945861519	-0.4903757938	0.9712872507	-1.212812267	0.06941213464	-0.7712170905	-0.5855136004	0.3933661761	-1.288585502	0.7443011769	-0.4939309068	-0.8896320628	-0.6389728264	0.6675533522	-0.3245955861	0.5959876354	0.893504786	0.2265776673	0.2415518276	0.2253388399	-0.6528473379	-0.1072910282	0.3087932155	0.1719628853	-0.2129973721	1.107947126	0.7084189386	0.5848200979	0.8356756131	-1.713295121	0.794589173	-1.306539493	0.3426441625	-1.582414535	0.5547004681	-0.4683881305	2.044878507	-0.6518035056	-0.7479379541	-0.5416417482	0.4857737972	-1.584250575	1.429970323	0.1284572721	-0.852161882	0.2903270801	-0.1311827745	-1.88044525	0.2620388642	0.3222474377	0.3849919328	-0.1254036807	0.3922010717	1.332510868	-0.5126613195	0.4484796137	-0.08295404347	0.8123781955	-1.390327295	1.118515324	-0.4587251068	-0.03539269583	0.7616680335
-1.357253169	-0.2951951963	0.001662655637	1.893439701	-1.015188173	-1.142615574	-1.003110562	-0.2975062532	0.1654251045	0.8709143466	1.180892106	-0.3467586015	0.3662648971	-0.5766526008	-1.274969324	-0.3159737119	-0.6568539695	-0.4719671903	-1.083458606	-0.8963227508	1.185564612	0.7767456044	0.4803044723	-1.485793674	-1.031621364	-1.297695938	-0.2163047499	-0.1961972741	-0.3040837417	-0.2031547315	-1.0584617	0.3488581003	-0.7365085013	0.6956080584	0.5591342244	-0.2699632189	-0.5479518505	-0.953105499	-1.082916062	-1.662791209	-0.4232372434	1.04037054	0.06702545511	0.09947461074	0.6768177548	0.4537339003	0.1339677361	-0.8215487288	-0.539994507	1.657386649	-0.06154227117	-0.6172348024	0.6213300916	0.4297073093	1.006000252	-1.361449388	0.8105729598	0.2117061656	-0.5038167736	-0.5546357436	-1.27483163	-0.05897474661	-0.5660348211	-0.9038904382	-0.63043546	-0.2121274421	-0.7572468311	-1.397837909	2.724895335	-0.7655526697	-1.345152681	0.12934374	0.1286146233	0.2934169745	-0.0607550429	1.133604886	-0.09617022486	1.040075571	-0.4795635872	0.0006091941831	0.2995012541	-0.2253570958	-0.6639802912	1.73399516	-1.451394354	-0.3143558083	-0.739020306	-0.6974851304	-1.287412427	-0.3410833176	-0.2422646691	0.2732200478	-0.7637355419	0.05499229619	-0.5050971347	-0.4261883133	-0.8074974809	1.977033594	-1.926200622	-0.5158418831	-0.2935409618	0.8474182697	0.2686635781	-0.1148765527	-0.8070983371	-1.365688336	0.6788400886	-0.4675552308	-0.02032559742	0.2421349312	0.2116571461	0.1871700288	-1.391712817	0.2064099987	-0.8334962984	-0.9057474065	0.5310128851	-0.5154061497	0.8639345089	0.7639820023	0.9518365008	1.213637899	0.5096283609	-0.2410453943	1.056694172	1.018022783	-0.2630334703	0.434660364	-1.188096873	0.8021225122	0.5294085728	-0.2900687708	0.7807602099	-0.05713056145	-0.6009531861	-0.7776489899	0.4750917908	0.6051224141	-0.04440687131	0.879552533	0.3497652076	-1.234738717	-1.114853251	0.4067909022	-1.762859607	-1.32576161	-1.016805897	0.2363599446	0.6605425487	0.3757636578	-0.4114303194	-0.5200543067	-0.5258472036	-0.5331158584	0.3460142001	0.3643525586	-1.236043058	-0.312729026	0.66909756	1.958827002
0.4563534863	0.1306192553	-0.3065557411	-0.669906379	0.925837814	-0.7361038619	1.006350538	0.02998760956	0.6758817358	1.054960508	1.262870216	0.4457678376	0.08404411228	1.926722489	-1.262410661	0.9657563849	-0.4927198959	-0.3346907835	-0.1565355172	-0.5867865717	0.03652692367	0.1417855479	0.2823971266	-1.300660852	1.045070641	-1.590334419	-0.1346644375	-0.8605159733	-0.2613393395	-0.9461913109	-0.4784530716	0.648097937	-1.039679039	0.003495286125	0.9668796466	-1.174886343	-0.7567179942	-1.121787245	-1.085554464	-1.366459021	2.074063893	-0.2193151111	-1.092801503	0.3414674603	1.482392929	0.7327830713	-0.7436011718	-0.7375745534	-0.5293802264	-0.8034667143	-0.0385544405	-0.5621941765	0.5206562232	0.6422162663	0.8813328166	-1.369280648	0.8766271024	0.2910287096	0.9065407573	0.03763749007	-0.4687780214	-0.3409841159	-0.4784705615	-1.005862891	-0.06273573954	-1.390026645	0.3153338611	0.1891480417	-0.5781003765	-0.09395594501	0.2567568529	-0.563547826	0.1754803418	-0.2525461814	-0.5084769203	0.528928819	-0.07559912585	0.9998791401	1.163916907	-0.8650801301	0.4889844273	0.1615846996	0.3997313709	0.773503717	0.3028988176	0.1474769857	0.1119388487	-0.6070748401	0.1280744425	0.5209634329	-0.2239803811	-0.3532288803	-0.6944081682	-0.18867735	0.5548806723	-0.1687804854	-1.446781417	0.5023230538	-0.3467350908	-0.2117348911	0.569764032	0.956685698	0.6953171405	0.7789997077	-1.577984846	0.7533537082	0.9509256293	-0.06482464178	-0.4840347038	0.6446644004	0.7200459786	-0.03191979652	-1.280043897	-0.0850864246	0.02304808345	-0.9343634873	0.8584910788	-0.1531842768	1.232627033	0.2151453744	0.6927389408	-0.7537301345	0.4230877039	-0.2122284755	1.124871714	-0.1781849165	-0.2041879996	-0.4421702231	-0.5600146211	1.35189347	0.1485427721	-1.026299531	-0.01349477092	0.3796286779	1.162189129	-1.283033507	-0.6128371245	0.5824798147	0.9423257096	1.551667786	1.454503312	-0.6241253181	0.2037884774	0.8289100347	-1.520887488	-0.4707294556	-1.232086145	-0.01777373733	0.9882051797	0.6415465626	0.2545709946	0.3578504282	-0.179010883	-0.04337053633	1.366629705	1.178027913	1.235441507	-0.5604724046	0.09383356509	0.4377417269
-0.9137900751	-0.03343907975	-0.912107451	0.4103541387	-1.012252196	-0.118356093	-1.129822103	0.07122303674	0.507574766	1.042484866	1.704486349	0.1639174451	0.1195728718	-0.5049376237	-0.3664977442	0.5244708833	-0.4326065437	-0.0133997749	0.1480515569	-0.8159383479	0.8972724373	-0.2137510301	-0.2493491223	-1.125603393	-0.9770625576	-1.824089702	0.1975614475	0.1384212	-0.6487913959	-0.05732498017	0.1410381485	0.4835920349	-0.6829027349	-0.4163095248	0.9126933208	0.01378721129	-0.9316425802	0.2459411972	1.194613297	-1.365647371	-0.1453611323	1.026141443	0.624545866	1.195697855	-1.283751373	-0.1084721364	0.7228176124	-0.1184767853	0.05161987165	1.709819442	1.709802019	-0.3484041589	2.205962523	0.5888997147	0.1446007067	-0.3893068906	1.003018315	1.647697655	0.524028205	-0.3064716168	-0.07385879618	-0.8060899939	-0.1032805836	-0.9987494782	0.3970744136	-0.9420580199	0.321318842	0.09955754916	-0.3850774285	1.021382241	-0.3637166143	0.2936597344	-0.3912286889	-0.2644560682	-0.147155879	0.7554969365	0.08282638079	-0.8268469528	-0.7287714842	-1.818684544	-0.2602849803	-0.1545267575	1.636397093	0.9419723391	-1.952198239	0.7599626523	-0.02991350763	-0.6017500936	-0.0560655207	-0.2211210687	-0.7775775919	0.113668701	-0.3854567793	-0.283580135	0.2919111935	0.4047055712	0.1588942427	-0.9209375408	-1.139389243	0.9039433753	0.00758053252	1.609965759	-0.7127474746	0.2767624486	0.4018609743	-0.0893334432	1.223179715	-0.8821223981	1.302402065	-0.257181687	0.7669569176	0.09728367221	-0.4677617233	-0.3000364809	0.4545436257	0.5141625529	0.6391276092	-0.3339084507	1.587819057	0.4878653448	0.5003797369	2.047640171	-0.7257280515	0.2077643591	1.30534463	0.3998124903	-0.02754754033	-0.9742512538	1.058525966	0.9518409625	-0.8977351109	-0.7224215818	0.3031619631	1.180113987	2.487003679	-1.032790578	0.1530042637	-0.4715821116	1.093362153	0.2286680473	1.122773556	-0.7520077149	-0.007668327725	1.547074588	-0.2977188648	-0.2216936698	-0.5011597507	-0.06015729341	0.5577817481	0.2472343256	-0.3933441971	-0.2339736082	0.2035866581	-0.06139234391	0.4966488548	0.5457587038	0.5375835899	0.1170622173	0.1716542062	-0.2242963135
1.156711941	-0.3107583164	-0.5270784341	-0.395452264	1.955111364	-0.2930876418	1.288517441	0.3607894417	0.3492603661	1.414753829	1.359114383	0.2672686937	0.02729847609	2.745042131	-0.6430637402	0.7140404056	-0.5729279073	0.5731784764	-0.06481721128	-0.9276859362	1.113817713	-0.5684131555	-0.3782562055	-0.9538235848	0.3042567647	-1.041395571	-0.7736897417	0.2180542758	-0.1083290432	1.133282637	-0.471343213	0.4081345637	-1.002326258	0.1489831044	1.136688876	-1.190774668	-1.293318738	-0.3629834681	-0.7326094653	-1.330515108	0.0685866431	-0.1686495457	0.7784950625	0.4322345948	-0.1414071548	0.2482612699	-0.3701404082	-0.05491454578	0.2835403307	-0.376858473	0.2373166862	-0.06066415997	0.5302936267	0.896958742	-0.1873462408	0.09157849388	2.066175755	0.1672031175	0.1299407777	0.2267685048	-0.5482380436	-0.2436256922	-0.3297295243	-0.3447335234	-0.139002425	-1.884449907	0.8800560584	1.262601181	-0.8041011649	1.014754565	-1.996488802	-0.2469587816	-0.4596244018	-0.5912082143	-0.5350516842	-0.1217456556	-0.5430354332	-0.761114692	-0.2099520267	-1.544835894	-0.5347644946	-0.382775277	1.908470093	-0.7648394265	-0.1943993706	-0.05170785255	-0.7602874042	-0.8917810676	0.3975632337	0.2576476537	-0.7904295806	-0.09805943522	-0.5832148406	-0.05042186684	0.03429572137	0.4251518531	-1.287854428	0.3025876452	0.02146048963	-1.537550623	-0.5426566469	1.228781541	-0.7786497518	-0.417736337	-0.6402295367	0.3046542626	0.1288421141	-0.6112340642	0.02208943153	0.5579024257	0.3160431881	-0.316933169	0.2333921766	0.2560667691	-0.484758003	-0.6281257731	-0.3576066514	0.7852601956	0.05085546581	0.3801900302	0.6883773854	0.9481778109	-0.9417143366	-0.4245310827	0.8684351023	-0.9540424975	-0.2827427624	0.5060270557	1.334633357	-0.3691318337	-1.049873095	-0.8105750482	0.6183589623	-0.2829615356	1.806835196	-0.2589070891	0.131844968	-0.2270020245	0.5167412175	-0.005229217771	0.7697526926	-0.5085159196	0.4890461035	0.355021495	-0.5097367973	0.1639842384	-1.549162624	-0.2029616244	0.2449828073	0.2799500539	-0.2627970842	-0.4138027181	-1.681477865	-0.901393978	-0.6731699063	1.073217907	-0.3940921436	0.705635917	-0.9281684387	0.08532148333
-0.8529345327	0.03890118105	-1.111267143	0.6765285077	-0.6621339823	-0.8464329633	-0.7782406955	-0.1145159955	0.7767125323	1.350674749	1.298831029	0.3508553951	0.6004067296	-0.2544827046	-0.9963740998	-0.1353054422	0.09254300242	-0.02292783047	0.114800921	-1.226678381	-0.1375639607	-0.0766116329	-0.1832001851	0.08876275763	-0.8540375153	-0.02519105933	-1.147259323	-0.03712240055	0.1516867593	0.03518887517	-1.324009701	1.156740984	0.04355254931	0.3846129534	1.178290081	0.3823203086	1.875158642	-0.8828820591	-0.06837926324	-1.01717129	0.06345836162	1.812657403	-0.9054373806	0.2377001575	1.3350028	0.2145753533	1.26219433	-0.1434542633	-0.003732167711	-0.158867457	0.08734394755	0.4194963029	2.376612045	1.07475356	-0.3115700084	-0.4970306457	0.7314988246	0.2297357331	-0.003387130392	0.2557563745	-0.004317961572	-0.8015395475	-0.4939320133	-0.489393191	0.8071818643	1.596149302	1.220161273	0.5277310927	0.6730017706	0.7978382029	0.3694649112	1.376566065	-0.03948200949	-0.4760153046	-1.255138729	-0.6899915976	-0.05770578724	-1.430015027	-0.04506346671	0.02577676911	0.4474079251	-0.04416149764	1.407061194	2.034279005	-1.389032821	-1.243034911	-0.1390165286	-0.8280817553	0.3956330118	0.4089674067	-0.1534957894	0.2617858046	-0.3961046662	0.3782829909	1.038285866	0.482272829	0.4937857746	-1.052066584	0.5380670508	-0.20274366	0.4160143971	1.637139156	-0.7829963887	0.1642396832	-0.8320996697	1.35185521	0.8829164269	-0.2018170074	-1.460422036	0.3431920539	0.6967420645	0.5454352737	0.9320217446	-1.009320912	-0.6550382824	0.1542268217	0.3799059078	-0.1624212305	0.1937566896	0.8594460256	1.127353596	1.269998325	-0.8858367917	-0.02060091386	0.9669916381	-1.295781926	0.6977690708	-0.0195017843	0.5087084972	0.1404037102	-0.1056574807	-0.6532427117	-0.7740864832	-0.4787938021	-0.125188528	0.8891343678	0.4410329638	-0.4060924311	0.2573802451	-0.1221863863	0.5687706466	0.2172560751	-0.3142883416	1.191553446	-0.06926525654	0.6755815089	-0.1456739471	-0.06062340789	0.219452748	1.024774566	-1.642312459	-0.00242798695	-0.1388737568	-0.08273272812	-1.644731595	-0.4229411217	-0.04908613158	0.2154005601	-0.6032226515	1.167850188
-0.5747852643	0.124408286	0.7503198956	1.083285138	-0.7510540175	-0.5372696829	-1.037701636	-0.001341141115	0.4188616016	1.202431329	0.5145710813	0.1494819124	0.4334538293	-1.148102537	-0.1484099037	0.5695034822	0.9357371858	0.08528483762	0.4033314966	-0.9066971969	0.19303197	0.3625382722	-0.2075423139	0.4731110582	-0.9064750508	0.8378299597	0.3859556086	1.106150156	0.314855101	-0.7458686557	-0.7732545344	1.531088332	-0.4176719996	0.7183603049	0.870132193	-1.594096738	0.4771676349	1.020957033	1.516424007	-0.2195908248	-0.9074638627	-0.2800643023	-0.005658260564	2.058551411	0.253347209	-0.8863700215	-0.7548602759	-0.0400172843	-0.2676649248	-2.008337213	0.9213332456	-0.007211081095	0.6777862338	1.116607943	0.4624507507	0.2273122864	-0.4745947349	0.1755902836	0.1608922371	-0.1021509701	0.1600319738	0.4670153651	-0.4528944718	-0.9939452359	0.6804183369	-1.563815435	0.8945803717	0.9918454758	0.1505924666	-0.3493066286	0.8020160362	-0.9137975843	0.4218918585	-0.09727509229	-1.034036412	0.3110658607	-0.105792538	-0.2480834386	-0.1479353433	0.6202753996	-0.4193152429	-0.3973486386	1.100217934	-0.2634714313	1.400978713	-1.727387759	0.33039695	-0.6508273412	-0.03344172473	-1.024352708	0.3986890782	-0.4265251254	0.131794082	0.7203399591	0.7483558087	0.5511611718	0.6382490344	-1.374526278	-0.08862860201	1.163288674	1.719550267	0.8253070621	-1.667810715	1.636316681	0.05649916185	0.1467682112	-0.2939758934	-0.04995152652	-0.8667758082	-0.3185578891	0.09523348811	1.07275604	3.010242678	-0.7916786239	-0.4615598666	-0.4861782194	0.09336649886	1.848057609	-0.1722612066	0.414992887	0.5446462928	1.504780644	-1.089912697	-0.1548554615	-0.5197069243	-0.8893915443	1.556234167	0.7420135356	0.1698570898	-0.3491803156	0.814362396	-0.08110906595	1.719430273	0.79070702	-1.564364385	1.271378822	0.7674075568	0.1574020685	-0.596895359	-0.453533371	0.7615385445	-0.7987786043	-0.2408775995	-0.5496193367	0.07825172313	1.10365953	2.026942181	-0.152284017	-0.6713003543	-0.1063642996	-0.3382281102	-0.2028897278	1.312296743	0.1602158279	-1.130635474	-0.1873732253	-0.3808924732	0.1048627426	-1.01059973	1.394682506
1.23948801	-0.4506155732	1.456216756	0.4938534973	2.148468983	-0.5624439364	-1.173503701	0.166938067	-0.3451008868	0.4223819453	0.2272722244	-0.2014403993	-0.7354211271	-0.975013568	-0.1977885054	-0.2616523471	0.7322288863	0.3183621988	0.2565435658	-0.2913130197	0.4904965418	0.1633493541	0.04960707626	-0.6820165625	0.1162788027	0.8940818921	-0.1628998824	0.29898299	0.08983850979	1.631869045	-0.3657119521	1.161038715	-0.4483271459	-0.3447865739	-0.6070946873	-1.382709722	-1.61463387	0.2596984321	-0.9716798592	0.2532965024	-0.9273960993	-0.5803708014	0.2909239514	2.765533041	-0.218424187	-0.2468407917	-1.360786077	-0.1634620961	-1.002729422	0.4973290077	0.1619639081	-0.1938677194	-0.5449498629	0.1358372002	-0.0007702016874	1.519990989	-1.158077046	-1.262060085	2.450382747	0.07619365933	-0.5719712044	-0.07870446571	-0.8555351738	-0.9256161883	-1.190368398	0.372973428	0.6058372384	-0.08130590307	-0.8287575487	-0.8118704938	-1.595206677	-0.5744420595	-0.1546779574	0.1298103273	-1.497264091	-0.7635574492	-0.6360413902	-1.207671906	0.8144329475	-0.6056644852	-1.226699566	-0.7366697233	0.7005708621	-0.667924741	0.1468898746	-1.66057655	-0.1099549265	-0.447741532	-0.4382959746	-0.3593188104	-0.432329193	0.2583232269	0.4061150175	0.378102337	0.8399966266	0.1877771843	0.3660704901	0.3959972267	0.1556400363	-0.4382900264	0.6752530988	-0.7733946536	-1.293025118	-1.006400062	0.3002015364	-0.001401474968	-0.916828232	-0.2233363219	-0.9229691893	-0.624596182	0.19926108	1.244260954	-0.0780590281	0.9915782917	0.5845139269	-0.2198073519	0.3079872101	1.170063788	-1.07321741	-0.9363317931	-0.1601119863	0.3470438516	0.4437175565	0.7573627296	-0.4072634605	-1.738573275	-1.092497773	0.135753766	-0.1627714723	-0.2497051538	0.5417104456	0.6473085127	0.09295100396	0.2869187731	-1.070493245	0.5240156152	1.183906703	-0.6443984597	-0.5203888426	-1.987103708	0.7268837456	-0.1490653209	0.07597618162	-1.221071586	-0.1715413006	-0.8014647261	-0.807237795	-0.4385446587	-1.194340948	-0.6995421309	-1.429342039	-1.9583316	-0.2785444822	0.1805410686	-0.8512860797	-0.9663347846	-0.4440764289	-0.2992992806	-1.731200663	0.5326550553
0.491071119	0.2446164672	-0.009413399976	-0.3412510622	1.493050044	-1.087888468	1.174856941	0.113060222	-0.1106580442	-0.5265498592	0.01698629739	-0.2003373798	-0.648268963	2.807361737	-0.5032734916	0.2768902887	0.3994420791	-0.2189383931	0.3800491551	0.01862445832	-0.3414767974	-0.303248634	0.05439173089	-1.776144958	-0.1925413599	0.9679695836	-0.236673091	-1.410550012	-0.7025798191	0.8918968714	-0.3378976981	0.386426241	-0.3298684134	-0.6667801595	-2.044198511	-0.4570414706	-0.1865909949	1.882166606	-0.6041758039	0.2823965926	0.3810855508	-1.042005611	-1.338333835	0.4477216923	0.1548565139	-0.2019610235	-0.6144063509	-0.8181344457	-1.241309196	-0.6157599359	-1.006501144	-0.1231572976	-1.112473489	-0.7431662153	-0.7207815957	0.6933797587	-2.450701257	-1.250480079	-0.158830795	0.1535107105	-1.009072017	-1.173946617	-1.114948027	-0.8369838718	-0.3859309878	-0.8388562498	0.8505548545	0.2675351909	-1.682077051	-1.275513306	-0.2325148469	0.7700766869	-0.6316625798	-0.07441791478	-1.207122385	-0.5923085198	-0.278478146	-0.8072096996	0.9060676994	-0.8127777469	-0.3026676968	-0.9505867686	-0.6096582923	-0.5901462223	0.3135796492	-1.445016908	-0.0414168402	-0.777049786	0.4322547084	0.4898500058	0.4927404824	0.4561803964	0.534872342	-0.4746691042	1.052821389	-0.4227153366	-0.4977029266	-0.01452925351	-0.3855649898	-1.032642047	0.592699116	-1.316157173	-1.441069021	-0.4572675329	-0.9235590596	0.5256015926	-0.2541878641	0.02060299049	-0.4310713064	-0.8475078218	-0.6779096762	0.6330535094	-1.013212404	-0.4466693771	0.3716930151	-0.8604861366	0.2305511256	-1.148014602	-0.8755590987	-0.9849265477	-0.569344434	-0.4031061627	0.785195878	0.2988350681	-0.3541809182	-2.125893338	-1.591605857	-0.1609873991	-1.1540287	0.6235808021	-0.02932404643	-0.2198454175	-0.7163457559	0.2987954198	0.02233098334	0.7378697489	0.1576463557	0.555748314	-0.1067432349	-0.846568834	-0.4404784897	-0.2264999889	0.09511554788	0.5656053952	-1.115464443	-1.906168278	-1.886997649	-1.09388363	0.6588556196	-0.5192592689	-0.05190663577	-1.990706986	-0.8213254537	-0.3866258457	1.740976028	-0.8391984479	1.457244771	0.2339422608	-1.603928621	-0.4134109995
-0.705325662	0.07967704477	-1.301665029	-1.912836851	-0.3834994173	-1.171990092	-0.4140179194	0.05120312998	0.02005526521	-1.1476752	0.4475045548	-0.6784908373	-0.5467946446	0.5190400876	-0.2633126591	0.2614730767	0.8149050866	0.2158096295	0.5495712922	-0.3997835132	0.9474863117	0.1627995787	0.6205811066	-1.939634725	-0.4412178856	1.219789385	-0.05583361227	-0.8002038021	-0.6189734258	-0.6522784784	-0.7303964958	-0.638701814	1.501768532	-1.413101501	-1.524898353	2.025844688	-0.05656915097	1.250243638	0.7251013163	1.124470117	0.8289538186	-0.6244866389	-0.5682938362	-1.613169221	-0.8447953783	-0.6754563424	0.2021132037	-0.5058491038	-1.392477931	-1.04674732	0.6043780227	0.02250811945	-0.9919170984	-1.079722725	-0.2693696923	-0.7064901979	-2.546340191	0.03567899507	-0.3286148833	-0.297473055	-0.9366502845	0.3512461551	-0.9279656582	-1.081836401	-0.6025581763	-0.1386712222	0.6976753428	-0.9221680156	0.004572196343	-0.1170816929	0.8061470033	3.73074599	-0.4183136019	0.09941587003	-0.4564455656	1.71666858	-0.5736492481	-1.025294636	-1.443464324	-0.9025503942	0.463120062	-0.4688935522	-0.6520889433	-1.898191724	-0.2361512639	0.1808205603	-0.1366419571	-0.7037382636	-0.01719968373	-0.2566734286	1.596026977	0.6296030372	0.6626326804	-0.3329696803	0.3906385535	0.06426514027	-0.1688610558	-0.1913737305	-1.360328383	-0.1978550181	-0.3879857653	-1.121115822	-2.494300929	-0.1644842054	0.2988404489	-1.106380141	-1.174402518	-0.2990671891	0.9353818956	-1.084964354	-0.7701927432	-1.014004642	0.3258845264	1.084268824	0.3432118911	-0.7779086664	-0.9146731644	-1.708535115	-0.2491317771	-0.1969015324	-0.8879997887	-0.5264624216	-0.2872309966	0.9524133154	0.2565552634	0.01126780033	0.4823555391	0.1466009029	-1.235798083	-0.1312201874	-0.4853318663	-0.3505056059	0.1392542912	-1.01773406	-0.3773309124	1.274604915	1.018130952	0.153978125	0.8556337871	-0.2911494847	-1.067911044	0.04042923711	-0.09593796619	0.6152912088	-0.9717733103	0.3095710367	-0.7175428997	-1.558207062	-0.1555259721	0.2001893817	1.437762409	-2.022718607	-0.6959047667	0.3587742686	0.07390917264	-1.545731651	-0.490855306	-0.3073368645	-0.7069608471	-0.1126274923
-1.064763415	-0.06055558045	-0.6125492598	1.753822187	-0.7993909533	-1.102627502	-0.7675458742	-0.002476364145	-0.09773326586	-2.082386651	0.7934876887	-0.5339817784	-0.176931	-1.362604415	-0.9826370576	-0.3667937441	1.621107537	-0.3809282539	0.8802135139	0.06396517287	0.04037586062	0.4445486426	1.23817805	-1.299529478	-1.225020139	1.402180733	-0.02633881836	0.3609517138	-0.8382089223	-0.1793653674	-0.07773274689	-0.564468845	-0.4056580906	0.2192446612	-1.798423113	-0.6667046785	-0.8541885237	-1.277159747	-0.4851596439	1.679258404	-0.9145439496	0.5661954852	-0.06557864277	-0.4669471768	0.3917717785	-0.02018791487	-0.02320529491	0.8385809982	-1.856771062	2.245839561	-1.193448675	0.4302486376	-0.03564882776	-0.7188349055	-0.2796914102	-1.83948926	-1.659190459	-1.103074568	-0.4645899944	1.052656972	-0.7248994618	1.748265036	-1.065707435	-0.8567673736	0.9158483697	0.491706653	0.9747372286	-0.4884993069	1.493612156	1.260010541	-1.62569036	-0.6346998272	0.1872272932	0.7349670109	-0.00530953706	0.7162473922	-0.6273860152	-0.4061463476	-1.310428113	-1.274616607	0.2528863207	0.4537297434	0.258702321	0.7349662447	-1.719088806	0.1493081667	-0.5628490077	-0.1761828912	-0.04694445583	0.7460718199	1.109711025	1.212740271	0.7017243289	-1.029229255	1.036980469	0.7521198542	0.2598167408	0.241974329	-1.652982359	-0.5866930563	-0.7520629156	0.3998124193	-1.117532288	0.1294680138	-0.9822919412	0.06043336279	-0.7085088416	-0.2212954448	-0.2441033356	1.095399569	-0.1629430597	-0.7952959878	-0.06410121972	0.08814340862	-0.4092720795	-0.9746899393	0.1241219911	-0.3844842228	-0.07674255545	0.429597442	-0.2008275348	0.61996443	1.59872531	1.344915651	0.5934998438	0.7885567104	1.810792312	0.5108357433	-0.8080463659	-0.4559298672	-0.2332325487	-0.1140109867	-0.5056371351	-0.5820010413	-1.668128282	0.9014390408	0.4687534468	0.9497627841	-0.3008641559	-0.2331213701	-0.303588509	0.2917427177	-0.7150281422	-0.1487340554	-0.2389978204	0.07259601222	-0.04769763966	0.4959293578	1.283467385	0.9632265142	0.1180265668	-0.9452640695	0.4737286448	-1.309654855	0.4056384399	-0.9832865152	-1.117091417	0.5762688918	-0.09437122083	-0.7278141513
1.418892007	0.04482694917	0.06333637183	-0.02911853868	1.016914192	-0.22481731	1.138239935	0.9129198147	0.02880994514	-1.913597379	0.771545482	0.3799650409	0.2405019165	-1.329626035	-0.5747207126	0.1637934422	1.969614605	-0.318462596	1.004477389	-0.1598747504	-0.8761094107	-0.02081703296	1.564885052	-1.150609073	1.571915716	1.531492977	0.03984388823	-0.7074749961	-1.018193741	-1.035763189	1.982835957	-0.1369123776	-0.9080082973	0.864273983	-1.049419163	-0.515272864	-1.431195427	1.251269532	-0.3596292157	1.644572475	-0.6793330738	-0.9627762268	0.7169541868	-0.4166640492	1.141902578	0.2147545127	-2.208686442	1.558336876	-1.15152542	-0.162661411	-0.8632378708	0.08640638497	-1.153558056	0.5822441205	-0.1114314901	-1.364891507	-1.460521521	-0.9478909467	-1.613691744	2.204631748	-0.3331847943	-0.9781541115	-0.6513294338	-0.4457732904	0.6796122217	-0.2926144426	1.666868519	-0.3367433142	-1.181260693	0.5847437085	-0.2435115233	-1.279029593	-0.187058075	0.4110357878	0.5855075241	-0.31676841	-0.523159377	-0.258329995	0.9386904538	-0.7301422969	-0.08117778344	0.5909646064	0.0986047429	-0.2783608831	0.7969841186	-0.2164873506	0.6967145967	-0.5181827313	0.3497837863	0.1408697869	0.6719267037	0.8258502335	0.4927282392	-0.552204245	1.089903454	0.3323052945	-0.3619148587	-1.644183926	-0.5969336792	1.153355912	-0.006465853114	0.7903434262	0.2122721524	0.07453244129	-1.850739815	1.335081786	0.1407322059	0.08087591991	1.164314177	1.175918296	0.01403859559	1.139141932	0.1817355075	-1.105052882	0.05374039005	-0.3717205036	0.02277966409	0.4497189913	0.002223228758	0.07831988326	0.2849211004	-0.7939941646	1.341641892	0.2546236416	0.1126499998	-0.1830656501	0.8210496087	-0.3080895513	0.3977704725	-0.4188135556	0.7092051565	0.5513227147	0.2512038008	-0.3041154998	0.2558180588	0.4337077686	0.6624013308	0.1891704679	0.2124482938	0.556749793	1.124452178	0.9553413627	-0.8090677832	-0.9558357042	0.6162336738	0.07440378734	-0.6139844855	0.6429347712	0.3999955841	0.1031722427	-0.2824795461	-0.4685261329	1.471124734	0.3423856024	1.546598664	1.509325365	-0.0132851981	-0.6454017966	0.1146833715	-1.168348918
-0.4764204447	-0.2884549372	-1.186903143	-1.716415517	-0.4053060432	0.309217645	0.03094664778	0.4979100119	0.01168627468	-1.409346542	0.195857139	0.5466230557	-0.09294354892	0.216024065	-0.1956359442	0.6158651487	1.195263397	0.3648244721	1.012588977	-1.164583523	0.7851837587	0.08695099917	1.198549116	-0.7452830984	-0.1185596461	1.824064526	1.247277789	-0.2229240014	-0.6561486684	-1.140227376	1.912764386	-0.2088065563	1.409733913	-0.4660305131	-0.7020139778	2.240981032	0.9123669742	0.7270530599	0.005546825964	1.035158659	0.692486322	-0.5866090212	0.3320100176	-0.856066973	0.2122425879	0.00970866747	-1.416024845	1.491259214	-0.4809201602	-0.4628763328	1.2359149	0.4093237222	-0.8483509115	1.474168779	-0.3239712288	-0.2367061399	-1.564288401	-0.1674609571	-0.575610533	1.703107185	-0.2598254734	0.5452742223	-0.8107465853	0.05204457562	-0.3576035206	0.5467722286	1.317221981	-0.4195696709	-0.1502090098	-0.01539135897	2.226523184	0.1656134005	-0.4774852917	-0.153356949	0.671193968	0.9521879015	-0.8292200909	-0.8019032095	-0.03787326918	-1.077107199	0.6899796353	-0.5780256266	-0.6253138217	-1.150333202	-0.05359756969	1.217524054	-0.2244638969	-0.838568175	-0.293995752	0.1039043605	0.5965907421	-0.3455911763	0.8448126095	-0.1477466186	-0.3478894992	-0.2164505685	-0.6987863096	-0.01057695407	-0.1727975336	-0.02448764524	0.3618241408	0.7254236853	-0.8225456711	-0.3056169119	0.01471912849	-1.496817283	0.5038126312	-0.7780110419	0.4155619607	-0.005185121957	-0.6122741279	1.050052459	-0.5157700938	1.33519995	0.8485755992	-0.1846472411	-1.346807606	-1.142870745	0.5927038598	1.033051237	-0.08012665996	-0.9640710876	0.6971654705	-1.393463937	0.3178579983	0.0403307216	1.13608906	-0.03955257184	1.754834374	-0.02333102108	0.7596201765	0.6598186915	1.201138513	-1.153467714	1.625906601	1.532863422	-0.1245415792	-1.97551957	0.3628849718	0.1490655453	0.6846435019	0.2294268774	-1.353231582	-0.5534284811	-1.017781807	0.1815229531	0.3158978593	0.2696546562	-0.0482518958	0.61733336	-0.1736392409	-0.4393407463	0.9368812249	2.16018787	0.5698489752	-0.2120305474	0.4008275916	-1.272341704	0.2806521186	-0.5191108712
-0.4927738179	0.02055301714	0.804888414	1.106063537	-0.7564248257	0.3265438504	-0.796663323	0.5969057408	-0.08823987431	-1.512796561	0.157725856	0.1843666937	-1.464055975	-1.030354832	-0.7184116898	0.5751951243	0.8359983438	-0.1308725102	0.7538297988	-0.6578253656	0.917880732	0.3348312962	0.4392238212	0.07274037418	-1.057156595	1.556402503	0.4943124313	-0.2828769763	-0.5162541032	1.342558781	0.933133722	0.4325945221	0.2365786042	0.3492449402	-0.5865593136	-0.2747918836	0.1687335254	0.0188425683	0.4821708125	1.051698545	-0.8046973625	0.9098279621	1.368289854	-0.3590763935	0.7744161799	-0.2142367396	-0.01252914915	0.8725347779	-0.4923774911	-1.30059128	-0.8378847276	0.3819595978	0.6246658028	1.617827413	-0.437410068	-0.02862768949	-0.592486855	-0.2109251583	-0.5483974327	1.257430155	-0.03374870688	2.050392279	-1.007563314	0.5134039509	0.3467692882	-0.2453491314	1.495073536	1.383764075	0.8248499175	-0.5388515498	-0.9131503014	0.01740044034	-0.3454657914	-0.2912427314	0.2113378354	-0.3407530029	-0.7286837734	0.4326652383	-1.234255031	-0.2985461099	-0.9984447809	-0.247197084	0.1447164192	-1.518902936	-0.6002967273	0.4243152361	-0.9168556021	-0.2705169273	0.8254120638	-0.05845834076	0.3812276935	-1.212406933	0.5891727663	-0.3429798071	0.2201283502	-1.060479516	-0.531495638	1.831149683	0.331084074	-0.4110233803	0.5217119393	1.397382098	-0.1532969468	-0.0212329906	-1.315022677	-0.3110704742	-0.1241040053	-0.3279691549	0.01091333174	0.7366872133	-1.558791042	0.4953537591	-0.4858188881	0.6165070597	-1.118427126	0.2937964775	-1.877798792	0.4371907347	-0.4522498306	2.521898139	0.6240304495	0.5760802079	0.9913506767	-1.088325736	0.3411142148	0.2124809371	0.3418929521	1.329973694	1.596751141	-0.9701044586	0.3063666536	-0.9933976061	1.361283407	-1.194926078	0.7697746268	1.183563328	0.6700039796	0.1214699925	-0.6263561129	-1.195044567	-0.04063947639	-0.86611778	0.4854164985	0.02551081715	-1.708552313	0.1077953935	1.742881859	0.8715879924	-0.3061237165	-0.1990644283	0.5419847492	1.253542419	0.2868799172	-0.9883141327	0.04955472543	-1.092821682	-0.1878564223	-1.594300473	-0.6954787516	-1.087602567
0.1108313976	-0.4721762065	-0.4515647263	-1.096354014	0.2194136002	0.3907984448	1.503943882	0.8450445297	-0.2117623725	-0.9096351738	0.8100975542	0.08228121855	-0.8050370201	1.034199689	-0.3426353551	-0.1840669169	0.8132209604	-0.3441993003	0.5974625328	-0.3694100292	-0.4249005334	0.853133214	0.2453640692	1.778032328	0.2848922605	1.476753511	-0.1702755251	-0.6152517361	-0.1401291231	0.6310190786	0.03325648172	1.023140925	2.329485112	-0.2153749129	0.5692695208	0.5577117104	0.2928090534	-0.5393077117	-1.622764649	1.363757722	0.5554119579	-0.3750320814	0.5125708732	-1.069246797	2.749274637	0.06397645348	-1.311575019	0.8697937788	-0.1270093322	0.5838650066	-0.9086291073	-0.09922648728	-0.2286043472	1.798457214	0.3207047364	-0.2749660546	0.1820961179	-0.9742161177	0.7307766351	1.511862633	0.5783824448	0.8082163445	-1.022001653	0.9287663945	1.068851627	1.407999028	1.959326385	-0.4354964823	-0.8186446685	-0.449020098	-2.190776843	-0.1417410217	0.2960765682	-0.07474392973	-0.07306040977	0.7241723158	-0.3930222696	0.3582048544	0.277387599	1.213399739	0.7483284315	0.732661749	0.4350651133	-0.7161112252	0.2533556179	0.2855004571	0.2609373899	0.294894559	0.06411900751	0.6246980544	0.3946630661	-0.0916404744	-0.3651550718	-0.6154439838	0.6756892258	-1.360725139	-0.06207891269	0.02069185213	0.9250764473	-0.2769749843	0.7342928546	1.485123607	0.814234375	-0.3554066137	-1.828223617	-1.580661663	0.6816020812	0.45726752	-1.25482537	-0.1756615097	0.2339850511	0.6808202585	-0.05682446271	0.02527203843	-0.7699704975	1.130749386	-1.498588866	1.159674027	0.08231842729	0.6475294747	0.4837703573	-0.7581091272	1.808980491	-0.6181809616	0.06113554512	-0.7207631468	0.06522908353	1.180768553	0.6045538976	-0.6692162941	0.7167486211	-0.6818876536	0.2717742882	-0.8502737793	0.5663762462	1.345166157	-0.8899099779	0.1663681668	-0.5601824172	-0.9283750135	0.7710607904	-0.7718744747	0.4360962342	0.05693141989	-1.077316137	0.1808643	0.1078007904	0.03586905418	-0.05065390812	0.7565576696	0.5565085026	1.702631723	-0.3641146931	-0.403525728	0.829615621	-2.4486007	0.3880470761	-1.44363791	-0.6851840272	-1.009525193
-1.082836465	0.1119928408	1.57656562	1.142599693	-0.9504909718	0.7429670401	-0.528100004	-0.2611465595	0.5261236813	0.08749111643	1.035767394	0.01375234006	0.7000897725	-0.8659424241	0.8160878725	-0.08029317678	0.9820444536	-0.8617842479	0.9562999369	0.2137485992	-0.84546338	1.338716075	-0.01356588125	2.409921195	-0.9413514535	1.496262237	0.3634089539	-0.2088942635	-0.05499849195	-1.299879449	-0.02212880039	1.695650701	-0.79032309	-0.6790552298	0.7247218788	-0.3703073985	0.1376172258	-0.7687853867	0.4416690893	1.285426644	-1.149983986	0.08687329451	-0.7430598485	0.7409069108	1.278866681	0.03176164777	-0.565354795	0.3882778193	0.3074241729	0.1753126255	0.05263423809	-0.2124058011	0.1483232693	2.148854191	1.307768596	-0.5581699926	0.4353232627	0.1673181137	-0.559825153	1.530536386	0.8678152479	2.714538978	-0.9438517209	0.7390752654	1.854971445	-0.1732775184	1.007051583	0.4058494713	0.9203397576	-0.5926581054	-0.5932194501	-0.5399783074	0.8821617675	-0.5828217333	-0.3894402444	0.0887625645	-0.2885661658	1.295612448	-1.133559488	1.291534474	-0.2125305582	0.2559594588	0.7123783842	0.9691985488	-0.902221139	1.182357356	0.3956551682	0.3067345989	-0.1759501589	-1.022748048	0.2968739743	0.4976836225	1.254769097	-0.8995856489	0.6846028697	-0.4873002629	1.293390993	0.4789676718	0.4327751818	-0.0599208355	1.254201311	1.52059016	0.366074914	1.001851329	0.5380138257	-0.2529741371	-0.9189470039	0.1995705978	0.4875392079	-0.5838654251	0.2382450559	0.5289701262	0.1225586992	-0.486923808	0.3944177032	-0.6455590015	0.05343626769	0.5218142913	0.148794429	0.5841967774	0.9493051419	0.4575844	0.1095236984	-0.628338324	0.09231595165	0.05858019853	1.551565502	0.1989690348	0.1692080492	-0.9650079586	0.4905815391	1.022018797	-0.2820029882	-0.7839656021	1.096614308	1.007921015	-0.9535629804	0.4408765372	-0.1905927977	0.5833346533	1.298545892	-0.4285295967	0.6956804713	0.1130689464	-1.548618677	0.7658273285	1.095662736	0.1089556758	-1.163322547	0.4767669115	0.5665412287	1.42444652	0.5387723896	-0.0476928286	0.2451282337	-1.605020704	-0.0603148413	-0.02862133802	0.8709528651	-0.764040982
0.9048386969	0.04893592976	-0.456579941	-0.5212116168	1.268871901	1.486090727	1.390979682	-0.2467658799	0.0766865635	1.296864469	0.6921691696	0.1918377898	0.4524530749	1.774360006	0.4470020242	1.431980548	0.7147739917	0.01941702665	1.005410671	0.1876550107	0.3184472003	1.307752648	0.4225850399	2.588702114	0.1348362091	1.618918481	0.2565437228	-0.7423067235	0.01379663607	-0.4729303712	0.3504183823	1.183097225	-0.9345109545	0.5959403854	1.111540779	-0.6201140772	-0.9617939253	1.070342435	1.642964714	1.497799449	-0.8518685709	-0.007130139896	-0.3647098875	1.50689768	-0.978077782	-0.136556286	0.1287930611	0.05165391865	0.5283526402	-0.2342681868	-0.3292949656	-0.3830474	-0.9839189832	2.097377112	1.667432861	0.9682373243	1.841844399	-0.03962048951	-0.3927071948	1.020600065	0.5582746712	-0.1053662828	-0.7660395068	0.669625106	-0.5130147903	-0.7526886341	0.5036577939	0.05410336235	-0.4071238158	-0.6815532458	-0.1647496645	-0.378554926	1.13047705	-0.9168137756	-0.3158937316	0.2934902257	-0.1209042641	1.053531454	0.5686222445	0.8644485203	-0.5131325491	-0.5770492662	0.2633787748	-1.157999249	0.4096003946	1.074777994	0.4984351576	-0.5497253902	1.11651699	-0.4264622543	0.3189840054	-0.2708852953	1.576538858	-0.8059833016	-0.04717347059	-0.8466149936	-1.911245889	0.8871862116	-0.212300538	-0.01499970352	0.5280394759	1.558014651	0.1787086057	0.2180765378	0.6884646349	0.5867213233	-0.7081774483	-0.2950223066	0.5077775573	-0.4053990855	0.1200682574	-1.477028197	0.5162926073	-0.08965836178	0.790324219	0.7320431193	-0.8661153917	-0.6388659313	-0.9479452158	0.3520470203	1.673485237	-0.3637335304	-0.2395545992	0.2475049602	-0.7975484142	-0.3987432348	-0.6675006405	-0.7757490734	0.4989439053	-1.42082172	0.9182510359	0.637438672	0.9014574446	0.3913494731	1.116576557	0.3717743683	-0.5401685905	0.6351165277	-1.456301966	1.999674583	1.69452093	-0.6953139222	1.173540794	-0.5447160024	-0.6924133333	-0.3197139495	-0.09262916378	0.2469331643	0.02578970639	-0.5272731401	0.9578726968	1.516714237	0.1133795304	0.6613693767	0.9922934312	0.02831587778	-0.09555420942	-1.448360263	0.4411616526	-1.549443372
-0.4270972717	0.02419744497	-0.9313117482	-0.6996587938	-0.8670345305	1.20157097	-0.2982722725	0.4706290685	0.05605228353	1.062960467	0.3506150847	0.1006037851	0.2355916485	-0.2857951916	-0.760681489	-0.5238036265	-0.1152303504	0.1591431534	0.4417317988	-0.3929204401	-0.9397562818	0.7691505841	0.932104685	2.400676489	-0.4342962519	0.5591429799	-2.12453825	1.603683179	-0.0530234343	0.538208324	0.005867778559	0.3335004702	0.4742636356	1.108050088	1.115143964	1.11365645	1.586590937	-0.002756284683	0.9892590968	0.4746017041	0.2966262553	1.773650603	0.05071395242	0.9149043284	2.243559193	-0.2707699228	2.348492405	0.194742518	0.6061558057	1.275164194	-1.330800714	-0.4983729651	-0.8120239499	1.409854987	1.338748182	1.263541463	1.866147923	-0.7475342855	1.161017045	1.364836762	0.3756114794	-0.1618717583	-0.9078349318	0.1050299343	1.07477303	0.5037361103	0.03945343172	-0.2851788928	0.08293041021	-0.9708440256	-0.3174534781	0.5051598719	0.5116912809	-0.9452429943	-0.4319924285	-2.544700162	-0.7112017018	0.3508026762	0.8401646555	0.09373665984	-0.06957913955	-0.136399444	0.3394633155	0.284564647	0.1525932128	0.6778775137	0.2469949613	-1.130285058	0.4927188742	1.107308004	0.6617404744	-0.7775030375	0.6064639588	-0.5146579478	0.4054232088	0.2490565129	-0.7672208027	0.5554749895	1.808522495	0.6482148963	0.5360235143	0.9802043232	0.4818407779	-0.02734591518	-1.611776684	1.621682687	0.6355876277	-0.7861799731	-0.06405048961	0.1548626901	-1.208868636	-2.036911355	0.1761816275	0.04456590898	-0.2980255182	1.268401976	-1.590755806	-1.229209727	-0.8117834983	0.3793555888	0.702124593	-0.915506437	-0.288753148	-0.3998213987	-0.07713407882	-1.775110448	-1.71455565	-0.2844011167	-0.2281238379	0.2286735937	0.5755623884	-0.07642922171	-0.8878437044	-1.31712097	-0.7023628513	-0.406696528	0.4121965965	0.4630402038	-0.5542700537	0.1461670525	0.3563565676	-0.6062303109	-0.3081339693	-0.6968213434	-0.06616525626	0.3224894196	0.2540812306	-0.008431223404	1.598677195	-0.1987950353	-0.9702312212	0.4881234591	-0.4538141942	1.580640043	-0.2953482867	0.2869904032	-0.298360037	-0.6305243903	-0.276088634	-0.457354139
1.444271932	0.3829132024	1.972118551	0.1841615003	1.398002154	0.9635440359	-1.204960613	0.3306247188	0.5158071284	1.44665291	0.6042592852	-0.4705307061	-0.03330058038	-1.095235705	-0.5250948257	-0.6497239293	-0.5441310353	-0.5549736962	-0.2749759247	-0.7189080925	-1.605122751	0.2954839506	0.3214950241	1.529304731	0.003399338031	-0.7863515748	0.5700823474	0.1333302457	0.09027314806	-0.8167881371	-0.07926308774	-0.4416322958	-0.8752264578	0.408956806	1.299051468	-0.4739126406	1.308257254	-0.7120433091	0.6621855375	-0.3184779987	-0.4046992492	-0.7564070907	0.8825164043	-0.1746616414	1.742332144	-0.1590803804	-1.180225004	-0.07690571396	0.8265093387	1.144076323	-0.1568231591	-0.4513294841	-1.037559847	0.7212172518	0.4643389454	1.133078563	1.181214805	0.02206131147	1.148310269	0.8310637556	0.7358112944	-0.5125549218	-0.8410950699	-0.7076656013	-0.7521576104	1.015799495	-0.7590009168	-0.876085767	-0.3831441428	-1.939269738	-0.2430604521	-0.4146498677	-0.3338301004	-0.4714992135	-0.0749786459	-1.476445401	-0.4687184992	-0.9692431034	0.3608398994	-1.06818487	-0.592704662	-0.1559651309	0.08532108767	0.1427934468	0.7025520539	0.9277229783	1.037730912	-0.6520955803	-0.9028451562	-0.8866277517	0.9496869275	0.6293984996	0.04955422147	-0.7767578573	0.3180913391	0.3336762837	0.9943711317	-1.294635214	0.1624915521	1.113743491	0.6228237797	-0.5330265463	0.02680695473	0.5563359693	-0.839125636	0.7879204955	-0.4068411363	-1.306335138	0.2701758178	-0.6856116967	-1.374988249	0.1276885534	1.165248508	-0.8368965817	0.4084327575	-0.3604915325	0.3622623632	0.7322228165	-0.2092416055	-0.5322116229	-0.31228234	-1.557425616	0.01752247021	-0.6231046153	0.2762736326	-1.011448227	-1.092148083	-0.05184235837	-1.120613595	1.203268314	0.2311358446	-0.2654635265	-1.639690717	0.9053681143	0.2205973443	-0.3705335583	0.131538323	0.3438343746	0.1825387691	-1.008848661	-0.7395599909	0.5303738951	0.09167023577	-0.2992265142	-0.04949507431	0.4731676449	0.4445575306	-1.073003337	-0.3663709459	-0.1272830661	0.9387291075	-0.03353296038	1.169626334	1.539991263	-0.3618617369	0.8788864015	0.1474714817	-0.4322005466	0.7582219949	-0.3870411906
-0.4522449029	-0.1517057598	-0.8729665098	-1.696725496	-0.5475443227	0.6301199854	-0.133535695	0.3367675431	0.4218838943	1.778661418	0.6585699305	-0.2813717625	0.4533577841	0.6114276703	-0.2336147753	0.1652197308	-0.6408541275	0.5513696592	-0.1957159053	-0.8896274195	0.4585348448	0.3353066468	0.479714671	1.456072462	-0.4767607392	-0.7923840543	1.085944449	-1.108943855	-0.01157649435	-0.4988428731	-0.2856513622	-0.9126125333	0.9539192659	-0.03845541895	1.64203245	1.909515366	0.872790966	0.2411803507	1.112673235	-0.1723108295	0.4706753518	-0.777645527	0.8022928514	-1.062912034	-0.2779228867	-0.3531856699	-1.273710488	-0.5070779882	1.269068554	0.2150631781	0.230953783	0.3048109556	-1.099481991	0.8398264279	-0.02960011926	0.6166906432	1.557744349	0.1386268603	-0.2333270917	0.3281102809	0.8047368571	-0.1952406434	-0.8600472614	-0.8621456241	-0.1288395887	0.3215535163	-0.9453671584	0.08174461652	-0.5877318753	-1.111661082	1.461231916	1.057458332	-0.5722808714	-0.6340786019	0.1791136988	0.8143566951	-0.5914410572	-0.3463703312	-0.5433014651	-1.350741291	0.856655169	-0.7516588703	-0.05851780413	0.4500531063	0.6630863358	1.749468542	-0.2059599859	-0.6388653838	0.6688002149	0.1672093347	1.69133155	-0.2969048082	-0.5495680728	-0.09912664944	-0.2387018024	-0.1755073963	-0.03530953833	-1.203716827	-0.5679248973	-0.01111800885	0.5922887985	-0.3725523059	-1.610932157	-0.4055362938	0.3894424694	-1.40498926	-2.18483132	-0.8522059579	0.7766656927	-0.6578109258	-2.046799066	0.1911523357	-0.3471554989	1.080874139	0.5760242339	-0.6955169991	-0.1154413703	-0.7217438119	0.3975312431	0.398466901	-0.4800383565	-0.05243683642	-0.9075651427	-0.6999454349	0.3112117368	-0.5040619676	-0.6382584535	0.5077947126	-1.081074438	0.4002681552	-0.295593856	2.745140883	-0.5015314322	-0.06112608613	0.8745559295	0.59295337	-0.08258462847	-1.35186565	-0.2680523822	0.07816122047	-1.146737569	-0.7092141086	-0.1302975952	1.236920406	-0.2216840314	0.639434379	1.528851519	0.07649939688	-1.178230619	0.1447762346	1.747316235	-0.2760278252	0.3768285908	0.9844914809	-1.173002171	-0.4651025033	-0.9235018405	0.03190055624	1.080325664	0.5408205795
0.1295005623	-0.208793925	1.89112607	1.527646206	-1.090057759	0.4769322194	-0.8636293404	-0.1782855777	0.3261586137	1.738354811	0.7085415324	-0.2365062227	-0.005284299523	-0.8075598815	0.2546248379	-0.706487836	-0.4057472609	0.4002258287	-0.26391434	-0.6273000105	0.1925032489	0.5485216075	0.3371786043	0.879892471	-0.7404937243	-0.9351543804	-0.02039826435	-0.2656298395	-0.4168717319	1.958081648	-0.6523511265	-0.8557942638	-0.775637314	-0.3177643506	1.671348092	-0.6552272929	0.4517711301	-0.7671340842	0.3619165784	0.3966003784	-0.2463741452	0.380625556	-0.7101008055	0.4444348038	0.2297003339	-0.5990326873	0.02235904557	-0.2208959142	0.8758850824	-0.508515082	-0.4077967861	0.3689956768	0.2861863128	1.365805761	-0.3737220548	-0.2925018578	2.135639547	-0.6675905697	0.60453165	1.377024685	0.9670603533	1.372046688	-1.121371064	-0.560026537	1.823950552	-0.483616841	-0.6013514005	2.145231875	-0.07445619687	-0.8667669611	-1.62710385	-0.2054690749	-0.1522114559	-0.3798822137	-0.2383847858	-0.2757047752	-0.5169595853	0.2137503807	-0.6193251948	-1.243902813	-1.326024016	-0.777654605	0.4627791095	1.106780137	0.8882769971	2.055069244	-1.406885958	-0.5502944707	0.09648311591	-0.400727614	0.6068854653	-0.3267094969	-1.202570479	-0.134828711	-0.5926008704	0.1019971778	0.09509253348	2.148540528	0.3969863639	-1.26807309	0.9620737058	-0.009449477027	-1.172235357	0.1063647938	0.6202339739	-0.4835151899	-1.768468589	-0.2660199223	-0.005939897693	-0.5818130565	-1.947640561	0.009949492887	-0.4722044809	1.728292014	-0.2477859236	-0.6127671744	0.3745836775	0.1276785555	-0.004699163743	-0.9315319433	-0.815210109	0.1370693214	0.2483181472	-1.33423568	-0.2556768925	-0.72854907	-1.123131298	0.700821694	-1.148262042	-0.9415519948	-1.332275631	2.75623523	-0.0118124834	0.01749582849	-0.5792706896	0.01218595343	-0.473188648	-0.4129985197	-0.9461389132	-0.7786233322	-0.4781969142	-0.9875151269	0.5250646639	-0.0009696186458	-0.07622243362	0.355339534	1.195530681	-0.04471650306	-0.9233896223	0.7834156544	0.4951688731	0.2183892599	0.8428344962	-0.2594724543	-0.5647980962	-0.3302580653	-1.176707174	0.3731447172	0.4033256789	-0.3969869377
0.324751159	0.08873595694	0.05839847542	-0.804477166	0.3473623247	0.9953825188	1.047002497	-0.2080680036	0.5125940327	2.494331715	0.657417283	0.3776961877	0.4962012814	1.107901215	-0.1674427013	1.16836766	-0.5021682729	0.2962645073	-0.6255585826	-0.9597335532	-1.262414336	0.4557982894	-0.3961428846	0.3036294385	0.6678389989	-1.193784952	0.773239921	-1.401451173	-1.33150474	0.6706502627	-1.007264817	-1.318519101	0.6915576771	0.1822337465	1.497079523	-0.5818451796	0.4198524828	-1.821829933	0.4084895439	0.7010994702	2.448694282	-0.2745014757	-1.331215575	1.091015149	1.09511378	0.2293877851	0.131505241	-0.3504056685	0.1354221469	-0.7526078689	-1.25021353	-0.5323755665	0.2287685969	1.162513521	-0.8897020632	-0.00749028546	0.9014785662	-0.7042832378	-0.1321948977	1.468604446	0.9859582141	-0.4415722987	-1.089002072	-0.510954261	-0.5720547965	-0.1960093155	0.389200514	-0.7370060262	-1.161340305	-0.9286260941	-0.03830548095	0.1309605163	-0.3703759311	-0.4766811318	-0.06710811131	0.1289705019	-0.1282098517	0.4862987621	0.9064432422	-0.9268430973	0.8565427373	0.1344648353	0.6510846451	-0.2366153651	-0.2458708444	1.440670574	1.070036023	-0.3021619896	-0.8244197342	1.599527188	0.3944894884	-0.2846292966	-1.372613248	-0.8254380944	-0.7778947524	-0.5107586385	-0.5018318469	0.3659320078	0.9835817686	0.1055385238	0.7902674096	0.3503366495	-0.3074017473	-0.8919096414	-0.7558921696	1.208004607	-0.009767270698	0.1728583532	-1.303403038	-0.01963453684	-1.263652114	0.5850868218	-1.0865374	0.2927966832	-0.04352276914	0.1493191936	-0.08101688489	-0.09090813728	-0.323828253	-1.669188497	-0.4259150982	-0.645925804	2.33149038	-1.295805789	-0.3462971851	-1.303177887	-1.683196197	0.05370834276	0.5431625376	-1.122658315	-1.668850448	-0.1971550523	-0.5637000338	1.595925609	-0.6709655896	0.05217148209	-1.134055934	-0.1536773436	-0.5492535898	0.04604930796	0.4369920231	-0.3040759301	0.6623783859	0.485500132	-0.5063937157	0.08857631492	0.09656913409	1.225008024	1.375720919	1.611940449	0.6807384847	0.371249475	0.7386335852	-0.2640446568	1.847490334	0.02906377832	1.242912269	0.2600416942	0.515217876	0.2591336488
-0.9539954815	0.3181684358	-0.879785054	0.4105028341	-0.9620128991	0.9378838174	-1.163092438	-0.1316897284	0.2310135919	2.084779042	0.7718367679	0.02453716435	0.9173894583	-0.7864600769	-0.287072928	0.4720728165	-0.01848705326	0.3517149086	-0.7711294618	-1.201449777	0.1824161897	0.6065766564	-0.3566889109	-0.6639586453	-1.041255566	-0.7454771018	1.14184307	1.109824267	-2.093587399	-0.1124086426	-0.5185008132	-1.470991701	-0.3712718042	0.04844477752	1.380791835	0.4209956817	-0.8315615284	-0.0424165722	2.588130895	1.037456236	-0.2591100855	1.196710002	0.4194081862	1.171668383	-0.8172583889	-0.6488512588	1.099502089	-0.9325357206	0.0795935328	1.523931983	0.544634188	-0.8536943208	2.788276402	0.1339328473	-1.112644108	-0.1450984996	-0.01975904105	1.093660736	-0.4345591673	1.264447383	0.9967582539	-0.4736891512	-0.7204706696	-0.7406651814	-0.8099882253	-0.3502890792	-0.2519306586	-0.5099401964	0.8615121744	-0.5011154416	-0.1016810546	1.02062354	-0.118192915	0.005916771887	0.3591151459	0.2805055614	-0.004695898524	-1.244450125	-1.55928957	-0.743316602	-0.6825934589	0.373082699	0.7825346713	0.07974215329	-2.381607254	1.229369494	0.8622462921	-0.3646237759	-1.165821213	0.4981820776	0.6126685374	0.4468400324	-1.118250199	-0.8197999256	-1.279379335	0.5639898554	0.7733162624	-0.5469978822	-1.337858498	0.5013879648	0.3105909271	0.408824486	0.003855883874	-0.05306146383	0.3269990771	-0.01393807533	-0.4591039274	-0.594619874	0.1514159458	-1.357351824	-1.063778685	-0.3652535814	-1.069668364	-0.05703891347	0.5578565614	1.487434395	-0.1530977995	-0.02878686606	-0.3417977415	-0.8576997717	-0.1067304672	2.047119166	0.7746850203	-0.4841034944	0.2313981604	-1.158283848	0.05940360839	-0.7692897414	0.8308787252	-1.057822091	-1.127042865	0.4556449069	0.2137311449	1.852810756	-0.3901728447	-0.7356443592	-0.4886534212	0.003702832537	0.2020100556	-0.3930818942	0.5786645941	-0.7337456147	-0.8411898928	1.852084196	1.08480866	-0.1049811229	0.8747432548	-0.08985442214	1.01104068	1.681863489	-0.118429976	-0.2458172724	-0.0864120528	0.2111684037	0.7224758148	0.9190413817	-0.03810787298	-0.4220671914	0.8617192771	0.6852227066
1.924783552	0.009124971642	0.8012981087	0.4253360398	1.891245525	0.08278131713	0.1440063787	0.5279970275	-0.07223837338	1.322005605	0.6177244306	-0.4010435397	0.3933173487	-0.7346059516	-0.53701504	-1.388259026	0.5531129109	0.4886350236	-0.7787908182	-0.7866469667	-0.3597896716	0.3210770563	0.4307327483	-0.6603887992	1.926632545	-0.2543033647	0.003828848102	0.6822518648	-1.723475138	0.5831464676	0.6279811506	-1.140199609	-0.04480958099	0.0373921624	1.32759559	-0.368522409	-1.486515087	0.07479005258	0.09039910412	1.101916549	-0.7781711288	-0.6132140789	1.933239246	-0.03698357248	0.1779245538	0.05341814027	-1.55383882	-1.05388624	0.2981672892	1.084008398	-0.9265083226	-0.8254035578	-0.4499995685	-0.03849759135	-1.102719812	-0.3597416671	-0.08720458947	-0.9246489347	-1.146297116	1.096103803	0.9053517875	-0.4391059877	-1.224674641	-0.2545563304	0.8858704479	-0.540236468	0.07241482122	-0.01356423828	-0.8717986147	-0.8573558223	-2.138200386	-1.025886265	0.2727376308	1.14197454	0.2030211251	-0.5933222396	-0.4039620081	-0.4683329074	0.1162523638	-0.8015768478	-1.0500016	0.9994163559	0.9042829767	-0.4513572494	1.081604039	-0.4508481461	0.285087078	-0.5752355917	0.1139785779	0.6843096712	0.5461792576	0.4317651368	-1.07695848	-0.534360529	-0.8444023589	0.7026692449	0.8674387186	-0.7522118625	-0.5808644352	-0.7760772007	0.4296863351	-0.05919602747	0.426978161	0.3173212419	-1.303075239	0.522577199	-0.7344872226	-0.278430233	-0.5431118624	0.2336980112	-0.4565536755	0.4063943683	-0.2347761397	0.03040835796	-0.5488373145	-0.2392897252	-0.1906367962	1.020603712	-1.26186515	-0.5449848071	0.6613017701	0.7276181885	2.004521716	-0.09327459225	-0.4052697927	-1.808909913	-0.3948435499	0.6090058761	-0.6525487942	-1.358390924	0.1336476951	0.1144363973	-0.8904261535	0.1380048344	0.5988767862	-0.4222839082	0.4100925337	0.3153546128	-0.3369017817	-0.9229662356	0.5655501273	-0.3869584833	-0.9327372847	0.1026891959	0.5895243012	-0.432461272	-0.06425700149	0.3364843695	0.2536135305	0.1212494744	-0.3466620403	-1.081813051	-0.3631042982	-0.516530597	-0.02268645932	1.363303777	-0.2701489529	-1.068575981	-0.3613731824	-0.2988345011
-0.06454253136	0.01123051038	-0.5726947291	-1.316606952	-0.1772147116	-0.2193112196	0.4315771939	0.3750775661	0.289044362	1.222875483	0.387230042	-0.2460229802	0.6331211367	0.9342857385	-0.1643972343	0.3594785538	0.6101321257	0.1499131943	-0.2991189851	-0.6333288508	-0.74044758	0.30897081	0.7312496605	-0.6569955723	0.2818366579	0.1274601684	1.025839055	-1.451373994	-1.580942057	-0.4899674619	0.7247882501	-0.8178490589	2.565805524	-0.9039993997	0.6348693485	1.167028675	1.011265539	-0.6180192529	-0.02322502998	1.444134992	0.8261481901	-0.2101547863	0.8385148678	-0.08042180992	1.605039945	0.3181637293	-0.4149935286	-0.8315093999	0.8447164485	-1.447252553	-0.0217086882	0.1686707574	0.4152105038	-0.8217082718	-0.4627800925	-0.2809027023	-0.9736524251	-0.235893883	-0.6487102828	-0.6423060282	1.026661782	-0.9178347438	-1.075875059	-0.1095039783	-0.5288826312	-0.3900946531	0.3737024146	-0.4705064677	0.3894873191	-0.07402562013	0.9034680361	-0.9389761201	0.03194287798	0.7347860083	0.2604323335	0.9333501067	-0.4102615722	0.9784950705	-0.1625491956	-0.0548713264	0.6327515837	0.9709038837	0.2632127062	-0.7169350411	-0.2494395042	-0.5187566299	1.075866776	-0.04980105636	-0.7193727227	1.15427568	1.059625817	-0.2811176225	-1.298627732	-0.3846558108	-0.2984095637	0.05160072886	0.8436486513	-1.478906165	0.1823695257	0.313014166	0.4595215061	-0.04950516624	-0.5782481553	0.2074667514	-1.976211891	-0.5675219181	1.25865717	0.132186416	-1.507921784	0.18318052	-0.2694922079	0.6010680481	-1.641834283	0.03623571273	0.0401937859	-0.3229005295	0.1977591352	-0.453384053	-0.6851899703	-0.1522204017	0.3214869184	-1.408498916	1.532291949	-0.7880097784	-0.280292004	-1.146849799	0.03853719691	0.188880317	-0.8327567361	0.08801605266	-0.2419322649	0.08244271131	-0.6137917033	1.828321932	1.159390535	0.3398673542	-0.9194401254	-0.9701257307	0.09767111694	0.08926944042	0.7966521082	-0.6740039275	-0.2377266741	0.462301688	-0.9238094322	0.5910770548	0.3516879101	1.23833939	0.7907108982	0.5774663559	0.1451102697	-0.8990750386	0.5014231109	0.4945715956	0.6997357081	-1.369766523	0.7767311983	-1.247053165	0.06513782406	-1.815861684
-1.103383967	-0.1756848199	-0.9393213492	0.4396730997	-1.256027214	-0.2329767839	-0.9352776041	-0.4583599181	0.01455132258	1.029171868	0.4985148889	-0.8290658282	0.4342107696	-0.5264585962	0.3533493087	-0.09617119035	0.6300254077	0.2724386518	0.4398377578	-0.3356963068	0.6990052009	0.7567553922	0.492077542	-0.6188193803	-0.866271399	0.6887696645	1.039684453	-0.3719112182	-1.526164413	0.5359211808	0.9311851788	0.1556201824	-0.2157736423	-0.8981577393	0.1874631043	0.1646877901	-1.677767908	-0.3175429344	1.430084554	1.963785932	-0.5935190902	1.348705442	0.435839252	0.7814027215	-1.169384474	-0.896408523	1.430679638	-0.4408162705	1.381322172	0.6431282463	1.599889498	0.7402504351	2.646652682	-0.8514094616	0.826070372	-0.6692991458	-0.04757633455	1.014199504	-0.6009607814	-0.7885843862	1.389310426	-0.4577657355	-0.856419492	-0.07985914629	-0.4997937492	-1.091228917	-0.1476672023	-0.8596072324	2.714048604	0.09846368331	-1.139206497	0.4600739355	0.610235143	1.006256885	0.4040511823	0.7602134656	-0.06225374267	-0.1011344414	-2.265323286	0.416211816	-0.5364469447	0.9180911669	0.0053673011	0.3609710355	-2.345394031	0.06977203611	-0.01677622337	0.01562056781	-1.270009128	-0.5549759538	0.9347558998	0.8460054628	-1.144070456	-0.6694715024	-0.5826882155	0.5020664207	0.1312653466	-0.1022458618	-2.102552437	0.5365437846	-0.3449107482	0.3494557269	-1.901895186	0.7543892296	0.9364602776	-0.5567606508	-0.5858091607	0.06050062587	0.7992561489	-0.9415018189	-0.2262489824	-0.3810740446	-1.315480636	-0.4453274478	0.8246806278	0.9580938727	-0.08748587635	0.7094413962	-0.6200735105	-0.5012196352	0.4524484269	0.7524767171	0.5309019358	0.01407356556	-0.3479918679	-0.06431941656	1.235066085	-0.5473157621	-0.8807777009	0.106968811	-0.5044205781	-0.2273018815	0.5372347197	1.730464671	0.0802644923	0.3140435028	0.1323972833	-0.03975938682	0.4325225077	0.3255088219	0.9997797921	0.05196358287	-0.543866343	1.65163106	0.3223848486	0.7074242629	0.1783286466	-0.1063703536	0.6354088305	0.9519524501	-0.635598908	-1.250579127	-0.1546155612	0.3801544448	-0.6141800847	-1.742079943	-0.3319597556	-0.4675567056	0.4395112416	-1.364942978
1.485633829	-0.2726348416	0.2888687235	0.3638629132	1.166393278	0.5357555222	1.849279365	-0.1793447182	-0.2854344296	1.383040061	0.2407476635	-0.5717682901	1.113246148	0.269935419	-0.02304259391	-1.149373307	0.7130771868	0.1939795635	1.42242753	0.5599369932	-1.192634299	1.477900794	-0.07427403148	-0.3175189541	0.4731306362	1.17115251	-0.7922992171	-0.491278087	-0.8132271287	0.1769491997	1.425462789	0.5973718761	-0.6076166466	0.09249586402	0.2390791702	-0.7858638205	-1.994154574	1.177883951	-0.06521991849	2.872952602	-0.8267278207	-0.749691668	-1.284995427	-0.2441502905	-0.1549172747	0.2826709179	-1.43727868	-0.1652792117	1.538663603	0.3994482244	-0.7926266177	0.7552045431	-1.043231098	0.1098885644	1.358977274	-0.883272045	1.128974715	-1.125367031	-1.376245835	0.2195890587	0.9758393031	-1.009530658	-1.020997673	0.7163928934	0.8225902135	0.08020739528	-0.06181788477	-0.3066444896	-0.102197133	-0.1450677046	-2.318785418	-0.5820818986	1.373548341	1.329928804	0.218046653	0.3253748107	-0.2140479324	0.227244215	0.4509637332	0.6740129678	-1.101944937	1.66058256	0.2489418463	0.1546654308	0.6309295823	-0.5191488596	-0.6489258224	-0.1962681683	0.1736684074	-0.1174889306	0.5353100831	0.5279488515	-0.7586173258	-0.7177677147	0.01218176826	0.7423019462	-0.1402475083	-0.8637257709	0.4322548837	-0.2236637012	0.4554507819	0.9522429587	-0.8710337011	0.3715448377	0.4935854032	0.4535727202	0.5858537687	0.746634624	0.881479367	0.5901389753	0.1158327682	-0.4968516297	-0.8500692937	-0.1564477493	-0.2723007187	-0.2521820462	-0.4138373504	0.6626269337	-1.036498932	-1.127820707	1.816323509	0.369577376	0.3683613976	-0.2658325674	-0.9167925871	-1.311303021	0.04625090877	0.234706931	-1.958612415	-0.6078834946	0.6021124427	-0.5034979385	-0.6402005864	-0.7838529396	0.2015549953	-0.04044866992	-0.4602970667	0.8269293215	-0.02947698964	0.9244511298	1.747234769	0.06058104655	-0.2094963609	0.592938358	0.250397209	0.09849075699	-0.8623696533	-0.1435005437	0.9916724414	0.5296462215	-0.2548648257	-0.882356413	-1.050527015	-1.048133373	-0.864440238	-0.09523074318	-0.4912772585	-0.2960643817	0.08338825235	0.6069975243
-0.8690370348	0.0857382194	-0.947562297	-1.740247457	-0.5680067802	1.052579941	-0.508588218	-0.197082378	0.07300215429	1.257354119	0.0568894753	0.3740225191	0.6678727219	-0.09072251213	0.712272673	-0.5891640757	0.4323202539	0.5545577904	1.682831582	0.3285027801	-0.6419488032	0.8940660396	-0.388350817	-0.8938977148	-0.1066947894	1.391113488	-0.1146847234	-0.1494869941	-0.3251892378	0.1081289667	1.651637304	0.379223924	1.16962631	0.08719008288	0.3774113269	1.017630735	1.246662595	1.173746306	1.434820464	3.213285916	0.5270722151	-0.6108937258	-0.8692234394	-0.5519945953	0.7137055624	0.3129973089	0.1921088238	-0.177854435	1.68604358	0.1665432221	-0.1687156446	0.3242656145	-0.8689366597	0.07794583626	1.293109194	-0.100388089	0.4474069493	0.09298615089	0.1966520147	-0.1216328814	-0.1336250905	0.8681620346	-1.035771662	-0.05102437669	0.1784140793	0.9046071724	0.05866463277	-0.5300496154	-0.01327446799	-0.01363196888	1.886458021	2.147273286	0.4025934386	-0.01218079288	0.2191210617	0.0883848567	-0.61252222	0.7628235697	-0.2855701575	0.2113352506	0.07550494724	1.411585297	-0.3350969022	-0.3441785286	0.240970971	0.8094984087	0.4436307344	-0.3124945691	1.266581053	-0.3590158511	1.134250598	-0.6244321846	0.1527146205	-0.3271758099	-0.7992544671	0.2246752472	0.04247575532	0.09326487401	-0.6659633472	0.0746686091	0.5685619349	0.7277561104	-1.193463765	0.07626285676	0.9241822335	-0.2923717829	-0.582729227	0.5476032748	1.235622385	0.7184499578	-0.02467476531	-0.3009885337	-1.355010228	1.671307344	-0.395433275	-1.036469388	-1.282599628	-1.983994879	-0.795618154	0.0397955156	1.777947922	-0.5186527002	-0.3972801845	-0.7097348277	-0.2101550073	-0.4227290654	1.018515156	0.3803604085	-0.7989278514	-0.01180131365	-0.4468955924	2.011876905	-0.5753344378	-1.378777541	0.505168281	0.4909430802	-0.1559466222	-1.714674509	0.8846736589	1.104991884	1.964005861	-0.4928129131	0.7502736722	1.744297299	0.7408111967	1.330034338	-0.5496204681	-0.1697276322	-0.1908770222	0.1445930884	-0.1661886811	-0.8920497419	0.4418214896	-0.8177620883	0.4360611689	-0.2329538988	-1.114711457	-0.3478627597	-0.3218436052	0.6926129584
-1.392212989	-0.3553823669	-0.1738353897	1.264788396	-0.9933225973	0.6940425337	-0.7145972674	-0.3096659231	-0.1195310438	0.2918276095	-0.006550071457	0.3208052151	0.4482817212	-0.7173319503	0.2421278595	-0.8255852401	0.8086099042	0.326983617	1.187423744	0.6906288905	-0.3692177159	0.2487460857	0.002738984593	-1.586978194	-0.7540709991	1.458364539	1.477136338	2.078836001	-0.4425598662	0.6027227332	1.602567206	-0.7277430656	-0.3505187704	0.003968091854	-0.2007993717	-0.1628004731	-0.2832058794	-0.6914074947	0.9562976817	2.761566842	-1.481179144	0.8557761204	0.8067202495	1.034069246	0.01854127675	-0.7137698669	-0.2268655466	0.1393335359	1.425906883	1.483696313	0.5820823499	0.4450295875	0.9977954783	-0.3521739028	0.08551587949	0.431141206	0.2307878486	0.1143014238	0.3939306999	0.7436194163	-0.5710992565	2.692852353	-1.169455078	-0.538979606	1.033810236	-1.377347254	-0.500809988	0.03715028811	0.5421043795	0.3581200353	-1.051460876	-0.5156083553	-0.198889261	0.05610250271	0.4438917916	0.4195669793	-0.67028009	-0.1753749556	-0.8489995504	-0.5014694888	-1.086148795	1.044476101	-0.4900043487	0.6671313098	-0.5324055577	1.016903818	-0.2062011403	-0.1092306744	-0.08427065084	-0.1272777762	0.9792230911	0.5848323669	0.3184879557	-0.4325992376	-0.8436934037	-0.2466147196	0.2222585057	1.48638161	-2.256100962	-0.9187820997	-0.9317303802	0.0943670277	-1.48107954	0.4213525482	1.107433715	-0.2543071683	-0.2822944091	-0.4101451687	0.5389615208	-0.1351811371	0.294860052	-0.8334486923	-0.5153430629	-0.2652140685	-0.1098160849	-0.0173507842	-0.7769710072	0.3238142431	-1.26529263	-0.2878420275	1.613894727	-0.1117545974	1.138357931	1.253411949	-0.3605708351	0.6190691612	1.386395468	-0.142495598	0.1734192928	-0.04753362519	-1.023045272	1.564544769	-0.1432302651	0.2836438672	-0.7215109479	0.4885480789	1.105215164	-0.9914116848	0.3297008035	0.1796720925	1.679142169	-0.9132170016	-0.6621554821	1.113592248	0.2289800702	0.8592569847	-0.130602069	-0.07027649239	-0.6230412133	0.8208791593	-1.094533686	-1.037201762	0.9905285171	-1.982475475	0.3544467166	-0.2520935272	-1.102947762	0.08335063069	-0.8677918287	-0.4562828795
1.10203784	0.0138515474	0.00278478519	-0.169781532	1.740184378	0.4014403937	2.10972736	-0.03312411725	0.0409789184	-0.3603685031	-0.2298378333	-0.2826780911	1.479315654	-0.5201022063	-0.03604355333	-0.01040272894	0.6646783923	0.2147179377	0.8822231618	1.037864857	-1.557297436	-0.5941608448	0.25635191	-2.379602467	1.452496781	1.036447568	-0.07371949681	0.3229467256	-0.0969866005	-0.9576792088	1.694652544	-1.269177925	-0.4473938229	0.5404791649	-0.3934611284	-0.2085609201	-1.661072423	1.405280796	0.4973504992	2.335326721	-0.7794862211	-0.6832086705	-1.317218629	0.533458328	0.5872827486	0.8515895525	-0.5290674728	0.2333967438	0.9603690019	-0.7695036159	-0.487704813	0.5768660828	-0.5727523649	-0.3828570642	-0.7494077057	0.6868502581	-0.06742574105	0.2520094143	-1.389691555	0.1157919554	-0.8090430857	-0.3854391146	-1.127224777	-0.2422193741	-0.7646495797	-1.224035347	-0.2762564283	-1.022781611	-0.9581828026	0.2970909073	-0.5071761625	-0.2998806422	-1.277218942	-0.3007006364	0.1864030232	-0.4284759204	-0.2996172193	-0.7220791621	-0.01745553784	-0.9382442783	-0.7063322235	0.2990367689	-0.8230902017	-0.5179678178	0.668313614	-0.02152390495	0.8709520281	0.1879596453	0.5244283239	0.1137356283	1.067319632	0.4282953953	-0.1422592894	-0.9691183937	0.03325848937	0.4165820503	0.3220339808	-1.394277574	-1.378629176	0.1199894639	-0.4421245482	0.309094811	-0.3052075853	0.03349830196	0.07541167545	-0.0001672356018	-0.1080379386	0.07645342511	0.2759523059	0.5771418841	0.1144680632	-0.2410816153	-0.2208870343	-1.005847121	1.139737166	-1.379402168	0.03179746315	0.2916656405	-1.837494828	-0.7511327253	1.845384829	-0.9915236008	0.5386424342	1.424312849	-0.8388167497	-0.9377735565	-0.719891593	-0.7034725302	0.303973628	-0.4639094445	0.2037745937	0.4362085147	-0.3564818058	-0.2112091336	0.1356749684	0.1977819952	0.2422896785	0.1927228308	0.3629642811	-0.237240287	1.408717954	-0.6212614462	-0.1876951066	-0.1255377565	-0.8492129525	-0.1429912061	-0.977847675	0.1439513645	1.263496327	-0.6081116085	-0.6450298801	-0.1464087738	0.8628481949	-1.216608717	-0.3596455274	0.5064158024	0.4266323061	0.188470879	-0.6703342178	-1.244083328
-1.04060046	0.1291186106	-1.049433776	-1.461571537	-0.5486796254	-0.1573914121	-0.4338608784	0.2718360704	0.04881356908	-0.7502365278	0.003672992358	-0.6466572974	0.574014429	-0.4101017028	-0.07072612636	-0.133556269	0.6200260345	0.5783630548	0.5812869878	0.8468624645	0.2665088004	-0.7144750425	0.7366710493	-1.73058605	-0.7167957526	0.6520927962	-1.126636932	0.06950552137	0.145322868	-0.2437332088	0.999966095	-0.9870623084	0.9207053719	-0.1857754187	-0.08931770344	0.9049839364	0.722662556	1.481502335	2.130371154	2.279471844	-0.009508063789	-0.7184209583	-0.4283078907	-0.3359973696	0.4306269015	-0.09075947144	2.639132365	0.4960100833	1.317891216	-0.7658258565	0.7301320169	0.2950673335	-0.834572325	-0.1061991099	0.1659391176	0.1621367153	-0.115896653	1.289597665	0.1921191497	-0.03280489426	-0.5253739387	-0.4064013544	-1.092814555	-0.2347788908	-0.1711171872	-0.597576017	-0.4905882706	-0.7943477051	-0.3744524375	0.2277902533	1.550403533	1.895312915	-1.106289878	-0.1575043819	0.3449426788	-2.043313903	-0.306942741	-0.295121315	-1.225082326	-0.6178223484	-1.019866752	0.302771911	-1.334788755	-0.3715027256	0.9606625592	0.1893470224	-0.7039923011	1.145741513	0.3648270744	-0.1496787281	1.805572361	-0.2113264662	-0.6751584154	-0.3413081728	0.3412294266	0.8110891754	-0.3954486668	-0.06956709235	0.2487771933	1.469788299	0.07692882523	0.6977704982	-0.563825009	0.1050143189	0.7838007522	0.7236867971	0.1307202874	0.2819543034	1.154732455	0.3422860423	0.9135882656	-0.8508112645	0.4364056151	1.078407315	0.459848688	-0.5867348779	-0.730071695	-1.569660925	-1.952528741	0.713405313	0.7228099595	0.2523896592	-1.175164341	0.6888250924	-0.249886896	-0.6360649406	0.4335746302	0.6605582936	-0.3677940065	0.3667268953	-0.3717091226	0.2874733585	-0.876723801	-2.018420374	-0.5385780329	0.2734322996	-0.599359079	-0.6924340282	0.4617979453	0.328009075	0.5545830673	-0.428931703	-0.9104064996	0.7259159241	-0.8050623978	0.8045431182	0.656502902	-0.9799952719	1.582181401	-0.3187908656	-0.8340132153	0.2382527136	0.9031932013	-0.3001540346	-1.254143206	-1.090449816	0.2839140201	0.004968683518	-1.187617738	0.05844159482
1.807000322	-0.1713689869	1.769945312	0.8060226878	0.5547060338	-0.330355482	-1.238116185	0.2538610786	-0.2517106045	-1.480351832	-0.08080507411	-0.1477141231	-0.211828287	-0.7888350742	-0.3627097694	-0.9555974092	1.214343413	-0.3105941254	0.4868400051	0.9931786593	-0.7526571361	0.1652925099	1.016735386	-0.6344364143	-0.7728449076	0.7785593974	-0.2287902404	0.04830706526	0.6036008501	0.8715566938	0.8702407371	-0.9248273892	-0.2685973565	0.2173365381	0.3531946549	-0.2221776406	1.131698176	-0.9776896852	-0.01481726894	1.763680039	-1.048112717	-0.6013952059	1.508415346	-0.1965842632	0.7162280895	-0.03529291376	-0.3799400362	0.9814963628	0.9482648262	0.4649202506	0.356797273	0.03022447559	-0.168062991	0.2263587205	0.2793692857	-0.8185678709	-0.2589331532	0.3427008279	3.260554089	0.7384035568	-0.7023597526	-0.4637698719	-1.588419627	0.3759949499	-0.07299134833	0.499758085	-0.3894931082	0.6654867792	0.1335060088	0.3091118538	-2.144873368	-1.072021563	-0.7009554685	0.4532067022	0.08842378006	-1.424156573	-0.722357684	-1.259121567	-0.114496611	-0.7480300236	-1.410867751	0.8609617811	-0.58234163	0.04847411614	1.068092165	0.2918337027	-0.8184785772	1.74942801	0.5649325496	-0.5760152554	0.9138595766	0.5012331814	-0.297297961	-0.7700336263	1.141861569	-0.1807537395	0.8067936572	0.2531811294	0.1298259679	0.6744144028	0.1028555861	0.2740836937	0.08091643082	-0.5780004164	0.0108446809	1.241300181	0.1917717191	0.009449394275	-0.64904765	0.7290007352	1.481472016	-0.2924013847	1.528801883	1.53458491	-0.3839767605	-0.7993372461	-0.04865367782	-0.1129551191	-1.691691559	1.110911428	0.6890502601	-0.8662878567	0.04861633056	1.531470861	-0.3352207411	-1.344546072	-0.1855353392	0.5420407782	-1.336853157	0.3050790422	-0.4429448314	-0.9836923795	-1.110768323	-0.798862925	-0.8188675656	-0.1940113811	-0.3003798755	-0.5804113794	-0.3925913671	-1.364591103	1.316527694	0.3093062944	-0.8781250164	0.08130352617	-0.7812885813	0.4140314731	0.9290151418	-0.5660564709	2.339055644	0.6742962372	-0.4532631369	0.6778775127	0.8899723312	-1.449862884	-1.14162887	-1.255340876	-0.1258257731	0.2451125329	-1.509121851	0.006643627159
-0.5044158611	-0.1736955317	-0.7414529386	-1.220786565	-0.2422084688	-0.246152095	0.1018920552	0.0943966644	0.1662543999	-1.426534247	-0.2615289115	0.4353120111	0.4893183239	0.9780003409	0.2415601826	-0.4571106416	1.276058958	0.02256150539	0.8778526079	0.7051481009	-0.5500793988	-0.01322350847	1.163113024	-0.2256052242	0.5222211846	0.7264558631	1.063689903	-0.5649444282	1.19441224	0.02629198211	1.020427878	-0.615283728	1.205808162	0.2340200167	0.1040922593	2.376155074	1.012939166	-0.3161340376	0.03494391526	1.209767407	0.2467394153	-1.086180956	0.5413803309	0.1300108141	0.7328317491	0.7249219323	-1.074505207	1.048279008	1.569358568	-1.039090479	1.060426545	0.0257104467	-0.2971294363	-0.1468597247	0.05904757167	-0.1251205155	-0.6234156766	0.8455348108	-0.1730116584	0.4779949133	-0.4074169234	0.2780571674	-1.290334598	0.8955170123	-1.070704682	0.08306902846	-0.1209494563	-0.3497916902	-0.4058947088	0.1296237301	0.9763725632	0.02054023757	-0.625656409	0.04153033498	0.1132551128	0.4996548514	-0.8931383796	0.01619479336	0.3024232711	-0.8865116325	1.004963753	1.380083626	-0.6228612034	0.5375065487	1.290583733	0.5170007607	0.3522000835	1.377167247	0.9240984769	-0.3256420141	0.7476982236	0.7696749443	0.0088546285	-0.7112037954	0.7157464884	-1.482666522	1.473902295	-0.9908507803	-0.3957279907	1.17557715	-0.02392731283	-0.05737839098	-0.154850977	-0.1966840712	-0.1041686117	-1.053682639	-0.969992551	0.2618162145	-0.7102143003	0.2133086222	0.4646729326	0.5186379056	0.3997755368	1.276256286	-0.3425586216	-1.400736408	-0.07048229921	-0.1542050727	-0.08159573652	1.328278545	0.4204614401	-1.17764665	-0.037337171	1.373137136	-0.3248038025	-0.5341456824	-0.3999271218	1.029348591	-0.5464728286	0.9488849022	0.1395974125	1.920542304	-0.1045529101	-0.7701874497	0.4985792604	0.2254928547	-0.1972054246	-2.239144337	-0.317242774	-0.01298388912	1.351228028	-0.4966086438	-1.512611228	2.535317398	-0.7032820585	-0.2502520045	0.4761376287	0.5113561929	1.481399378	0.2068578199	0.5281637359	0.4998910701	1.510601521	-0.7910015812	0.06277165242	-2.523461676	0.8344268239	0.07555732461	0.2145891693	-0.5503329406
0.7884832584	0.09386808261	0.8351118988	-0.136133191	-0.6298131579	-0.1732399636	-0.5463883893	0.3056216633	-0.2631089472	-0.8214486124	-0.3783067064	0.3069410467	0.6336136735	-1.022438223	0.8030896732	0.04977866037	0.7453787283	0.8421745365	0.4077921706	1.111110146	0.7083321059	0.03474357349	0.8943547692	0.2703066962	-0.5664979469	0.6955408524	-1.617987403	-0.02332366808	1.364079422	-0.1361334172	1.179014653	-0.4710548858	-1.497572425	-1.189352779	0.3119384476	-0.9515733029	1.570848534	1.331711806	1.656759031	0.4579603407	-1.04181629	0.8826470095	0.8819006776	-1.006521619	-0.4063283652	-1.257527304	-0.142757661	1.280109521	2.227490927	-0.3606274363	2.064897101	-0.06096707297	1.071755538	0.6587557812	0.7763607829	0.7906530936	-0.1313085275	2.603234919	1.689382702	0.02356686048	-0.5452932718	1.155186489	-0.7559531971	1.753868979	-2.052537844	0.709046935	-0.2122057624	-0.7616346307	0.9845654274	0.6969147013	0.2601229903	-0.5018352504	-0.4350371326	0.1077687582	0.7578249233	0.224049316	-1.49493093	-0.00427796342	-0.9892208749	-0.8786694416	-2.309760323	0.9981457987	-1.096776406	-1.316561774	0.6746910624	0.4859512323	-1.261481082	0.9754528322	-0.3523623459	-0.5562148604	1.195291993	0.5658358522	0.5083521202	-0.7409139705	0.580005273	-0.2094191794	0.8287688555	0.9704895889	-0.2338992972	0.3616248016	-0.0646710641	-0.4059421334	0.2792566467	-0.003465844899	1.666544881	-0.4948044856	-0.5199800111	-0.6959650079	0.5773615919	0.396162088	-0.4001168013	1.075172229	0.9838445091	0.0165079884	-0.4849885658	0.9363564841	-0.8389345463	0.4317736408	-1.239228969	0.3114072277	0.3230630793	-0.2983962925	2.665807717	1.218492214	0.6776620021	-0.6940243964	-0.2382259736	1.206693435	1.054521623	0.4360243578	0.3836258353	3.334240187	3.821600417	-0.04708103675	0.2646855424	-0.5101200589	0.3913246484	0.05971237226	0.4878610394	-0.1284159302	0.8997024914	0.2622661798	-2.714053088	0.1546977023	0.4136007822	0.4746664967	-0.2328271591	-0.4335628888	0.5512058633	-1.789499444	1.198395353	0.2973215811	1.181998094	0.06131265705	-2.3258127	-1.097177302	0.8686579741	-0.06453107993	-0.9581673448	-0.06774375764
-0.0197611773	0.9739467559	-0.4994652081	2.13461453	-0.6580451523	-0.2461834536	-0.06708277428	-0.1418187077	-0.2549651279	-0.7163915938	-0.1163703882	1.132219154	-0.966638374	-0.2283979736	0.4312782655	1.457132444	0.3581023748	1.236807125	0.2927980112	0.7083609349	0.9010589522	-0.8991168483	-0.01600472807	2.047953677	-1.15331566	-0.247119331	-2.571025859	-1.846406556	0.7031968668	0.1980403583	0.1697978233	1.463323862	0.05008113726	-3.184002591	0.7187709302	-0.3463454415	-0.3195502785	-0.3258214307	0.7038705206	0.8348024864	0.6192709514	-0.4356952877	-0.7110031805	-1.624569372	-0.1484766172	0.1331871356	-0.06897000325	1.81277364	1.638244113	2.289599336	0.0846875136	-0.8105741194	-2.524317561	1.034679537	0.7525494409	1.422663535	0.4847016228	3.642311252	1.474231566	0.2136022121	-0.403049525	-1.322158179	0.3400681697	2.307795771	2.897610792	0.9646996006	-0.6228430532	2.923699485	-0.6274149593	0.9725949011	2.65919068	-0.105898259	-0.2574496315	0.1423682835	-0.1200125416	2.234224272	-1.370112322	-2.040354539	0.5426129933	0.8073201851	0.6922992138	-0.1009542106	-0.4682815993	0.8958298819	0.4219512365	0.03341588658	0.61199238	0.4376196666	0.05824523338	5.679470327	2.668875455	-1.010568311	-0.356402148	-0.8166738644	0.2129574362	1.521974174	0.303157494	2.146911303	-2.399831535	-0.1374071457	1.184895749	1.018527341	0.8013183344	0.483513222	-0.01890281219	0.9384180125	0.5641865851	-1.212142727	1.935696746	2.982266903	-0.01031171101	1.200653023	0.613913639	-1.082691202	-0.300161544	4.505019003	-0.3381757833	-0.5606776983	-1.856005827	1.597757086	0.3305065738	1.575086145	7.452226237	-0.2078685195	2.839118605	-1.173210423	-0.1117656141	0.09431889807	0.412985874	0.05573020714	3.73539685	1.397277913	3.23178434	-0.9638391647	2.416072066	1.969822114	2.255604857	-0.523745983	1.696446743	-0.1726414103	-0.5543924348	1.580038215	-3.595090332	0.7835095862	1.415684587	1.257505165	-0.7274105901	-0.2872440171	2.816530299	-2.00929543	0.4281029611	-0.03992967011	-2.615438927	1.205181714	-1.227833515	-1.639759435	1.599240901	0.2760528189	-1.647660427	0.7853907637
0.1112736665	0.001506615284	-0.7489169064	-0.5128567974	-0.2184650491	0.9722996273	-0.1239514429	-0.4764499423	0.7318298334	-0.4673760172	0.5503910138	1.506300794	-0.7585070324	1.64981098	0.8123567787	0.4875659583	0.1865533527	0.5054775926	0.3564072273	0.6127869852	1.469445623	-0.3267709985	-1.306349622	2.558879997	0.9173133195	-0.7474931381	2.112864135	1.434954801	0.5969253012	0.3883881442	0.5257496234	1.859632909	0.6771308488	0.911979543	1.960142739	2.740022842	-0.1780665538	-0.2149541322	-0.9375499032	0.6627062747	1.090889844	-1.219984175	-0.7628383549	0.4113249809	-0.9605106271	2.275334423	-0.4332677697	1.850987714	0.7505020018	0.9414745532	1.467381393	0.06630299733	-0.3087622305	0.7700313816	1.014412123	0.5478545942	2.270244486	-0.1477443323	-0.7907026237	1.733112092	0.2503596899	0.1103642801	0.6535381783	2.361801975	-0.2900576676	-0.9921718277	-0.6503476534	-0.7912538196	-0.9244636205	1.698217754	2.040844816	0.6849105885	-0.007683612641	2.325129816	-1.044376152	-0.8474080783	-1.014575433	0.1780882175	-1.113773116	1.814007121	0.9036934973	0.04530284308	0.1260263009	-0.04213938568	1.692732627	1.334258095	-0.1771143419	1.079137879	0.3559937903	0.04702918818	1.471208918	1.715439989	-0.1484641241	0.3603849893	-1.294282442	1.144703194	0.2643911519	2.245535401	2.079349438	0.6574833058	0.01953923869	1.466733407	-0.7757036109	1.585654774	-0.511056238	1.730150678	-0.4728763589	0.3037540688	0.2085553319	0.4125697286	0.9732583291	0.6949758103	0.7491179362	1.598340392	-0.1520300543	1.087877936	-0.6299706904	0.4003544019	-0.6580000426	1.520831516	-0.7480807948	-1.590498065	-0.4440076185	-0.2307611128	-1.307317541	0.1346777546	1.33808795	0.1230500458	0.6525120725	0.2680484479	0.3931008302	0.7812709567	-0.3007398814	0.03796635761	-0.5160409399	0.8813450469	0.6929027322	-0.2265411662	0.08438876689	-0.8038574419	-1.333498837	0.1950463814	1.310613589	-0.4554914968	0.6300745648	1.82856667	-0.9959183586	-0.7385398448	1.809100061	-0.4877657277	-0.2973277593	-0.356503823	1.087167204	0.9564153653	-0.05802970726	-3.089796059	1.107077181	-1.473844819	-0.4886841095	-2.067012318
1.888013061	0.4918682718	1.580453607	0.09655725933	1.10322375	2.112163186	-0.4634017774	0.5164328835	0.0662868862	0.2193534469	-0.1725880001	2.151121711	0.3139056911	-0.6040131571	-0.05467604671	-0.7635190213	0.351992956	-0.337539682	-0.5243466029	0.259231968	0.4218989981	0.3588201563	-1.502534192	2.954869395	2.495481811	-1.36018668	-1.26894645	1.450149777	0.2432126632	-0.6472218286	0.8936033234	1.079911179	-0.5620098648	1.276010883	1.296002377	-0.02388540183	1.447042121	1.4900418	-0.3976465511	-0.6059626996	0.2433164689	-0.3831220804	-0.857356653	0.6186365533	-0.04223779905	1.061714005	-0.2971133034	0.2782346164	0.3323283435	1.603111713	-1.258162108	-0.06649991633	0.1040962047	0.6220014207	1.199516701	1.573500671	1.961097081	-1.034336466	-0.7211809471	2.071832897	-0.05626794418	0.5318710131	0.1337747493	2.140494167	0.8062041548	0.1547314995	-0.3900048252	-0.8925584748	-0.08293005445	0.6957413657	-0.260223731	-1.365236018	-0.2769581817	2.507729929	-0.8869390756	0.2913007563	-1.234124233	-0.2442834735	1.195639128	1.104730102	-0.759361466	-0.2654311374	-0.3625848367	-1.176907961	-0.2286071323	0.3072882575	0.5821690049	0.0431993627	-0.3845786795	-0.508309876	0.1347380795	1.567359726	0.6708807756	-0.9159146415	-1.038054449	1.87518873	1.259943039	0.660388612	0.2805786009	-0.725893347	0.3131873739	1.159867948	-0.1671011173	0.3061397245	-1.265095869	0.7691790891	-1.433007663	0.3816323101	0.9784323325	-0.3025877419	-0.01666986529	0.4132842539	-0.4918611534	-1.298677182	0.4587695186	-0.9353347935	-1.503218537	-0.6607091959	-0.6325176279	0.4834070487	0.0608539119	-0.408241959	0.1834196913	-1.288146525	-2.608068581	-0.2912590611	0.2658257163	-0.773946635	1.741071298	1.428234844	0.9019476915	-0.7336824654	0.2184687747	-0.88642196	1.123667288	-0.5484061397	-0.07883620714	0.8086746215	0.7466462323	-0.7033317028	-0.1196612963	0.1614449428	0.2686638325	-0.5156749479	1.864312928	0.4310249188	-0.2240452421	-0.3209424612	0.8599586184	-0.6422187844	0.4760593598	-0.6433262343	0.5778323517	-0.2907545837	-0.2627681063	1.30209278	1.250868987	-1.338367107	-2.37315124	-0.331923776
-0.4788850252	1.26754297	-0.06404593339	0.6661422831	-0.3457192081	2.189145358	-0.2243146491	0.1124082896	0.09968901611	0.4331551688	-0.7525948436	1.943462554	-0.3390512025	0.02081191387	-0.2527270466	-0.2176601128	-0.4048362538	-0.649465304	-1.323237044	-0.2872907987	-0.6660638171	-0.2030265533	-1.888025838	2.483302305	-0.6895011782	-2.319326305	-2.336482874	0.5015614038	-0.9513251012	-0.1204544572	0.2823475631	0.3341528544	0.4349085972	0.5613894729	-0.7665700864	0.9064764516	-0.278409394	1.027112041	-0.09390160834	-2.050111959	0.7487778349	-1.299439929	-0.5290102574	1.047383467	-0.8666398834	0.5263842965	1.500749724	-1.022523626	-0.586565108	0.2041589315	-2.199912332	0.07124445173	-0.4925737636	0.2707385997	0.1410673371	3.133626081	1.205168024	-0.6332554066	-0.7891667405	0.4003092626	-0.896279534	-0.3034141821	0.3803810179	1.42569402	0.1666506213	1.424081286	-0.7464353008	-0.2287034822	-0.09843083284	-0.3937401661	2.617835232	-0.67102798	-1.365360404	1.017239364	0.005052912425	0.5208253232	-0.9570925454	-0.5995834761	2.233300927	0.2805919191	-0.9038317114	-0.8856685702	-1.290640964	2.860404013	-0.1641067972	-0.04889152647	0.9004722042	-1.639772824	-0.5713950238	0.7470692606	-0.28622356	0.5819875529	0.8791440427	-2.019344045	-0.8935952912	1.415452554	2.290873897	-0.4078363786	2.018100558	-0.6570974502	0.4590636523	0.5911067315	-0.2632536918	0.7664684717	-1.556486011	0.9962650205	-1.031045095	0.4031491845	0.7233285449	0.2040382441	-0.7803506271	-0.1488148031	0.7970005988	-1.071477194	0.6877584595	-0.582959298	-0.7404097733	-3.125055174	0.1589135948	1.322427157	-0.4943791256	0.3339702518	-0.2917891319	-0.8483890646	-2.348702142	0.3190859189	-0.03143772548	-0.8945881963	1.764595224	3.155860872	-0.4919730058	0.40585323	0.1487383569	-1.672297939	1.676155246	-1.918187078	0.4796852196	1.01592114	1.343353609	-0.2761026525	-0.1965134654	-0.9526766246	-0.7115980504	0.5455073236	0.8753488885	1.134180171	2.092648926	1.63582268	-0.5942955192	0.2695884124	0.3689392081	-0.3086868605	-1.223731789	0.3808258874	0.4949937034	0.8709617838	0.8861759501	0.03511007551	-2.270675029	0.7603131309
0.5661166294	1.187117067	-0.121398062	-0.5295648643	2.12492397	1.821392522	2.352684983	0.7469471776	0.01343841479	0.4017697724	-1.042111635	0.04231544604	-2.068257532	0.05967189042	1.54924104	3.682107547	-1.530689045	-0.4422555089	-1.437156306	-0.6377221518	-1.685186653	-0.3858942307	-2.634241246	1.515528176	0.4652164954	-2.297385897	0.5001347037	1.780535799	-0.4299767127	-0.7044615905	-1.04927176	-1.335984394	-1.647488702	0.1689009959	-0.4898869521	-0.721870631	0.2384830211	1.526685386	-1.653876081	-2.193018363	-1.529939914	-0.5910433077	-0.3853762605	1.024429949	-3.089997615	2.176739657	-1.164729978	-2.352022217	-0.9793038928	-0.3984780628	-0.6196362213	-0.2992598093	0.5489921933	-0.3207558685	-0.3515500756	0.4662827104	1.676965842	-1.694323089	-0.1168107991	0.6385023755	-0.6258427289	-0.6849308002	-1.082123627	1.435567413	0.6051552938	-2.260980576	-1.112099871	0.9444469217	0.7665267875	-0.2396847824	4.562801166	-0.7697839134	-1.832089544	-0.4986416722	-0.3482399196	2.061974985	-0.2872780871	1.143907654	-0.7166721491	-1.194871384	1.747578649	-1.122341894	-1.638424881	2.150250501	-0.8858623104	-0.2761469104	0.9887850207	-2.263074155	0.09807504181	-0.3230057513	0.5115412212	1.41188696	-0.5757346063	-1.233246426	-1.436729687	1.303493082	0.8966104615	0.08367346053	0.202310172	-0.619555788	-0.09635490833	-2.088288714	-0.3380685446	1.062523576	-0.1030357638	0.9098017214	-1.009543362	0.7441980621	-0.5279048439	1.185257967	-2.057089335	-2.35697572	-0.1174681084	-0.4070410494	0.7441512129	-0.2325245393	-0.7104755321	0.7423065229	0.2138326592	-1.641779684	-1.183598823	-2.314222571	-1.315711025	0.3561474222	-1.404568387	-0.009556080285	0.3224191272	-0.7080918625	-0.7408290067	0.7301608128	-0.525964697	0.511851157	0.176339614	2.322977084	-0.9349861826	-0.8634736785	1.635975728	1.558893575	1.918213275	-2.984160042	-1.158474842	0.2036788404	1.87903213	-1.206729961	-0.04222179517	1.911943836	-0.6019432412	1.761006656	-2.920121175	0.1114935761	-0.3315444689	2.329291739	-2.454653785	-0.1507727448	-0.5396106349	1.487376762	0.2727596034	0.3328844411	0.3983698306	0.2553367422
0.2271945047	0.05643155561	2.544737738	1.233859798	-1.114704807	1.314236643	-0.5767409045	0.6762867537	-0.3014973659	0.7755032663	-0.8777719799	-0.5924131109	-0.9105566625	0.06596914583	1.868839718	0.7091937258	-1.950658374	-1.798648834	-1.870254461	-0.7588060649	-0.08657130919	-2.24012823	-2.083183318	0.07063924633	-0.4596305606	-2.680351988	0.2302783343	-0.8533697119	-1.190435368	-2.217738755	-1.717845026	-0.5309488713	-0.2049508233	0.7272712243	-1.10296084	0.780051617	0.3007447029	1.071383015	-1.357862457	-2.080877447	0.02772421508	1.193264614	-0.8147598214	-1.082151767	-1.359665268	3.456050641	1.743183102	-2.433479976	-1.389011122	-2.040351211	-5.170019364	-0.7456502629	0.6220774448	-0.6106105942	-1.426284378	-0.1410281869	0.5260530936	-2.157174977	1.013451905	-0.1688178008	-0.5140462991	-0.5676797726	1.052853176	0.1939370712	-0.603097093	0.4536980098	-0.8127422787	-0.5750928222	1.635092973	-0.2684814484	0.9338025864	0.1955894727	-2.373658077	-0.1736499964	1.170420844	0.1093962524	-1.78475776	0.6890234332	1.01682302	-1.575192583	-1.367829319	-1.101011477	-2.394655241	-0.6383360825	-0.4093539656	-0.5026731872	1.287290982	-1.845221604	0.01719069655	-0.4643269871	-1.76142548	-0.4936552649	-0.1094475396	1.625221018	-2.089871735	-0.9283439154	-0.4405574436	-2.266878367	0.2584369036	1.451838173	-2.724777161	-0.6338165024	-0.861287284	1.717574182	-0.7128988423	0.005491205271	-1.287660578	1.378466593	2.022607347	2.043469235	-2.955334707	0.005485451938	-0.5802326375	0.9724869015	-0.4895929022	1.27937266	0.2121437165	2.118861326	-0.3264534414	0.8259866603	0.1053947287	-0.1056644342	0.1151366997	1.361246592	-1.16748575	-0.1075288423	1.843555977	-0.8327040677	-0.7494339883	2.398688976	0.1519216499	0.2893416039	1.60029684	1.755600127	1.079433583	-1.68489769	0.7114718329	-1.389516445	-0.6583588313	-1.177665127	-0.9805765715	0.3423263546	2.654547508	-0.9517308262	-0.3477214845	2.083178926	-0.6213090965	2.106058861	-0.1876524155	-1.422066933	0.2349136516	3.186827254	0.3957744309	1.534558258	-0.9734550423	0.1543555935	-0.6177180418	2.014915946	-0.1880977079	1.681375884
-0.8769083182	0.1805968317	-1.090098728	-0.4255022727	-0.07969884867	0.6317101745	-0.2292816271	-0.2177304025	0.3782974201	0.9130550719	-0.8953749033	-1.603960258	0.6949200284	-0.1779347071	1.028714363	-1.352029473	-1.365254641	-0.3807953672	-2.579636127	-1.242083315	1.345579465	-1.89101929	-1.933603685	-0.01008622035	-0.5839585931	-1.860140287	-1.929506519	-0.2746251078	-0.8446950449	-1.410674654	-1.541217036	-0.04448927726	0.3155901647	-0.3848632213	-0.6767758477	1.358602618	0.03613727252	-1.106719343	0.130001749	-1.283472179	0.2733175862	0.2164620577	-0.8602295597	-1.811544949	-1.28617508	-0.1725741474	3.345856767	-1.291946051	-1.180058175	0.2976602501	-0.9596165996	-0.2788162796	-0.843361965	-0.4120816131	-2.200926751	0.183885895	1.171367448	-0.9171583199	-0.4490302645	0.4204150681	-0.5055445692	0.1268894198	2.408888166	-0.03001571509	-0.7107806222	-0.4007319842	-0.2484539294	0.09702671308	-1.384356753	1.174276535	1.129369411	0.5543961691	-1.058497275	2.210021856	0.6282006406	-1.525324626	-2.598159003	0.4479946599	-1.729243764	-0.7526140195	-1.393909809	-1.311256805	-1.416155417	1.35108041	1.331840951	0.06734246796	0.1195878641	-0.5444744305	0.191462857	-0.8784539578	-0.2567301825	0.2634737799	-1.040079693	1.539107172	-0.8145306217	0.5954011454	-0.16979256	-1.531056611	1.626722968	1.958351475	-2.111277952	-0.6083560958	-0.4489060089	1.079861292	2.101113115	0.06336972213	0.7136842913	0.8200052968	1.583363276	-2.09818594	-1.313992538	0.2407874528	2.146060582	0.206056536	1.227308479	0.6403392728	1.282307055	0.4378288591	1.376002535	0.1510012161	-0.6178571867	0.4043065926	-0.8127396606	0.6387412388	-1.207259935	-0.1690671652	0.7701087759	-1.002769608	-0.505353352	2.104759432	0.1688847481	-1.206247629	-0.5023749402	-0.6885851211	-0.1773037201	-1.562350359	0.1106366796	0.02677356234	0.1668766837	1.57096748	-1.324792292	-0.598531894	0.2248201266	0.6875088898	1.230724983	1.641555355	1.074880817	-0.01684586135	-1.377194513	-1.866231761	0.2211093556	1.371398835	0.9500798077	3.651036701	-0.379533387	-0.3696885718	-0.05096138516	2.028023903	0.4792702292	1.858136465
1.413146522	0.1673368271	1.555093979	0.5724778506	1.342478031	0.8425999825	-0.8753868252	-0.6992409494	0.09584372121	0.08104849522	-0.6963056367	-0.5346668985	0.3005857213	-1.106922505	1.349738182	-1.560267847	-1.21848539	0.4195963324	-1.682981113	-0.5577407844	0.4074411294	-1.926826943	-1.634533087	-0.4783664752	-0.8215620128	-1.706960124	0.1887123028	0.07529105279	0.08615091867	0.5488644003	-0.6748159909	-0.2087028743	-0.6744330749	0.2180187661	-0.3545826436	-1.304463724	1.062730369	-1.666839931	-0.962114985	-1.730084739	-0.695138834	-0.7483051241	0.0289116677	0.8245839158	-1.824714354	0.0225929015	-0.8815106294	-1.191919108	-0.5293136122	0.4911610306	1.341248912	0.1166234911	-0.9059816551	-0.04080676089	-3.231142919	-1.546214741	-0.05308128707	-1.162328763	0.8512728852	-0.8387388602	-0.3923294308	0.2504757821	1.117205288	0.6882268334	-2.104137979	0.4211203977	0.08386685885	0.3499602336	-1.128570346	0.9026151634	0.02098317228	-1.188867834	-0.8075473369	2.174812949	-0.8680893109	-0.1311560841	0.1020255825	-0.3608078737	-0.9000619824	-0.8465614062	-1.111253237	-1.500864232	-0.8408470074	1.445044749	0.9126991962	-0.7647327735	0.3466106571	-0.6798005514	-0.3970516531	-1.498218723	-0.6725922888	-0.3227526854	-2.003738599	0.9154443734	-0.05517018714	-0.1691053818	1.158604358	0.1051312348	-0.006742954601	-0.0433642742	-0.9841854771	-1.507175932	-0.1428775319	-0.2065561767	3.330671722	-0.5766337605	0.2694170801	-0.01024926529	-1.968844363	-1.765357058	-0.5700797935	-0.6255827184	0.965687622	-1.297347061	0.9370168985	0.5559436043	0.7401273237	-0.005388965371	0.8420102168	-1.68893238	-1.431506051	-1.371350047	-1.716384814	0.8938664547	-1.777846123	-0.9210926929	0.03880863528	-0.7472213953	0.284783615	0.8522608775	0.336072003	-1.702213448	0.136017265	0.9424336432	-1.32305381	-1.669530101	1.412401573	0.4428600195	-0.06254463898	0.3497443726	0.2905620679	-0.3848375608	-0.3900580456	-1.005442534	1.349408991	1.322163059	0.9653671801	0.1411419607	-3.091813693	-4.668353963	-0.8141789058	-0.5872374178	0.53766726	1.400414858	-0.8333952338	-1.236893266	-0.006795274709	-0.2017399669	1.701728959	-0.955859503
0.03404802983	-0.05950496437	0.2413704124	-0.9707991185	-0.1261853537	-0.1857285577	0.942527066	-0.6346613343	-0.2109206163	-0.7926199875	-1.810007316	0.0639951661	0.1382190881	1.28989852	1.210487963	-0.03512949195	-2.187347517	0.08591484696	-1.331962207	-0.4799978071	0.1353383813	-2.469460707	-1.433304163	-0.2304954865	0.7713092969	-2.483455537	-0.3266856693	-0.6190397449	-0.343103699	0.07268962978	-1.390815537	-0.6108600016	2.103402607	0.6628844723	-1.501631726	-0.8651888739	1.022563501	-1.609664946	-1.269106043	-1.61511389	1.157706467	-0.7175609122	0.4214342831	1.515733079	-1.721774979	0.4272630407	-0.3132806197	-1.137168035	-1.464726074	-0.1627827862	1.133535633	0.09664049045	-0.0009900035819	-0.4971743603	-3.214655512	-0.5017275563	-2.559608096	-1.139044664	-0.5412151951	-2.380097162	-1.023055328	-0.9526219555	0.5598575549	0.467285206	-0.2533839908	0.3673313537	-0.1495528979	0.3338147134	-0.7610758087	0.02896812148	1.146391984	-0.5302023205	-1.426230698	-0.5696531732	-1.028268607	1.110853064	0.1836871087	0.2208020864	0.5672313402	-1.593801609	-0.003800354593	-0.6068635524	-1.794003445	-0.5859474204	-1.153804302	-2.118758471	0.5831528371	-1.333885256	-1.882339982	0.5248474754	-0.8820699022	-1.387919562	-2.213084538	0.6847086875	-0.5818359266	-2.353465342	-0.8516429932	-0.586221723	-0.1941928391	-1.214757587	-1.1362862	-1.1196535	-1.365973359	-1.021430227	1.650655779	0.1983429929	-0.1105074219	0.03751630412	-1.391760128	-0.2358182731	-0.3689305296	0.01870995593	-1.98338162	-1.995714759	0.6166769817	-0.2593858083	-0.4737827812	-1.748814458	-1.434089651	-0.549968996	-1.501429172	-1.341002547	-1.241319534	0.3814999153	-2.302150453	-0.8025856454	-0.3259872441	-0.2156149854	1.239752607	0.9147817085	-0.2400640076	-1.189679624	0.4783843424	1.46717127	-1.769666656	-0.9897948136	0.7983195675	-1.467488123	-1.023979872	1.174934523	0.709594934	-0.1738176032	0.3382178325	-1.447713479	0.5041412174	0.1273819544	1.75493728	0.2873621591	-2.299710914	-3.517322808	0.1749461728	0.7124062608	-1.404731361	-0.01402053279	0.01688443871	-1.230400734	-0.1308492963	-1.081574801	0.08870897651	-0.6585945534
-0.9274984067	-0.1896337447	-0.8443791703	1.205458261	-1.096211232	-1.374545548	-0.804394043	-0.8682421987	-0.4913615442	-1.408958714	-3.222672078	-0.8600823771	0.02074645865	-0.3735489106	1.286429073	-0.5771245698	-2.463597265	0.1154487942	-0.8081411538	-1.541578511	0.6527718499	-2.712444976	-2.11822055	0.6866771106	-0.2409699381	-2.802946114	-0.04144011252	2.319496103	-1.773361356	-0.8237717057	-1.438882617	-0.4312092105	-1.124249257	0.485384637	-1.760578725	-0.8686509148	-0.3934732244	-0.5732381947	-0.2886323425	-0.7681281692	-1.012100639	0.9011368627	-0.3251261012	-0.1129732046	-1.707423739	-0.4214480376	0.4549594155	-0.2430425352	-3.633199766	0.2056236641	1.29042034	-0.945657835	1.838467154	-1.067876987	-2.782638155	-0.5843706238	-3.107787892	-1.027512547	0.2032069056	-1.080807236	-1.676330537	-1.257409476	0.858911804	-0.04032907617	-0.01895740234	1.144024215	-0.3069111221	0.4910245542	0.1856234046	-1.344026979	0.2960436963	0.3055772226	-1.969620966	-2.451220504	-1.181230805	0.7619448622	-0.03930828392	-1.328778827	-1.507808577	-1.526633611	-0.8954956234	-0.3078695062	-2.089350417	0.7761207323	-2.975399109	-2.002822529	0.5600838059	-1.883693336	-2.211323916	-0.05704953452	-0.9423646444	-1.45618214	-1.877648827	-0.06125886624	-0.7723526479	-1.692674666	0.4295135559	-0.9557357074	-0.9815381653	-0.9360100694	-1.058664636	-1.486555874	-2.031968155	-0.7680900202	1.679818748	-0.6930159225	-0.5777013906	-1.619248119	0.3132605777	-1.983095197	-0.5874219057	-0.08828434866	-0.6880487878	-0.3684033934	0.8057518854	-0.2660945102	-0.5314386625	-1.068715616	-2.952054725	-0.3541796218	-0.9659511369	-0.280649218	-1.88015056	0.5921544509	-1.327469396	-1.100424563	-1.26225223	-1.101434339	1.549775385	0.9512213325	-0.4953024815	-1.581925609	-1.64833134	0.7381943403	-1.470526541	-1.397916714	2.138074574	-1.509414518	-0.6833550699	0.07974616159	-0.7849868653	-0.534315865	0.4518318751	0.1633322384	1.822280025	-1.427259709	-0.3314582829	-1.398330955	-2.342700425	-1.550033715	-0.3940420032	0.5099159477	-1.607136399	1.491578161	-0.4695314964	0.2140866858	-0.8627152352	-0.5727186802	0.6019362882	-0.707002357
1.206345212	-0.05025626904	0.7198612787	0.4128901048	1.380313551	-1.871866209	-0.02177672331	-0.6577159347	-0.4645483831	-1.521282637	-2.823134666	-0.7784993118	-0.4386109112	-0.6511784452	1.193531213	-0.8500246006	-2.254611257	0.01708850028	-1.050679794	-2.107941733	0.2467357366	-3.24602619	-3.297149929	1.192773967	2.519190426	-3.426016396	-0.6868507826	0.7941898065	-3.378630502	-1.63869166	-1.407251688	-1.05789177	-1.353970414	0.666109526	-1.497188621	-0.5184875968	-0.9929731933	0.2895334046	-1.08906238	-0.9402369317	-1.301695576	-1.43041108	0.4319990337	-1.242135764	-1.542838924	-0.03829507764	-1.40754264	-0.4095510774	-4.582843326	0.6057345216	-0.02909746499	-1.944733346	-1.931980314	-0.7681979805	-3.010553752	-1.464935998	-2.535230529	-1.796677754	0.4775175447	-0.5554198039	-1.734874232	-0.8035729887	0.9565376913	-0.5069848496	0.4313642579	0.2438238212	-0.8731772694	0.1262653883	-1.798492947	-2.938930875	-0.2591619115	-1.670766797	-2.447791179	-2.713285366	-0.8599155812	-0.1831591395	0.01494154504	0.374248967	-1.887292246	-1.841989147	0.1506425955	-0.4569371804	-2.27941937	-0.9621756798	-0.02536930219	-2.071573387	0.06965803077	-2.429177587	-1.137744283	-1.027558889	-0.3548316509	-2.075771996	-0.4752293373	0.3474677982	-2.33296196	0.04614770399	0.7664369783	-2.232787553	0.536141513	-0.5737741389	-1.562180813	-2.513122228	-1.572123407	-1.114494752	-0.2618569013	-0.08082044552	-1.223923755	-1.314383551	-0.8178391796	-2.195181716	-0.9659465758	0.08937286679	0.5393325828	-0.7839232525	0.01685369781	-0.6416573114	-0.380426793	-2.099404644	-3.638344784	-0.885508351	-1.322790749	-0.1061714976	-1.197257194	0.3765146682	-1.417458928	-0.5690481442	-2.890862286	0.05676828145	0.2421298303	0.7603893919	0.214450538	-1.72238301	-0.03142538436	0.4814673476	-0.06030300313	-0.3147172592	1.899350206	1.023772103	-0.1914280701	-1.522328928	-1.928210536	0.2831945881	0.05842096417	0.074992695	0.815844422	-2.832091908	-0.4660769032	-0.7990675702	-1.109084286	-1.574724944	-1.163786319	-1.56257151	-1.406688526	-0.1442710448	-0.6632669265	0.9765093394	0.7209183882	2.639695471	1.207515974	-0.2070846003
-0.02894927438	-0.5182186869	-0.5295564224	-1.282705213	-0.6852511774	-1.34468928	0.3836165185	-0.8340705556	-0.1649560236	-1.528604526	-1.973160071	-0.6336574457	0.005592783767	1.181995763	0.7620915581	0.4071512623	-2.211331544	0.3785560845	-2.308233538	-1.656797812	0.2142914969	-2.968752436	-3.479136672	0.8669465691	0.1722426864	-3.196895322	-0.5125945169	-1.10138263	-4.362266527	-2.017245973	-2.281684062	-2.073151879	1.70540349	-0.2944045823	-1.694564034	2.014649607	-0.3057907233	-0.9533761106	-0.8324173343	-1.031022439	-0.284177814	-1.23511052	-0.2055169183	-0.9367779714	-0.7749066668	-0.4725944437	-0.5686107987	-1.697441495	-4.724941279	-0.2882849573	0.9161413818	-1.900274236	-0.7889870573	-1.930444826	-2.783569591	-2.51216698	-2.344339243	-1.1351549	0.09454354873	-1.987408651	-1.924204763	-1.316131433	1.274453547	-1.640189593	-0.5532399771	0.3693610069	-2.29103637	-0.1897962222	0.1767847341	-2.083634976	1.452483388	-1.251682976	-2.53288815	-2.49030211	-0.7411351261	1.399523584	0.2978270407	0.4945070997	-1.520571944	-3.345401969	0.6316596291	-0.9552482835	-2.361975753	-1.6985883	-0.7227991707	-1.767167414	-1.42069234	-1.465837391	-2.119602948	0.1451514928	0.1276102059	-1.765237514	0.5928092146	0.5698519625	-3.510397078	-0.8829029045	-0.2510575362	-1.446976953	1.624010475	-0.1133321946	-1.625082293	-2.983151143	-2.84044675	-1.957969991	0.1482886725	-0.7549178256	0.6241401009	0.2156460046	0.1884071978	-2.129966777	-0.2322245297	-0.3395914689	-1.069219999	-0.7830992636	0.8531210316	0.3190969319	-1.182276106	-2.500257275	-3.823233787	-0.939270972	-1.431397651	0.7881545174	-1.22593336	-0.505612848	-0.6254054663	0.4681862881	-2.676728574	-0.2003555003	0.7346665847	0.5876502233	0.1293591391	-0.6518407927	0.5520731242	0.6648910282	-1.302602175	1.240414287	0.4297281317	-0.1842865664	-1.9243082	-0.9803234301	-0.5922831824	-0.04617490961	0.9619273743	-1.327514742	-0.6393153907	-2.491526404	2.391694242	-0.8600503947	-1.376286497	-0.4429086269	-0.4027761179	0.05464432817	-1.327639013	-0.3910645569	-2.736856618	0.499892361	0.7309563672	0.4559571682	0.9087879338	0.4789139789
-0.765388309	-0.4186289276	-0.9879505862	1.608465718	-0.8212572819	-1.575086174	-0.5738425267	-0.5697071929	-0.4211509228	-1.717058123	-1.594591351	-1.68786799	0.09249572146	-0.4305856882	0.4685003942	-0.538889827	-2.106805392	0.1821096851	-3.241724728	-1.071304926	0.495544219	-2.982615035	-2.889584005	0.397186923	-0.5893130481	-2.74259159	-0.3302384136	0.8840364328	-4.56209163	-1.157312397	-1.928725157	-2.202438704	-1.337240974	0.3923197085	-1.714009355	-0.4407878643	-1.543859048	-1.602896473	-0.4679633011	-1.137125151	-0.9423771751	0.590233466	-0.8720059326	-1.737997051	0.1574506086	-0.9193488149	0.3143080258	-2.474485064	-3.476496939	1.072324395	-0.3097311902	-1.713656057	1.64589132	-3.293496748	-2.715711624	-3.033402548	-1.79570489	-1.607865908	0.521950841	-1.629624252	-1.915302031	-1.711570893	1.243770885	-2.452495912	0.2554200259	1.408430016	-2.56172931	0.7525802962	1.57926017	-2.330289841	-0.328335709	-0.1467730537	-2.497822935	-2.117729138	-0.9949472707	0.06357360832	0.7769516849	-0.9438634636	-2.003767203	-2.971798508	0.2353003877	-1.93429269	-1.886630449	1.018305755	-2.026038902	-2.253948581	-1.201546585	-1.013805024	-1.402497066	0.5329697238	-0.903718829	-0.8552369551	0.2587197138	-0.05034327722	-3.175262324	-1.57573076	-0.01196416861	-1.309438658	0.1095888837	-0.929859648	-0.3883433732	-3.033479946	-2.149174914	-1.64021627	-0.1092084039	-2.082452522	0.2699979842	0.1607960491	0.7663534602	-0.8720755858	-0.009247358484	-1.004773742	-1.117926632	0.05974911595	0.9457756785	-0.2325810175	-1.090091954	-0.4247244249	-2.605739313	-0.4872056673	-1.131306856	-0.1287124712	-1.07444191	-1.577058953	-0.04602682078	-0.1856269765	-3.199716799	-1.108476757	0.7764382381	0.5973869341	1.181867556	-0.5457133259	-1.227636776	-0.258998009	-1.471233627	0.3040564344	0.692749535	0.4964938084	-2.359735443	-2.220321196	0.3021589541	-0.9662388061	0.7264670808	-0.6984721328	1.269762248	-1.524502424	1.232443128	-0.3049290286	-0.6787431066	-0.6343828402	-2.158892755	1.186647306	-1.386298788	1.156086207	-1.945509607	0.5232645708	0.353839345	-0.2445032255	-0.2906210982	0.7032518497
1.280963174	0.06786483447	0.5256291385	0.3123116547	1.633918193	-1.234509123	1.974799892	-0.06598841106	0.04619402978	-1.453087833	-1.418277768	-2.130792665	0.4556897032	-1.022133436	0.5224613033	-0.207710941	-2.003052304	0.1972597317	-3.327684829	-1.050929072	0.2966361172	-2.93096942	-2.022119207	0.5005278767	1.896207174	-2.176772626	-1.003455753	-0.3691976249	-3.709596569	-1.649164483	-2.211702413	-1.169631775	-1.862058623	0.2381762754	-0.9869316156	-0.7911762613	-1.961618132	0.6869806886	-0.6030516742	-1.647119226	-0.7402301516	-0.9312741224	-1.283650719	-2.834525026	-0.1353642897	-0.467313132	-0.4794935111	-2.928434172	-1.618816407	0.2634033168	-0.6047332032	-0.450597724	-1.195494057	-2.62815802	-2.839244042	-2.978559148	-0.9282240629	-2.075638477	-0.3294700954	-0.8390853083	-1.125799698	-1.594346284	0.8337999857	-1.919488246	0.4101333916	-0.6526096407	-1.840126697	0.3592434698	-1.083220532	-2.700352555	-0.07736413062	0.03778221416	-1.670748665	-1.783596674	-1.678910994	-0.4650379558	1.071240998	-0.03666473044	-1.985594257	-2.312313507	0.5907467197	-2.736501736	-1.746311145	0.279561278	1.068142094	-1.28079669	0.05779540341	-1.52128803	-0.1453953471	-0.5862983801	-0.3652992288	-0.826353567	-0.7084864299	0.4803901116	-2.24805999	-0.5901310854	0.6155858548	-2.517505106	0.2061977095	-1.362879122	0.3069616608	-2.243762723	-1.073007139	-1.393760672	-0.7609488877	-1.316991514	-0.08141375627	0.3721491701	0.2810001906	-0.4950126702	-0.3270117721	-1.023383903	0.01326709021	-0.8880370023	0.7560151819	-0.5016020065	-0.6621867081	-0.4047587989	-0.4750241911	-0.4978176126	-1.971647124	-0.2969893666	-1.152940503	-1.614278944	-0.8538327061	0.07716392288	-2.324680379	-0.2514062132	-0.02108895512	0.05616559648	1.374498412	-1.613890068	-0.06830565353	-0.8935239187	0.1150276842	0.4406792907	0.8854985599	1.506332611	-0.8607308692	-1.383376456	-0.6369755939	-0.9027736589	-0.5991773956	-0.5351420777	1.334477607	-1.573650419	-0.7891994328	0.2756799423	0.3716901668	-0.9055919226	-1.211703748	0.1256095177	-1.941716209	0.1562489261	-0.8457537442	1.081525484	0.3442314888	0.8034617033	-0.6609979759	1.192331947
-0.7536832396	-0.1088348191	-0.6650410958	-1.6202197	-0.6640867079	-0.6049059351	-0.0203012552	0.4811412018	0.555683464	-1.106829133	-1.004781527	-1.39583882	0.3014930044	-0.1084136689	0.4314759644	-0.01904767264	-1.581562233	0.2142203099	-2.922219341	-0.5224420601	0.6205262972	-2.276672549	-0.906024108	1.107026608	-0.3876315456	-1.466910914	-1.167562832	-1.137568465	-3.057505016	-1.128687835	-3.068467919	-0.7228641855	0.3704815775	0.6235951047	-0.1259476945	1.365606888	-0.1304370764	1.081144058	1.288193116	-1.307870505	0.2276114874	-0.628376837	-1.040699978	-2.105509226	1.105771873	-0.8860480919	1.26346986	-3.159266183	-0.6087641862	-0.5927057634	-0.1358716278	0.5338390567	-0.6372042674	-2.286728973	-2.401687803	-2.660252892	-0.7404829565	-1.558396085	0.7348482443	-1.019556399	-0.3050033427	0.7431821524	0.8368139785	-1.341625765	-0.7679686661	0.1347255258	-1.489839935	-0.04186677292	-0.5641818514	-1.434930177	1.730210333	2.796447894	-1.208742642	-2.168026216	-1.86234094	-0.02394562067	0.6962983111	1.167135146	-1.844701656	-2.038438964	1.555229884	-2.01718056	-0.909219097	-0.3712971466	1.463378412	0.4001397432	-1.299425319	-0.8388391439	0.6966512997	0.1847651439	0.6952732763	-1.800215403	-0.4113659508	1.699888916	-1.543861504	-0.7123777071	0.06224399655	-1.251957228	0.2449257779	-0.6421790805	0.2197201495	-0.695630725	-0.8720323525	-1.186739987	-1.621724407	-0.06577034119	-1.168064898	0.9226108717	1.085841445	0.7762152844	-1.028903633	-0.3125509231	-0.4717742615	0.8833201688	0.03223421971	-0.3925320751	-0.9128009832	-1.610633223	0.7834180669	0.8473162949	-2.508237133	0.05307994723	-1.345678646	-1.600051449	-0.6261704632	1.123298412	-0.09782052831	0.3220100551	-0.4623662194	-0.3914514983	0.10165763	-1.113352999	1.352941775	-1.680469967	-1.010895597	0.9563940243	1.259848628	-0.8294225837	-0.7037175444	0.1158401916	-0.9468171089	-1.090600306	-0.3576911112	0.5165794508	1.492847242	0.560044406	-1.268085122	0.6725945144	1.405685333	0.2318290252	1.321662927	-0.9338942924	-2.688418094	-0.9418154396	-0.7526374423	0.6879580578	-1.127905067	0.5346245234	-1.762755966	1.453495255
-1.29418248	-0.4390073952	-0.02645750686	1.540265636	-0.6952875196	-0.3287994945	-1.048487988	-0.09472059368	-0.03894559022	-0.8583618493	-0.8958553218	-1.624409183	0.3771644915	-0.7864512579	-0.02497525463	-0.2312226581	-0.9520306044	0.1314740147	-2.656310947	0.3805829402	0.2143612738	-1.483407646	-0.3546929057	0.9771124154	-0.6488482613	-0.6275446316	0.2392378671	1.011519134	-2.255665907	-0.2955651198	-2.551737104	-0.6519743492	-1.021522454	-0.2796763331	-0.09845341528	-0.5597177651	-0.6510496967	-0.6716973708	0.1663993398	-0.8005451799	-1.362768164	0.5839323425	-0.3652298215	-0.8182101322	0.3651492654	-1.238946777	0.1084071582	-2.110561769	-0.5943385612	2.553495024	0.1594317833	0.4285043649	0.9811686759	-2.624132217	-2.042414421	-2.456405	-0.6886572902	-1.80453911	1.127357209	-0.2941769622	0.1032417273	2.128050439	0.8208674187	-1.139669143	1.412633766	-0.3906165068	-1.335623138	1.665411595	0.2259836387	-0.9807962873	-1.234945028	-0.3205063364	-0.578997193	-1.460845104	-1.730018319	0.5028849851	0.5006866742	0.6006664149	-1.299066884	-2.302090707	-0.2132983422	-1.359567036	-0.1044948323	1.15707111	0.09584003449	-0.9461084924	-0.9557864794	-0.5497050594	0.03534967037	0.2917975031	-0.292717767	0.03474157864	0.1407937478	0.7059093062	-0.8604539805	-0.2539011059	0.4643521777	-0.4875008682	-0.2477320669	-1.39515046	-0.1751377185	-0.6322466533	-0.7497078016	-0.3301965993	-0.02992328526	-0.7031982175	-0.5509626564	1.358557999	0.3266005985	0.1721038577	0.5344027362	-0.7161803514	-0.1256523142	0.5168081292	0.3229757665	-0.4120907327	-0.01180112131	-0.04516982602	0.2792747273	-0.2215484291	-1.683684271	-0.3087813785	0.1587049824	-0.4394608876	-0.2226743822	1.457803092	0.2999826417	0.218537483	0.05216773192	-0.6472091469	-0.1241951859	-0.1170488121	0.1737292503	-0.7523295197	-2.150515758	-0.2403182626	1.146835048	0.02070435314	-1.240209655	0.1525605327	-0.2983507359	-0.9341480896	0.2765577023	-1.121787775	2.192409944	0.6938720579	-0.08108432085	-0.2627285512	-0.4643401101	1.049891752	0.8624267459	-0.5431507702	-0.8024500096	-1.378736446	-1.119061471	0.3041950257	-0.976872547	0.4007671041	-1.494135035	0.1780528425
0.995901619	0.02234765067	1.220941329	0.5067932922	2.13353485	-0.3535890372	-1.045371338	0.2674395947	0.002768317139	-1.121377573	-0.9064541772	-1.893926646	0.171622755	-0.9473882655	-0.09049775659	-0.2949682371	-0.6017886425	-0.1819221037	-2.240192598	0.3181781403	-0.2556485845	-1.21393891	0.0454403341	-0.575238185	1.625528289	-0.5209747735	-0.1149525281	-0.2707848437	-1.540087864	-0.3071742173	-1.229055756	-0.08555650443	-0.5895393573	0.5953551141	-0.1251558898	-0.9858238303	-1.179813749	-0.1335716103	0.1039228021	-0.2415980878	-0.7728042789	-0.9133865651	0.941581795	-0.2117115314	0.2007926292	-0.4033712101	-1.494325217	-1.91823244	-0.1956165863	0.5649835122	-0.6189074414	0.09050349061	-0.9836529311	-2.498910995	-1.577496838	-1.694775834	-1.57159946	-1.858966411	0.1481989316	-0.6497946595	0.7261829353	-1.062430609	0.8988050416	-0.8638920394	-0.460318197	-0.1995639263	-1.051170114	-0.1019894298	-1.338440486	-0.9598011456	-0.6294123904	-1.07743347	-0.6929068404	-0.9127296855	-1.684045821	-0.5440630486	0.9817545572	-0.223554137	0.1759748047	-1.769911538	0.8133158109	-0.8804255768	0.04027167444	-0.03385480959	0.9318476034	-1.931221184	0.6044285968	-1.040177843	0.8294420384	0.09509196022	-0.2149919751	-0.493570367	0.3939124765	0.7876202593	-0.1753513262	-0.5475800656	0.955619353	-2.468746609	0.3224110055	-0.6547246481	-0.5770041606	-1.50020207	-0.5641437419	-0.6179063199	-1.186560544	-0.5605320265	-0.1811375183	1.051216996	-0.4894286389	0.5827294111	0.7364810477	0.1366092072	0.5864319157	-0.06903244124	-0.00894241016	0.3529051083	-0.0121544343	0.761996338	-0.2699908205	0.120244065	-1.160016003	-0.7065033826	0.5375069155	0.2548676451	-0.692167506	0.04633132098	-0.9396395701	-0.2051495001	1.054778566	-0.8362379983	1.868728131	-0.5504074944	-0.7354010293	0.3075910255	-0.5855653931	0.1309132011	0.05906453255	1.547940992	-0.2504945036	-0.6262363246	-0.2556890342	-0.7865503782	-0.7533029147	-2.017919796	1.539039981	-1.057569594	-1.066092426	0.6511665758	-0.5152003811	0.150876432	-0.3918749697	-0.6909968097	0.7904585159	-0.3197985548	-0.6770373442	-0.1872089332	0.6019593396	-0.7019474253	-0.745975634	0.9639130989
-0.3980500228	-0.2797713073	-0.2954388594	-1.81874263	0.09022440101	-0.3631392783	1.073272601	0.1936100275	-0.07354220809	-1.302060619	-0.6337879812	-1.687376219	0.3000700076	1.334400173	-0.05796340163	1.009366911	-0.7428692605	-0.05839110508	-1.922193374	0.1405904005	0.5336507732	-0.7799734174	0.3855473963	-1.366816924	0.4679629887	-0.4844561035	0.6594758634	-1.894127212	-1.179913966	0.00323329997	-1.074183614	0.1732761183	2.169139992	-0.4066284956	-0.4501098506	-0.007546180915	0.06986265302	-0.1786723332	0.0780846456	0.03690009899	1.561639575	-0.3298681206	0.9252922087	-0.4653964235	0.08852763222	-1.042314349	0.2747396823	-2.071328684	0.1227875585	-0.7369554896	0.5540615275	0.1658046985	0.518395703	-1.985753191	-1.256416847	-1.370667882	-2.339580044	-0.9411766371	0.1664844213	-1.472421269	0.8560146714	-0.8968926967	1.005154932	-0.9937550735	-0.3337517491	-0.4931667491	-1.047509491	-0.1394201155	-0.9027890369	0.04044767996	0.4987076521	-0.1535364879	-0.833884042	-0.8760940025	-1.132839159	0.6120318465	1.050435293	0.04575730298	-0.4225889872	-1.613918756	1.017439656	-0.6708107383	-0.04004620154	-1.221300367	-0.7732429357	-0.6474421489	-0.7713412244	-0.4131078692	-0.7903180703	0.3522078528	0.1649102331	-0.687829992	-0.3938919568	1.153578738	-0.1943115114	-0.6145285219	-0.2103344971	-1.335584975	0.5330295518	-0.2943811366	-1.946143952	-1.985155295	-1.382747247	-0.4747451701	-0.5917673697	0.04600921102	0.9652516605	0.4306504822	-1.240225876	-0.7223887521	0.1914635439	-0.1012027818	-0.3681570545	0.5560604863	1.074143586	1.532676901	-0.4126467241	-0.9993314681	0.192454206	0.241497108	-2.126797574	-1.138131903	0.5116293543	-0.1185314243	-0.3444763532	0.1836373607	-0.9645542423	-0.4646586302	1.137865998	-0.3629328448	0.9237171263	-0.7026291907	-0.1914572095	1.774357906	-0.3668192655	0.6778869028	-1.535201991	1.180079883	-0.05673179061	0.6602896117	-0.08133478317	-0.7658293771	0.6742342187	-0.323415091	0.1703824065	-1.141008392	-0.6227044894	0.1939179798	-0.4498333954	1.080022388	0.4653238646	0.001441828664	-0.3462878109	-0.03740082044	-1.06826102	-1.297239893	0.2741312558	-0.7185862047	-0.3081365064	0.9318574966
-0.8504663087	-0.0583020085	-1.564296472	0.6427016542	-0.580005872	-0.8870757678	-1.119855078	-0.9731423005	-0.1907452427	-1.567658148	-0.2706840136	-2.194049725	0.8224378265	-0.4259127104	-0.4602290182	-0.6343084575	-0.3501988042	0.2695559315	-1.400238576	0.4724171029	0.1399651778	0.5908613581	0.605685565	-1.242657965	-0.5769776025	-0.5388284722	-0.6320537854	0.07274395197	-0.3324509508	0.2117539796	-0.8633467456	0.3627431892	-0.2766191089	-1.106464315	-0.5706197619	0.2801644899	-0.6845453677	-1.255464841	-0.6590598217	0.5552442548	-0.1329749938	1.576284405	-0.9949317384	-0.9463783918	-0.6035842704	-0.9499526768	1.134820812	-1.7913819	-0.16808365	0.1200856201	1.117549584	-0.1815641134	2.673668574	-1.261320123	-0.4028384684	-1.59452968	-1.445280402	-0.78721477	0.08872015156	-1.140317595	1.224272445	-0.5603897226	1.116675673	-0.8514567581	0.6869302881	1.700053606	-0.7446315757	0.611855944	-0.1386176458	0.2855048804	-0.5161925177	1.494883044	0.3247315487	0.3840489427	-0.7406682123	-0.6624949424	1.025865998	-1.751731019	-0.9120440987	-1.707690344	-1.061644799	-0.4280191966	0.789860423	2.176085835	-3.162387486	-0.9622062997	-0.2241136104	0.2808627439	-1.227871363	-0.5155464959	-0.3515098994	1.495975765	-0.588768238	0.5607251739	-0.056449581	0.7847424976	0.05048150062	-0.5407206452	0.2559995975	-0.5324876152	-1.414502693	-1.624664849	-1.27367079	0.1569569849	1.624002112	0.1481487714	0.2050011217	-0.4818642862	0.5595896743	-1.227811846	0.08314406256	-1.254378483	-0.7922267443	0.3906470074	1.031721846	0.9525438174	-0.02726760538	-0.09680720456	0.2871651766	-0.314592885	-0.4372081286	-0.5226282359	-0.4691823652	-0.7289746755	0.1972045276	0.5010729741	-0.2968468018	-1.485603857	0.4656011078	0.2002688828	1.004785986	-1.076971023	-1.433704848	0.2314306229	-1.181892667	-0.5441176657	-1.358116641	1.412282793	0.4655840794	0.504182684	-0.7346316436	1.156405376	0.1809888493	-0.1613570164	1.580167577	-0.6837451214	0.1141056627	-1.094933811	-1.06813303	1.260403345	-0.3125951119	0.1643518383	-1.504278749	0.218156379	-1.138659756	-1.225058701	-1.097996788	1.504176078	-0.444043694	0.3874453261
1.379076172	0.1910185337	0.9179205906	0.1577730634	1.886808719	-0.8020466414	-1.030790762	-0.008529338853	-0.07552428719	-1.386139667	0.3583116775	-2.356455975	0.06640414452	-0.9931649666	-0.1198845975	-0.3265329629	0.009336703455	-0.2816150057	-1.274500477	0.6583261649	-0.2799984363	1.243300428	0.9240241007	-1.062663985	1.50230954	-0.853472391	0.04586054079	-0.412147127	0.02975175269	-0.4978281668	0.1096236292	0.6193099594	-0.287622469	0.5190889359	-0.1131432618	-0.6881276576	-0.6812469844	-0.1911456577	-0.3424293013	0.6646090423	-0.4597044149	-0.8732572936	0.1669511538	-1.945906598	-0.5232999376	-0.1857527289	-1.407509863	-1.574984597	0.05311846839	0.1470420747	0.2145340373	-0.5237561517	-0.9564177413	-0.1979535019	0.4233617029	-1.069986651	-0.8117082609	-1.230801244	-0.4975755949	-0.9540370247	1.147680465	-0.7874367623	1.247695919	-0.2343158724	-0.3873440635	-0.1883601755	-0.3328083895	-0.8290438565	-1.47239572	-0.1456265364	0.04415178141	-1.072351027	0.9125403374	1.085701884	0.6311598568	-1.125502152	1.220143996	-1.533537227	1.114806511	-0.9528482103	-0.3688006609	-0.02783678611	1.08229762	0.4530128523	0.4348240334	-0.668801988	0.6577135352	0.01912904504	0.1037825768	-0.9724299641	-0.09955827696	0.9242792645	0.1013339945	0.4844893496	0.5012509563	0.5311084429	-0.2031096196	-2.441443711	-0.8333328205	-0.1991171237	0.4172316136	-1.511661806	0.320930226	-0.08861986163	0.6173764638	0.8026970355	-1.197930387	-0.05588221124	1.155486832	0.06402604071	0.38608333	0.0220389565	0.6660537829	-1.079088105	-0.0681425662	-0.2143736819	1.41833666	1.602413297	-0.02059666958	0.3100057237	-0.367450214	0.2234287688	-0.0320532219	-0.4302836945	-0.1742828122	-0.1224256892	0.4654374598	0.2712601868	-0.07612644508	-0.7521791193	1.049351015	-0.7062711067	-0.5292299826	0.3943676147	0.5323518229	-0.2493964642	-1.254426867	1.146683538	0.7352619339	0.7015360452	-1.116615076	0.2846450385	-0.4265016881	-1.137788896	1.118688978	-0.9587299383	-0.687337427	0.6015251289	-0.07868453907	0.1762572211	0.4812751643	-0.661997694	0.7246696574	0.2829549996	0.1287627135	0.649576352	-0.4871681959	0.9509506366	0.06128928906	-0.1356242257
0.1490494241	-0.7037825278	-1.010723645	-1.853282895	-0.2177406251	-0.5935401555	0.8632871113	0.214572599	-0.4113049503	-0.6796510108	0.5692592248	-2.276916459	0.6419535961	1.022708428	0.2202324241	0.5009192183	-0.06602500694	0.2541039026	-0.6572285658	0.345689986	0.259289947	1.278712642	1.573610632	-0.7812431756	0.2839287463	-0.3613566472	1.222210828	-0.8903979724	0.0611142743	-0.2114921074	0.1643402005	0.3775105047	2.349054624	0.2028927326	0.5642854885	1.386800802	0.7280709336	0.01118173734	-1.100698228	0.9978718725	0.9215262075	-0.5657944337	0.4846365097	-1.630451428	0.1035563083	-0.05905504773	-0.005110629673	-1.022572332	0.618030896	-0.3189903489	0.8939328002	-0.03530941748	-0.7162667709	0.5313188791	0.695770618	-0.3681721455	-0.3672113844	-0.5830217115	0.3644604583	-1.277915587	0.97189448	0.3266957424	1.336543638	0.4655932324	0.04918972931	-0.3393423513	-0.8079329974	0.4114404338	0.07433551221	1.167658267	-0.4953864303	-0.3779044513	1.302500645	0.8493756593	1.534531798	1.599639189	1.148338368	-1.716790709	0.8779657685	-0.6404264602	-0.05543653762	0.3891439699	0.6243369037	-1.262476777	-0.3526495569	0.9395764627	-0.586773974	0.1749235113	-0.7626698678	-0.424160624	0.3979890159	-0.8166771576	0.3415528931	1.11591121	0.2457584387	-0.08273979374	-1.232112979	-0.9096665228	0.8121736594	0.08936382016	-0.005512946011	-1.702240238	0.2619815974	-0.8757845287	0.4994613998	-0.8851789865	0.9003041754	-0.1257005789	-0.6638727504	0.1574541551	0.2278397394	1.111005278	0.6587066791	0.7735523923	0.2747742378	1.130777816	1.25258301	0.2732826658	1.087295692	0.570188695	-0.7621386433	-0.02988566328	0.946114827	0.04163745476	0.4463300907	-0.2464859923	0.5412753875	0.7401090443	1.253146794	-1.085461673	0.1414976935	-0.3297520577	1.103593702	1.29751228	0.6014584776	0.2919605128	-1.233538968	0.1875039067	0.08775081888	0.9589602618	-0.08123145947	-1.306123977	1.288989488	-0.5786327331	-0.4547001259	-0.8728704242	-1.344702873	1.315728589	0.4721182851	0.6775691105	0.02982396791	-0.3618883263	0.9776417941	0.19111296	0.3249564582	0.04165759776	-0.4482890396	0.4236444263	0.8830823257	0.006430533285
-0.9641060771	-0.06937605798	0.9395770914	1.620879776	-0.5997838955	-1.017220013	-0.6696781732	-0.5244309432	0.1283935588	-0.5083832077	0.254881635	-1.729380111	0.3068130533	-0.5627242833	-0.0315366713	-0.2164773058	0.4400837502	-0.2836258613	-0.4095975987	0.5236754109	-0.4771939675	1.355546973	1.371954664	-0.4833974066	-1.060007519	0.253939909	0.1356300741	-0.9560741715	0.04924392791	0.8390907849	0.4257671495	0.4087609189	-0.402397057	0.1435013034	-0.1566117925	-0.02701323319	-0.2096437417	-1.387913923	-0.7270586513	0.7574134612	-0.2619335593	0.09222960135	-1.391575317	-0.2214826532	0.831042893	0.4744678859	0.2903598522	-0.6631850082	1.156090968	-0.1963758641	-0.5798789844	0.252324864	0.1010050672	0.8712083413	0.7760626149	-0.7134816902	-0.1761746517	-0.5585101472	-1.680762798	-0.806158764	0.988198455	2.102794757	1.03981571	0.6694707053	1.555569206	-1.182890695	-0.486503687	-0.2684361028	1.10452475	0.4331378282	-0.4979304511	-0.3230464923	1.327291705	1.410727589	1.865885204	0.364813219	1.105879737	0.1342303936	-0.7690768817	-0.5576296339	-0.2627232353	1.006408684	0.9993112292	1.635588704	-2.117411375	0.415579496	-1.06707855	0.750691469	0.3060461301	-0.3643753864	-0.2523942068	-0.4000285777	0.6080355166	0.8534154872	0.5957187075	-0.09925036721	-0.1011547359	2.37626205	-0.1677543017	0.6432364999	0.3667547393	-0.7518928948	1.00365697	-0.03509947259	0.5175387879	0.4902218455	-0.07527714883	-0.1543872217	-0.004206806465	1.071140617	-0.09853877628	1.066689406	-0.4676324382	0.1007579022	-0.5416144488	-0.6929084339	1.144398768	0.4016842937	1.661068607	0.6834740332	0.009156231283	0.5820620389	-0.3103335016	0.3456041431	0.7805327425	0.4160306344	1.901201823	1.006426516	0.4550111598	-0.5718640582	0.3126417081	-0.711301894	1.011715276	-0.3683115855	-1.527120371	0.4168705449	-0.3902479921	0.36279435	0.317663016	0.5622793539	0.1019832237	-0.741455517	0.5137560242	-0.07401960899	-1.343160634	-1.557431871	-0.7035548767	1.372439093	0.3678719311	1.196873372	-1.275138799	-0.1412866185	0.8061344581	-0.7570013074	-0.07835102473	0.5844570648	-0.9344645199	1.245780073	1.083560281	-0.2132736894
0.1488565987	0.02620338704	-0.7040681218	-1.35403355	0.06437951648	-0.4382695532	1.281429312	0.3817996567	0.319809789	0.6375423184	0.2154041182	-0.7781096854	-0.152555841	1.239190103	0.1930102532	1.291335075	0.9305823663	0.1816613283	-0.02078888834	1.072424592	0.808590151	1.030122346	1.898633021	0.08108060919	1.003324006	1.349584135	1.021054539	-1.11797785	0.675474231	0.8881734336	0.8350975892	0.721542231	0.6920387598	0.4025359315	1.193384247	-0.3515801117	-0.7345068383	-0.01883626577	0.4657848219	0.5158810864	2.210376355	-0.8418526428	-0.4224484899	-1.138753357	0.6661622764	-0.1595984505	-0.04531838888	-0.4921290378	2.18935891	-0.8606795659	-0.08661728091	0.02386649695	0.04868066848	1.317763392	1.792705211	-0.007634216905	0.01607591564	0.233820201	-0.1021056161	-0.5571550566	0.9551053643	1.220630921	1.205767399	0.6394802786	0.2871084477	-0.3731431861	1.125466355	-0.2697974289	-0.3649076758	1.028870205	1.464836335	-1.478887258	1.467479007	0.9784104712	2.91592144	0.2414241301	1.318559025	-0.4403854592	-0.01959541883	0.865635828	1.155883746	1.564718786	0.6496022483	0.08180287441	-0.6462425832	1.201509827	-0.6808162641	1.310740791	-0.3372293392	-0.4382413845	-0.8296720779	-0.5038537047	0.1231043257	0.2452679012	-0.2463945269	-0.757533919	-1.51553581	2.148829595	-0.2104064402	1.16385162	0.8277217814	-0.4078395743	0.6963884398	0.2391983308	0.3198813377	-0.3543101827	-0.2525443773	0.3705893824	-0.7208111781	0.4151686007	0.636115752	0.6187622627	-0.0534254418	0.7841909875	-0.1482102929	0.1348826504	0.5113396741	0.2443263772	1.718509078	0.4304165414	0.1415900556	-1.014104914	-0.5090555774	0.2941224233	-0.542470262	1.088168804	1.571181777	0.7721079124	0.1790975178	-0.6995599887	-0.7421436344	-0.4776593221	0.3285176014	1.289608213	-0.892266232	1.280027859	-0.8871299588	-0.5740472636	0.9855991238	1.601170053	1.684483741	-0.02325031891	0.6746058713	0.6510572143	-1.889667776	-1.815650609	-1.497749535	0.6517873773	0.3956293219	1.056640757	0.07022378219	-0.1369631536	2.114607369	0.5317360524	-0.04153696469	-0.201301176	1.441717308	0.5805924589	0.1659325631	-0.4463989967
-0.86956379	-0.06008845163	0.1403526688	1.529196447	-0.7463961974	0.1635532864	-0.9475528254	0.01800961257	0.003274603255	0.9572992012	0.6030976092	0.08453112486	-0.2099160893	-0.5631476004	0.5218557956	-0.842767931	1.303282297	0.2424624106	0.3971757597	1.711518535	0.4797525509	0.8188746932	1.802277225	0.4519143137	-0.761874518	2.412117993	0.7060382202	-0.7566764547	1.095956274	2.463669228	1.442051738	1.309023549	-0.1087602295	-0.7867548476	2.133491407	0.451193093	-0.1710570298	-0.3878286887	-0.2522323929	0.3482317611	0.03786400694	0.993808363	0.3009303686	-0.8709489157	-0.2312429697	-0.5357680563	1.470269577	0.3426752016	2.103128931	-0.5143247077	1.180544232	-0.289919337	0.2531912768	1.692059629	2.554176269	0.7865923058	1.064136587	-0.0421494217	-0.05592918251	0.356434235	1.23434629	2.106935127	1.098229607	0.8893543832	2.84554888	-1.218203804	2.026713283	1.792788321	1.75468464	1.374475314	-1.701228699	0.4522508184	2.355505438	1.739944772	2.744373601	0.6314343943	1.220291488	0.1534637687	-1.284733444	1.398008851	-0.6152835603	1.778671698	1.549653951	0.2439367914	-1.494379255	2.283131155	-0.8079076506	2.078010278	0.5149282579	-1.642693944	-0.6117844606	0.05091724531	0.8599199043	0.9038873391	-0.1728168227	0.3494902202	-0.3525648094	3.28817888	0.10135325	-0.3756317136	-0.3584537827	0.3835580837	0.807489434	-0.07565737626	1.582251157	0.02811168925	-0.5697955419	0.7797039068	0.4387505206	-0.5472866287	0.7177008243	0.8503769726	-0.7498644515	0.1458187602	-1.068134934	0.5120155983	0.3892817343	-0.6784698204	1.620254032	-0.04039840304	0.7337938621	-0.4199363768	-0.2253715587	1.169251759	-0.6197644985	1.0265891	1.260653117	1.202166292	0.123879738	-1.450836311	0.007413496371	-0.4361777133	0.7061317712	-0.7140410213	-1.042275489	0.4466339524	0.1671782183	-0.7593169895	0.8232631597	0.8025357057	1.842176639	0.7204374599	1.331815385	0.9079063616	-1.327557856	-0.4618965387	-0.2731741222	-0.4183905113	-0.540446081	-0.2659371153	-0.9826288516	-0.02896058074	1.818818759	-0.04555339489	0.8691514248	0.3136095344	0.2459679867	0.8375518408	-0.05630859078	0.4952846892
-0.01056549232	0.2801794533	-1.027530944	-0.4551013403	0.3123172743	0.5777422298	0.8118887399	-0.4230260256	0.1042705412	1.335571718	0.5402090239	1.130664419	-0.0692912618	1.068662572	0.6377167946	0.4702820568	1.522414451	0.227601294	1.159376438	1.389532407	-1.662021931	0.6021594224	1.720715249	0.9692117199	0.7397290402	2.108659013	0.2617357853	-0.166457407	1.599431598	0.7186558962	1.355861223	0.9863696862	0.0932698691	-0.1384500927	1.932953686	-1.27496007	0.8451563698	-1.863456208	-0.966733393	-0.06452703652	2.884481579	0.2150236702	-1.768943412	-0.1591110651	-0.02718278737	0.8388912158	-0.5887511386	0.6262923184	2.062165158	-1.769102032	0.1500931673	-0.5910508711	0.6125059008	2.172101525	2.685198466	1.402924904	0.160469104	-0.843053022	-1.026018946	0.4005525488	1.426819618	-0.5320713902	0.9922748465	0.6592488918	-1.113331771	-0.8261275788	2.98375732	-1.041030043	-0.7733617228	0.868752062	1.009878904	-0.4706517238	2.941788704	1.276732073	2.104889301	0.4876227412	1.239212494	0.4758412669	0.9313801591	1.993553237	1.076362325	1.530804346	2.198960421	-0.5133618072	-0.2489940214	1.317007912	0.7953474897	2.339265886	0.4913980294	0.9971122012	-0.7503482031	0.2665060862	1.378015579	0.4146382643	0.7293126165	-0.9255325453	-0.2934237385	0.7725203155	0.08785684975	0.9162265177	-0.4990691371	0.8478178397	2.52214545	-0.2789368221	1.178611922	1.336471955	0.5181521383	0.556644014	-1.176419032	-0.03970231273	1.313011589	1.158452753	-0.4767103821	-0.8105759627	-1.110672038	0.2032617269	0.7326211239	0.06160561138	1.280703093	-0.7344351447	1.124250263	-2.607665856	0.2073221073	1.422036951	-0.6156076891	1.053063215	0.6385875996	0.1145718797	0.3973904692	-1.03827741	-0.4966814051	-1.348661411	-0.3221100841	-0.05298676769	-0.1747376672	0.2265197922	-0.07302913965	-0.2825859531	-0.3666662639	0.6049012749	3.123958171	1.412235581	1.030348023	0.5353423126	-1.980934065	0.9214310295	-0.7818334415	1.081005142	-0.02622584942	0.3342131112	0.1315611038	0.5662436074	1.765487332	-0.7489042063	1.510099764	-0.2616784069	1.644828661	-0.5969551337	-0.0054940411	0.04506695108
-0.8763263767	0.3341161592	-0.6527066024	0.6856536514	-1.081616278	0.6586250965	-0.9775847046	-0.3228688132	0.2525635631	0.8556087373	0.06050748114	1.613304346	0.2510723419	-0.3022458902	0.3852813361	0.3354625524	1.32568546	-0.1366908908	1.822413258	0.4343214217	0.006741861226	0.300324832	1.936387506	0.6595898322	-0.8023049006	2.337356188	1.231219419	1.596759779	0.6748254332	0.2096557273	1.214987069	1.124281816	-0.6821187138	0.847187429	0.7201971929	0.2477256585	-0.2603708613	0.3116525167	1.65095251	-0.6502014463	-0.2257957806	0.9449072907	0.3120389656	1.306318919	-1.093125674	-0.1258675373	0.7213614347	0.7844276775	2.26547711	1.104310861	0.4534187084	-0.4586832696	1.909604864	1.945775769	2.382601178	1.727672468	0.2667019325	0.8068211291	-0.09211973402	-5.613839913e-05	0.9689936809	-0.6347930282	0.7783295878	0.3539286185	-0.08216556939	-1.135793197	2.892714512	-0.2185337791	0.8155942623	0.4094870676	0.7196435657	0.3622370262	2.263208056	0.8174966342	1.873030186	0.7527988591	0.7038880076	0.02302664483	-0.08090985748	1.489837019	0.5427069695	0.539781789	1.013515086	-0.2813410279	-1.869771303	1.365578009	0.8412491253	1.395520822	-0.2184598165	0.2505802946	-0.4870777133	-0.4210557696	1.415789831	0.3585258815	1.400462029	-0.5882362882	-0.16230237	0.5370336613	-1.253688845	0.6289374463	-0.4330379033	1.028080196	1.728760444	0.1473104217	1.928754208	-0.2370264336	0.1314053106	-0.07175009108	1.080967201	-0.3226026687	1.118637986	0.637093393	-0.9540299638	-1.537067385	-0.4287547352	1.543164622	0.9231956519	-0.5283825273	1.527316343	-0.4969326853	1.919909483	2.340930689	-0.9628831337	0.1823252107	0.1738190692	1.11360401	1.178758157	-0.8366649725	0.7761142613	-0.762434153	-0.9273215349	-0.3687514374	-0.2204308193	0.28804839	0.3161973737	0.02733501557	0.04020837522	-0.785476084	0.6133528836	0.8854313986	2.494096416	0.4927004807	-0.3281405749	0.8925824091	-1.373412744	1.34394466	-0.6352568064	-0.284619057	-0.1134824601	-0.7582387275	-0.4351474451	0.5456241702	1.079941054	-0.6203127801	-0.6102019169	-0.09949595644	-0.4631055967	-0.7904991483	1.710126087	0.8920665301
1.235659349	-0.01939156279	-0.5149448842	-0.2860879652	1.540133166	0.3982638534	1.496119386	-0.1368006001	-0.04236244521	1.161985801	0.2420884358	1.183405575	0.1002433899	2.969090288	0.5964157674	0.2849278354	0.6672860623	-0.153729774	2.002659929	0.4989772533	-0.374390011	0.5218250468	1.826393555	0.6380143755	0.8046800036	2.178930352	-0.1541317953	0.9283811662	0.1499937727	0.9475201767	0.2181563811	0.9684621666	-1.079972688	0.8934207268	0.6465208094	-0.4464095198	-0.649020301	-0.913328871	-0.2724155046	-0.002852213248	0.4996327888	-0.07504046541	-0.2113459276	1.191376648	0.09836408812	-0.06292723273	-0.1441742613	0.9400558235	1.777902397	0.4958899568	-0.3446863657	-0.3144812494	0.2848535923	1.357129118	2.138115982	2.087752003	1.695505542	-0.6489859281	0.5055083139	0.3693654499	0.3221560888	-0.4983881425	0.5444832115	1.168536971	0.1198456033	-0.5534466029	2.484464706	1.395857899	-0.1474165596	0.3234233811	-2.259058765	-0.01533720973	1.952001364	0.645387469	1.073074979	-0.2304416541	0.4434509582	0.08845719936	1.13819296	0.478457705	-0.3994941377	0.2308230113	0.8129829744	-1.601524211	0.2457224598	0.9431487194	-0.2051529625	0.7154229238	0.5132231213	0.973606998	-0.5004731722	-0.6300566589	0.7855802508	0.08334842328	1.690966309	0.08175511089	-2.111568694	1.419458311	0.9192763818	-1.375608867	-0.09985430295	0.387550873	2.033828028	-0.3144923236	0.3526158121	0.9609547094	0.2996136558	-0.03099606574	0.2764679932	0.6838991919	0.8223023041	-0.3893866615	-0.3518354364	-0.4074388199	-0.2082312302	0.2843005235	0.1223059668	-0.144299821	0.5062995913	-1.328449949	2.134088644	1.688665774	-1.067686157	0.1050682923	0.3841601009	-0.3276480237	0.3458612212	0.01251909938	-0.6942294243	-0.898214063	-0.2341394033	-0.4069717165	-0.5415355385	-0.9233103916	0.07414717898	0.1768642204	-0.03831735385	-0.3454122363	0.03179486179	-0.03786766658	1.18196269	-0.4712697171	0.1393532723	-1.593507178	-2.74606706	0.6884833651	-1.251446214	-0.266637777	0.9044958454	-0.4247505913	-0.3677530237	1.389381822	-0.9755335908	-0.8916259809	0.9838459308	0.7029658548	-1.012255597	-0.259503402	0.03417539519	-0.02343250916
-1.027515622	0.601771655	-0.6470104455	0.8878437876	-0.6985948753	0.4839038052	-0.9436438941	0.2457285409	0.4468938276	1.141082499	0.8962411695	0.7853353369	-0.08672724408	-0.7465568741	0.3215956769	0.5017196896	0.5557376068	-1.032414605	1.83200972	0.5305803512	-0.7545502861	0.3639315116	1.258267202	0.5742825881	-1.157304856	1.709189545	-0.3310481302	1.72660968	-0.1222152803	0.2959800346	-0.4791740453	0.8864802301	-0.5831736431	1.215868648	0.469863649	0.8824313742	1.410160001	0.1601466726	1.188860301	0.2884044362	-0.1306075998	1.294381005	-0.7389104173	1.052831667	1.271692775	0.3052558928	0.4772776466	1.368622298	1.771111529	-0.210280484	0.05113194878	-0.01679084926	2.600161645	-0.1115430318	1.418504798	1.460773266	0.5370084816	0.3549961063	-0.5788100116	-0.09348112548	0.4625736364	-0.05169491616	0.6394781201	0.5152348276	-1.037203283	1.436479944	1.620374098	-1.489282214	0.7455758169	0.7705662245	0.546128951	0.3946617032	1.058605782	0.06937007829	0.5341043808	-0.3189849216	0.8796666559	-1.046836763	0.2540896015	0.802002616	0.5641574812	0.03114553989	1.008022968	1.097363583	-1.930389216	0.02085166302	2.021044162	0.8573544797	0.1474726929	0.9400757102	-0.1126300841	0.1735095259	-0.3040627486	0.08667830773	1.459750155	0.9706255592	0.2604331298	0.1746498697	-0.13152695	0.7067481296	0.4061867263	0.544855104	2.00844952	0.3538921814	-0.9012950379	0.7486420154	0.04440218337	-0.38196211	-0.7360870638	0.3974537762	0.2010274538	-0.04372602993	0.2221255452	-1.708354232	-0.61125922	0.7811805015	0.6797401378	-0.211078795	0.5473625459	-0.153775591	1.250377282	2.642154321	-1.33310549	0.1836608254	0.7443843693	-0.07056740191	1.192688395	-0.06386239046	-1.598599454	0.09314546715	0.001830697644	-0.6113979704	-1.482824303	-0.1478319937	-0.9253802566	0.6078014174	-1.3235524	0.3338116662	1.01930203	-0.7599718551	0.5984245983	0.2333739141	-0.7772920242	1.237354762	-1.278875344	0.4906184544	0.1807585285	0.5687734465	0.5430676782	0.4374196041	-1.635570817	1.38213523	0.7733691456	1.726367554	-0.2575842114	0.7058400925	-0.4899902864	-0.6849738002	0.6500678926	0.3639567872
1.341956742	-0.06581278151	1.597539926	0.1393867908	0.5538773878	0.6330095291	-0.9979451229	0.8318511418	-0.2511112002	0.9434882808	1.062623145	0.4494681207	-0.8566347305	-0.789410627	0.2403836384	-0.6937064215	0.1315585984	-0.1637090456	1.321823501	0.9212010528	0.0606185538	0.1272768475	1.460012651	0.3969538077	-0.6176901042	1.124701924	0.7854515673	0.951461702	0.4200755588	1.226665332	0.3546947836	0.8188965998	-0.3784085501	0.9622382427	0.7414532384	-0.2759640633	0.1936728686	1.02420046	0.6354335969	1.157184354	-0.4556313995	-0.2277188018	2.158806495	0.8179067923	-0.274563843	-0.4267993717	-0.8790274044	1.72795331	0.6743510693	0.1621745649	1.400837266	-0.224936759	-0.5218481142	-0.3371289012	0.7472000248	1.639455009	0.4597062081	0.2775193745	2.254935351	-0.09981936742	-0.03333396617	0.6204456023	0.6153066474	-0.05239288336	-1.064383729	1.175741371	0.9666906021	-1.668167151	-0.4063324717	0.5715233012	-1.516826462	-1.064838991	0.5771432127	0.5189858148	0.2874314982	-0.3789828832	0.6686287098	-0.7297775742	1.54707726	1.311346535	-1.069126898	0.5285916838	0.5473814454	-0.7780447212	1.396857823	0.2864615713	0.5559324293	0.2815720175	0.1057032877	-1.419716305	0.131648577	0.5051042724	-0.3414559455	0.4828398876	1.504637198	1.467331247	0.1918179529	0.09879350035	0.473287613	0.9662053911	-0.7505175289	-0.1160844731	1.02404893	0.4724123545	-0.307599283	0.142718324	-0.1778928237	-0.1637033445	0.5083923505	-0.817001297	0.5642969405	0.3091892945	1.249417631	-0.8398966938	-0.7395945313	0.9800800218	0.17127681	0.5873234454	0.25929555	0.07675423249	0.8093719977	-0.05467438808	-0.4797066799	0.6301571749	0.314799811	-0.7374518119	-0.4887848067	1.039950149	-2.357887318	-1.322838025	1.085715844	-0.5174073237	0.7895528833	0.9315840658	-0.6048315293	-0.3590744249	-0.5434181293	-0.3547586865	-0.2804111827	-2.010049114	-0.306500045	0.8612573472	-0.05780489873	0.1327033301	-0.3972042931	0.2501580739	-0.3180865101	-0.8196954609	-2.019008837	0.6731756349	-0.6823689451	-0.6089506857	1.67217183	1.909057762	-0.09074668165	0.2783490745	-0.3862515958	-1.124708967	-0.2909325937	-0.4823802077
-0.5124625574	-0.1129035387	-0.6147228175	-1.2703532	-0.2054096935	0.4679252669	0.761527645	-0.2675457063	-0.08269907721	0.3736312019	0.641850813	0.387393296	0.1347528469	0.7255171005	0.04204566939	-0.2106670342	-0.3791402153	-0.0874679887	1.464549062	0.6556729418	-1.187156404	0.3080795013	1.004344314	0.065558747	0.01312772303	-0.0109364732	0.7418161468	-1.127308831	0.473394143	-0.5244644555	0.2705190779	-0.06646262911	2.080377264	-0.6864621678	0.1912558428	0.4894115969	1.278502951	-1.396630695	-1.044454766	1.522105249	1.040801739	-0.7560138028	0.02672382026	0.2509005664	-0.4716349212	0.8814949507	-0.2850508269	1.733294674	-0.3293433936	-1.047847773	0.661449379	0.1525878523	-0.2972765489	-1.079050393	0.1394973693	1.765944398	0.09105620069	-0.4043442327	-0.531932266	-0.05029635902	-0.5233039005	-1.217185155	0.4781257654	-0.1152313964	-0.8855704227	-0.008256405271	0.5973769383	-1.071562654	-0.3926501928	0.6619528953	0.4059510295	-0.8164154655	0.4545439612	0.334199846	0.2618618733	1.115602091	0.6702809468	0.8004526933	1.66443763	0.55411017	0.6634153627	0.4406309718	0.1271495691	-0.8427316997	-0.6192408941	0.190523639	0.3915018485	0.3882198203	-0.7598895962	0.6870692627	0.2539019278	0.1984095944	-0.06298707953	0.1096275757	1.177823921	-0.1484223682	0.8982132393	-1.08006249	0.1253314781	-0.757410936	-0.9360966255	-0.6155073438	1.429249533	-0.8117009195	0.2281660546	-0.1319554146	2.030698248	-0.08807523	-1.28531419	-0.4198122317	0.7024417256	1.000756695	-0.6217189592	-0.6179776962	0.3550129969	-0.5875221412	0.4111270431	-0.5605176912	0.4698325082	-0.5715233751	0.2378544358	-1.08752653	0.3064380702	0.4116236854	0.8543132453	0.3591920027	-0.6342406872	-0.02341791423	-1.415755819	-0.2849345955	-0.4919895932	-0.3793506705	0.2881778374	1.083403719	0.6578704861	-0.2178451372	-1.635239594	-0.9675848442	-0.8824532283	-1.408450104	-0.6199254409	-0.6196746925	-0.3021221736	-0.3166482991	-1.996959525	-0.2359291515	0.08864854458	0.2378651342	-0.7132622828	0.8206902156	-0.3969292152	-0.8601969339	-0.5446239564	0.1762103015	1.779265588	-0.9297753017	0.7717978329	-0.4920097196	0.2647143551	0.06090793635
-1.056980352	0.2740264047	-0.7283986693	0.7589764369	-1.133976409	0.4772973311	-1.183537665	-0.1916952902	0.1139681325	-0.05611273064	0.6497952695	-0.1323898452	0.2852552222	-0.9311740681	-0.1186643505	0.2314017226	-0.2424217176	-0.08269691458	1.061496783	0.5787715122	-0.10095005	0.05114759233	0.6741869202	-0.06753135298	-1.030477448	0.2640331591	1.12151006	0.9244403624	0.06638379512	-0.2211402506	0.2661468726	0.2220575541	-0.9828684769	0.9433141683	-0.3355286923	-0.2883843519	-0.5567496044	-0.01164925411	1.175230014	1.036957991	-0.6187119617	0.5695375637	-0.4857510315	0.9451017543	-0.3868220296	0.2662428483	0.7976900991	1.639426832	0.08233284506	1.608109021	-0.3428090328	0.5078978775	1.830718462	-1.637684276	0.523093447	0.4179364559	0.2545597406	0.9512336783	-0.2574711597	0.749501065	-0.7373110009	-0.4960819702	0.5121436178	-0.580913913	-0.699670986	0.1380226397	-0.1390041987	0.06923782018	1.095429245	0.3867521673	0.1668542422	0.05055391619	0.02113016629	-0.09857157607	0.1054404404	1.3699268	0.6670254987	-0.2139436355	-0.5003678912	0.5737149479	0.1446543176	0.2478439236	0.02308678361	0.6125212967	-2.316772496	0.2849282085	0.8046849081	0.230796303	-0.7840980332	0.06800648738	0.02650100791	0.07744892956	0.04312693456	-0.1977377979	0.9142907658	0.7511190908	0.4657199823	-0.7194753016	-1.358968358	0.1705044143	0.03110287122	0.1865186435	0.9266447214	0.2728208734	0.6697931766	-0.3546129826	0.7163266933	-0.3999407876	-0.005632603549	-0.5406589334	-0.5107768497	0.3103583187	-0.3106472167	-0.1319065605	0.1423050271	-0.09961200756	-0.7096434134	0.02373822382	1.300667021	0.2373577659	0.9273699217	2.344125314	-0.7921274813	-0.4422842775	1.22757735	0.9981318265	0.3952605512	-0.3146916167	-1.444642156	-0.1232650177	-1.184400739	-0.3589539039	0.1951027593	1.135754502	-0.05658639522	-0.7793400418	-0.9235610014	-0.7810563966	-0.7160342224	-0.5751561262	-0.419241892	-0.5138936188	-0.6565870719	0.9945331658	-0.2823469529	-0.161085461	0.1907837085	-0.3569210603	-1.10963416	0.8611400156	-1.259471726	-0.2087753215	0.1443363608	0.7616877722	-0.04928670451	0.2137756061	-0.04825585348	0.1155780595	0.9881801183	0.1560081621
1.63553076	-0.1481766906	0.7867587554	0.03981834896	1.423897415	0.6269722552	1.14834593	0.3241646703	-0.1858144509	0.488876707	0.5862817393	0.04740372854	0.7939647003	-0.7740383272	-0.4037373054	-1.037358076	-0.1568075958	0.5466752872	0.7116591028	0.7465559494	-0.7260582156	0.2917476857	0.6958771665	-0.04557117748	2.787613921	0.5801739191	-0.5804101312	0.4287223181	0.8426801571	-0.2852471667	0.2986835734	-0.3791324037	-0.8099860918	-0.06306179326	0.1517519523	-0.5758166881	-1.32683798	1.776478382	-1.059502111	0.9658310471	-0.8521247224	-0.5593277291	-0.185494457	0.007892982818	-0.2486595259	0.5611162862	-0.2508029433	1.698828008	0.1197225465	1.37287778	0.1579320773	0.5666510019	-0.9467339616	-2.234414211	0.6858471928	0.3612136478	0.7702392389	-0.2705200239	-0.8856526595	1.511660009	-0.9450090266	-0.09371213821	0.3667177427	-0.1603040971	1.285316224	0.519775261	-0.8021495037	1.035802353	-1.115822841	-0.07372716825	-1.788160653	-0.06079779942	0.1457092045	0.7611345465	-0.2259984215	0.09374417114	0.453266202	-0.5221239019	0.48127709	0.8980535067	-1.538414503	0.6324897784	0.1509136872	-0.600406817	0.4000500197	-0.4099300128	0.4390678757	0.06394149329	0.3407087988	-0.266879417	-0.5324879753	0.519222752	-0.0450482458	-0.04026871782	0.2960070846	1.77233423	0.1332668103	-0.2969005852	-0.368913025	-1.031324814	0.6233265527	-0.2946703451	0.6447307914	-0.2633668292	0.2627383891	-0.4111989571	-0.1089827411	-0.2783015885	-0.3797145879	-0.3683481556	-0.7739778662	0.4924612901	0.3967661982	0.6864688841	-0.1862950607	-0.4052681633	-1.176955787	0.757935468	0.7992923021	-0.5932805668	1.267563903	1.355712637	0.297837376	-0.5087828788	0.4930325719	0.3371143347	-0.9029555889	0.6626545766	-1.456292662	-0.7760586885	-0.4806776342	-0.2672920521	-1.002682467	-0.9780757644	0.1581182234	-1.889293024	0.6297722989	-0.4389100955	-0.006638458272	-0.666665193	-0.4494051043	0.7441067531	-0.6505984318	-0.1758604976	0.5893869815	-1.346412901	-0.4644597247	-1.049841393	-1.024511146	-0.1182919405	0.3830869187	-0.03127591003	0.07068480389	-0.4862280374	-0.8415859386	2.25902651	0.5908002119	-0.01081205088	-0.7356457614	0.2997995824
-0.9948441834	0.3819333883	-0.7425471626	-0.8501717546	-0.9434126061	0.07690277393	-0.1843783666	0.2209615877	0.3601901197	0.7314143261	0.4491337084	0.4363193192	0.4563702727	0.01010123151	-0.3497015669	-0.4430449377	-0.4934451071	0.3443434043	0.3544454037	0.5763812549	-0.1775049419	-0.004786711211	0.679023091	-0.2094321126	-0.5736587947	0.9964549636	-1.251533481	-0.797404274	0.9446009676	-0.8844025844	0.2308793061	-0.3416981966	0.3582544953	0.7686236375	0.07778565896	0.4999933659	1.440529194	0.8124215958	0.4148695684	0.2539373264	-0.3832542153	-0.3223448385	-0.7248034488	-0.07164026352	0.9028432567	0.5541877521	2.49851503	1.365734164	0.6613347193	-0.426255162	-0.4005969519	0.4374479957	-0.8923795261	-1.712972473	0.8083670681	0.2297690239	0.04775898609	0.7173171626	-1.121598409	0.9822947553	-0.9052122071	-0.4753015164	0.1323339286	-0.4184566981	-0.9338409504	0.03378170897	-0.2328099971	-2.059608	0.5909922738	-0.0108610745	2.81271945	1.804446206	-0.3521368505	-0.01890526698	-0.4620403907	-1.557927699	0.4333735708	0.8073542833	-0.07099435058	1.347176919	0.4104746744	0.888790441	0.114557675	0.683970961	1.060035914	-0.665493812	0.6039261339	0.2073210184	1.035273309	-0.004164671186	0.0972817217	-0.3718727032	-0.2611535014	0.0756527191	0.4351020438	2.335494236	0.7845381962	-0.136860613	0.6368466106	-0.01778860266	0.8283014927	-0.09507690069	-0.09728433343	0.4250331111	-0.811228715	0.8549330062	-0.1128784567	-0.1596561789	-0.7603068299	1.085049578	-1.067720204	-0.1497150425	1.12078671	0.7479899021	-0.3716357134	-0.1969897477	-0.374800393	-0.7356556786	-0.2330430833	0.246269004	0.7730537523	1.44785761	-0.676571677	-0.6628566574	0.6589935875	0.5517685421	0.768433184	0.5989576594	-0.1829104708	-0.1011561981	-0.2264406101	0.4817913435	-1.585452536	-1.944673975	-0.2486274682	-0.2730161592	-0.412618155	-1.110802712	1.040913357	0.3989387011	-0.4558539063	0.7431082698	-0.6952234916	0.8754925245	0.9964997731	0.5087534796	1.414428985	0.6481118747	-1.081278299	0.4048664905	0.868102022	0.8936146365	1.062935895	-0.1624489468	0.249430062	1.563255203	-0.02779665284	0.2805683776	-0.640319698	0.6667564799
1.1709998	0.1512827425	1.33653114	0.1876970384	-0.3408210045	0.1629574699	-0.7789781874	0.7713600338	0.03667154791	0.7805364857	0.5937715981	0.894724557	-0.9951282092	-0.3295313129	-0.01741591352	-0.1568397322	-0.03643063429	-0.2775425875	0.1394302645	0.6428140032	0.8000232455	0.4728106944	1.240189769	0.360243522	-0.795674373	1.762014159	0.6525555694	-0.6410272621	1.236414279	1.120035529	0.8560580189	0.3090147674	-0.6635391968	0.340727472	0.4539733192	-0.8095882161	0.7055086989	0.4786724866	0.8788264572	-0.2462886339	-0.7632288793	0.3356562731	2.511509312	0.03623492037	0.3312851128	-1.105768308	0.06297521647	1.489214419	0.5682701724	0.4075353753	0.3704649195	0.5508192026	0.216128829	-0.04920993784	0.9063482429	-0.3039020956	-0.2437325948	1.173600274	1.941730805	0.6642645162	0.02857098857	0.07957108404	0.00183513516	-0.3866742882	-1.454672882	1.101417753	0.05460475312	-0.9672767592	0.663615141	0.3672705153	-0.6926607918	-0.5615597014	-0.08492005772	-0.05994340433	-0.5132805629	-0.919926682	0.3851659774	-0.3517393219	-0.1214053621	2.190730326	-0.4182830983	1.30476101	0.4057297519	-0.8622048938	1.948679375	-0.6374377013	-0.5787112389	0.1603087167	1.250829883	-1.383915544	-0.3139101632	-0.162519982	-0.1500878566	0.222352928	1.430358426	1.14645083	0.3923526796	1.273458662	0.4784170906	0.2227650011	-0.3068544363	-0.1195980268	-0.1064552191	0.5472802037	-0.6430486998	0.7107991323	0.3160778885	-0.3921274761	-0.4421727147	-0.05045062065	-0.004119548559	-0.1323625451	2.695408278	0.6127466705	-0.6694742325	1.555257751	-0.7080235442	0.4219535327	-0.2745739729	0.5090996191	0.4185521616	-0.5883887267	-0.133434398	0.09739030959	0.3994317944	0.1463873644	0.5690216942	0.423724572	0.5899683842	-0.5153548948	0.1022517095	-0.1974784303	1.181977135	0.562456348	-0.6524777701	-0.3045876452	-0.04095855907	0.03533017107	-0.09551572475	-1.696266513	-0.9816629201	1.515831569	-0.5114105018	-0.7053008107	0.5553824852	1.170352973	1.575541299	-0.816623157	-2.057201727	1.754038716	1.086958438	0.2889329879	1.503425055	0.3930197801	0.1414427651	-0.461887178	0.8138414218	-0.6884845566	-0.608183956	0.7614691541
-0.04783771031	-0.1230532805	0.03867631899	-0.5418438282	0.5234848979	0.2736022797	1.028114716	-0.2724937568	-0.3800499384	0.7295559922	0.439553672	1.435955793	0.2040021305	1.1248797	-0.06259598528	0.09909904793	0.4910491064	-0.1915487303	1.271286914	0.4328244295	-0.4600346256	0.9687827741	1.22919858	0.497896975	0.6286090912	0.9395303802	-0.4691513659	-0.7071218278	1.902084537	0.04660452364	1.030519145	0.1280599497	1.893097597	-1.417645987	-0.41431782	-0.6294269776	0.1775350828	-1.360698804	-2.043073289	-0.3990463508	2.098495548	0.3191265475	0.3466773933	0.2582144877	-1.323032841	0.2144402797	-0.4409475941	0.9425897797	-0.195844652	-0.01211029466	0.406002201	0.4029313395	-1.339312746	0.5154617008	0.8159810913	0.8074802163	-0.3107124373	-0.3438358768	-0.09750961753	0.5387928791	1.040806647	-0.7541825328	-0.08336629168	0.1978251282	-0.7515093589	1.072567431	0.4161585005	0.009002290578	-1.457712665	0.3933473624	-0.8290803802	-0.3833777599	0.3792486212	0.4016451173	-1.034933013	0.8299031405	0.2543647715	0.6377341095	1.593319818	2.348864828	-0.1033949074	0.3538460469	0.98917302	-0.1091136795	-0.1668505159	-0.7586046415	0.7485025331	0.2824977447	0.6561726393	0.2886953378	-0.6444972309	0.8336959809	0.09840476279	-0.5711084894	1.575588107	-0.8064655924	0.3164117871	0.09723141054	-0.3895111574	-0.03778665852	-1.091544156	0.0573744962	1.184692089	-0.3355647169	1.249203183	1.320707789	1.212443636	-0.4077520132	-1.911996788	-0.7292557154	0.7085159056	-1.256343304	-0.3941584537	-0.2815771466	-0.09610338525	0.3516520956	-0.05797796227	-0.007368570731	-0.1778853029	-0.7352416034	0.3324118869	-1.701829786	0.2512571798	0.561867491	0.9364174936	-0.235631259	-1.423543718	-0.4728524519	0.9213109283	-0.2487094687	-1.160821004	-0.8467224941	-0.1254510001	0.3132191933	1.081356081	-0.1629639298	-1.708417583	0.5461321113	-1.108884116	-0.2317001183	-0.1847343321	2.47111867	1.5072056	-0.4390493881	-0.8093290171	0.3070879688	0.630423527	-1.254862682	-0.9284026001	1.055786287	-0.03097152842	0.01275007293	-1.695262996	-0.3010461618	0.6755868984	-0.5100814075	1.186170645	-0.3828930587	-0.7941696233	1.375946649
-0.976893055	0.5492602481	-0.6701791428	-1.374815731	-1.118723881	-0.1807388181	-0.6814022665	-0.3871399642	0.1346179276	-0.7030258331	0.5448553936	1.077561085	0.2195244073	-0.1807175017	-0.2313450986	-0.2252597808	0.7116066098	-0.1228775146	1.147520289	-0.162962553	-0.06552000555	0.4127887123	1.193601434	0.02625884395	-0.941169884	0.09642632055	-1.39037275	1.064633917	1.340413021	-0.3433835519	0.2390050936	0.6301731909	-0.3571964732	1.290862474	-1.306556096	1.054486374	1.861220971	-0.1609306634	0.8189655615	-0.7594177253	-0.3256176819	2.769965592	-0.7367661287	0.9222169433	-0.6563318298	0.238707911	1.461427337	0.3593577255	-0.7758729997	-0.1109082967	-0.6994643778	0.1404248006	-0.2205283967	0.919433588	0.5706309367	1.195099383	-0.7826567162	0.845804664	-0.6303122651	0.2235187746	1.340128467	-0.0511681135	-0.09873681167	-0.4512123769	-0.5367489637	-0.5187714325	0.1182907727	-0.3859500297	-0.1493437536	0.1761204178	2.583221103	0.7317784871	0.07600593627	-0.05526205243	-1.213558486	-1.495714253	0.03703563434	0.9227754799	0.1505098974	2.343964917	0.5645219837	-0.1737588837	0.4605411403	0.538916721	-0.3953744455	-0.7354150359	-0.2350906183	-0.5010057624	0.4205126277	0.3253152363	-0.2504106069	-0.3325052227	-0.01966444744	-0.3421090169	1.757259184	-0.3888563512	0.3666008603	-0.04554418233	0.3184233764	0.4881920836	-0.03282133568	1.018617532	0.7025829619	0.7930959862	-0.002278605957	0.9706966585	-0.2606779229	-0.7638947302	-0.766172848	0.7640963501	0.1916248511	-0.131693861	-1.051122056	0.2778297356	-0.6110933314	-0.1011901457	-0.5715101531	-0.5236621796	0.4066126882	0.2624011243	0.4572517018	0.8738435095	-0.2505500774	-0.373918682	1.355283162	-0.5455241192	0.05842293975	-0.1229914008	0.3764656056	-0.1600793295	-0.6988098546	2.082001211	-1.252927625	-1.469024565	0.08256106876	0.1497124324	-0.8385286295	-0.6718441445	0.05664376172	-0.2058226093	-0.6750182371	1.49673451	1.042924531	0.2491024002	0.1443781284	0.3887712589	0.9201561696	0.02833536615	0.6316242599	-0.438975869	-0.3048698854	-0.691150623	-0.7512763332	0.424328161	0.2576387102	0.5773078849	-0.2639447336	1.61748379	-0.5779626621	0.60925335
-1.267196094	0.1276196492	0.7539166016	1.237797737	-1.206812935	-0.6170334799	-0.4442555548	-0.09450067434	0.08892829744	-1.365645387	0.5267011475	0.2674409153	-0.09207361158	-0.5249550804	-0.009664314739	-0.7272696766	0.5681936124	-0.7211725577	0.5110256793	-0.3320273625	-0.2628908548	-0.1543994617	0.772373483	-0.5262645671	-0.5966835695	0.2732047163	0.5333934201	0.7002207757	0.9472816528	0.3648421164	-0.5393773223	0.4357405082	-0.8343177088	-0.06921941636	-1.760263411	-0.08638021139	0.06864957107	0.0572231772	0.3771989256	-1.522252463	-1.168785793	0.5039073717	0.9352806945	1.529384759	-0.4215367111	-0.7919503575	-0.2521597674	0.7246415724	-1.125124045	0.6872724558	0.5467840498	-0.03233144757	0.7311248338	0.8549931901	-0.04400606741	0.9238684921	-0.99631291	0.8880158372	0.4259308315	0.696233236	1.244449677	1.978621614	-0.4383302636	-1.312628647	1.7479434	-1.67249859	-0.2729687288	0.5490881552	0.5994201036	0.03338294148	-1.840567082	0.4505681825	0.1209085191	0.5212118814	-0.7590278646	-0.7642409273	-0.2774961403	0.2547308673	-0.7207406103	1.555698963	-0.67565612	0.3496589513	-0.3051357984	0.1727088955	1.422420281	-0.007816336098	-0.7760225313	-0.4236462988	-0.4190731924	-0.8956620963	-0.1356129004	0.01925437908	-0.5118531919	-0.2617116722	1.505700245	-0.5760246135	-0.4172001615	1.99729675	-0.7546533161	-0.3523080705	0.0698214157	0.09217701884	0.008334717017	1.616004485	0.1824483558	-1.00241505	-0.3817444754	-0.6472249968	-0.2881063486	-0.2495262998	0.8284972856	-0.8527084831	-0.1638620484	0.01426859672	-0.5572108855	0.203208888	-0.3320896193	1.226991375	0.07295126058	-0.3878303299	-0.2344996422	-0.5098135305	0.5773547961	0.04553147945	1.076393623	0.2562321485	1.174340643	0.3352497022	-0.6580864895	-0.3551407109	-1.177522032	2.242793114	-0.3650104879	-0.475485656	-0.9591071525	0.601456606	0.8592756636	-0.9351755896	-0.2744859905	-0.2759820438	-0.7835055706	0.03973389702	0.9718946791	0.04175810474	0.09697803218	-0.4607019376	1.139091479	-0.3818144371	-0.3855854211	-0.213821831	0.1741837643	-0.9468178161	-0.1364581488	-0.06233944936	-0.8834682497	1.475306833	-1.705888455	0.4436914275	0.01183857357	-0.1930585496
0.7863118852	0.4977380978	-0.01799779786	-0.07992095134	1.566011559	-0.6344914346	2.309794736	-0.1571481904	0.3043605745	-1.406617277	0.4431225211	-0.2839823819	0.472777466	-0.1399823162	0.035966827	-0.2671507277	0.916642509	-0.9708147623	0.6218253398	-0.3464522919	-1.385173277	-0.1907478916	0.85027661	-1.324285888	0.6483136691	0.02734922262	-0.351206858	-1.273673808	1.13630234	-1.36199082	-0.5683463213	-0.1702151884	-0.6540120234	-0.7368876922	-1.099758074	-0.4401066523	-1.600245899	1.720654357	-0.2207448461	-1.219181921	-0.5398790313	-0.6418467119	-1.106608589	0.3955097654	-1.216306789	0.8939857263	-1.066766726	0.4492457136	-1.404585024	-1.118983673	-0.1304457558	0.3091902695	-1.369742472	1.013543601	-0.7660284788	0.4879810342	-1.010956407	0.5647765063	-1.135832034	0.4959162097	1.138468439	-0.6308148728	-0.6966104957	-0.9016381447	-0.3741606144	-0.7026103343	0.1833929281	-0.02735454981	-0.05671692927	0.6144273665	-0.5608301927	0.5605533589	0.1400137178	0.5189541256	-0.7669048494	-1.096460172	0.1049410603	-0.8012204896	0.3258395238	1.043507439	0.504668302	0.1180259165	-0.4737245765	-1.072823184	0.6149887683	-0.3811979873	1.123623303	-0.200671068	-0.1793573505	-0.829144916	-0.4356073709	-0.07359360482	-0.05172629684	-1.42405858	1.084816	0.01800941104	-0.5881736362	-0.5389283471	-0.9703353119	-0.3225518977	0.4491989584	0.8052402421	1.113593744	0.2166516228	0.4030398543	-0.9726109407	0.3198563371	-0.4031355261	0.5115690521	-0.142127452	1.06805199	-0.8062141059	0.08642800786	-0.7866058248	0.5048008933	-1.00468187	0.5877718354	1.772090789	-0.5330971172	-0.861064542	0.1929780394	-1.676999211	0.2426342613	0.7170728259	0.3871410712	0.003857681957	-0.07833165897	-1.487163506	-0.7711349087	-0.7208024003	0.07283279806	-0.7776082506	-1.028982073	-0.3020423821	0.9586495546	0.08501819842	0.006707641553	1.157816579	0.2700514685	0.8837380762	-0.780481537	0.9531716187	1.378879945	-0.5838496678	-0.323573871	-0.967874472	-1.50656158	-0.7279147545	0.7999827621	-0.5671969763	1.460608663	-1.063591692	-0.8400094037	-0.06834819389	-0.4177608584	2.694855959	-0.5598520332	-1.024812963	1.015358657	-0.607915156
-0.7474159432	0.01416740799	-1.318657351	-1.700479583	-0.9545661981	-0.7174418321	-0.6814600335	0.6947596074	0.004780865626	-2.002259713	0.7228251523	-0.3464605716	0.09965859694	-0.1053279495	-0.01370079077	-0.4731400755	1.364024792	0.08952099562	0.8304183864	-0.504190913	0.1469273423	-0.1518121379	1.20086886	-1.386995822	-0.5319101767	0.4195912548	-0.8396528356	-0.3570907473	0.1927902067	-0.4191063141	-0.0158997757	-0.1740257055	0.9631517254	0.4007415125	-0.6433718783	0.7711862324	0.8177696786	1.758979616	0.899536706	-0.2675651976	0.7407104591	-0.495309205	-0.2233745594	-1.023425473	0.5880918073	0.2191701676	0.934648765	0.8297373062	-1.023663435	-0.6455327075	-0.6245088938	0.1990837754	-0.5245024467	1.419300036	-0.8298892443	-0.2897820275	-1.255760184	0.5645043136	-0.5101646128	0.7532945069	0.7158762966	-0.7767308479	-0.7758501762	-0.4503574475	-0.2388592887	0.1152499205	0.2393791985	-0.6313304007	-0.1166905442	1.583501668	1.21931104	2.930069524	0.3136820167	0.2191040928	-0.2626187932	-0.5713112941	0.05151684726	1.456321922	-0.03482882407	0.9387349109	0.6862855101	0.8166340677	-0.89690211	-1.357755583	1.154587845	0.6846514167	-1.058486894	-0.007790363187	1.300176381	0.3466021752	0.8899401435	-1.765830172	0.3715928818	-0.2631976068	2.071828349	1.387262509	-1.451897572	-0.4709183852	-0.5534766424	0.1136430051	1.074390773	1.644028814	1.346320367	-0.2827232061	-0.9883198672	0.9198635796	-0.7269628958	0.1722296134	1.274317861	0.6004646656	1.147587704	-0.5960851773	0.4518162323	1.483154983	-0.1978961365	-0.8097789915	-0.4870060858	0.4933889037	0.03029119439	0.6942425254	0.5916736384	-0.0639422816	-1.452948431	1.002544765	0.5075484294	-0.4259262664	1.222432523	0.2380180581	-1.367242543	-0.5020422498	-0.1611954044	1.544492911	-0.1004185076	-2.340804127	0.6873976925	0.7056000821	0.2441300893	-0.4338589902	0.1428682478	1.002358085	-1.077184374	-0.7964265777	0.07751289696	0.8567236489	0.5809817781	0.1690750539	-1.517709064	0.3304012232	2.067272654	-0.224583956	1.019756297	-1.131434276	-0.4586863267	-0.2203515751	1.106590113	0.9400213925	-0.4466716911	-1.112716616	-0.3151061467	0.7583044248
1.595005365	0.01189326942	1.729265063	1.296082179	-1.128671991	-0.7185042401	-1.042826326	0.5164121611	-0.2700439073	-1.567610857	0.8111064216	-0.4352762388	-1.090892454	-0.3345575485	-0.5307748214	-0.8272317793	1.55119848	-0.502946458	1.472623511	0.004503291709	-0.493964444	0.5858234691	0.4046041614	-0.6720874726	-1.130579677	0.5374477404	-0.6776171619	-0.3237079164	0.506105728	1.461196511	0.8042395352	0.4870648589	-0.3988551704	-0.5485741237	-0.6309393182	-0.9340141021	1.170548543	-0.6776872346	-1.367552124	-0.1784146896	-0.2602167607	-0.2666470989	1.472125853	0.4570921638	0.9431775143	-0.05215276383	-0.5493836318	2.006085035	-1.063282989	-0.549047192	0.1113615044	0.4202033507	0.5474199951	1.243361081	-0.6463485372	-0.8979645179	-0.8076378689	0.08211920499	0.5901848171	1.551517273	0.08824567784	-0.3918096718	-0.8861962418	0.04184186863	0.6606244496	1.020315705	0.01683029454	1.964742729	0.2904017197	1.147670512	-1.263668927	-0.5378899944	0.4991115984	-0.1072364372	-0.3758428161	-0.5651422326	-0.1137086543	0.8067506019	0.3957095973	0.5474489061	-0.7575580538	0.5738151773	-0.4152677939	0.6570000307	0.8518643659	0.5932740506	-1.181888964	0.4076086804	1.291299634	-0.1948176122	0.005486240865	-0.475452017	0.6368997581	-0.5685470396	0.7990361426	-0.274736844	0.3494607648	1.111448666	1.271303502	0.1872817337	0.7489504004	1.950833753	2.112945533	0.2558514702	-0.5995959678	1.391482982	0.1958241028	0.462329975	-0.3583243768	0.5501439483	1.735167615	-0.002770436838	0.6305171928	2.085840879	-0.2597860178	-0.8595970793	0.4811318881	0.8444583837	0.3428700234	-0.215796646	-0.01450044445	-0.8125781947	-0.327623806	1.180415111	0.4271928573	-0.7670654229	1.644492162	-0.08829246852	-1.349250093	0.4925092621	-0.5326025092	1.729143562	-0.5130514286	-0.983413596	0.06175830232	0.3989762997	-0.07165443553	0.6274355213	-1.083871949	-1.050160265	-0.6911751705	0.1362205828	0.0702767865	-0.2351378443	0.731218448	0.439179801	-0.1782626884	0.5455052321	1.083818471	-0.1590011291	0.441801771	0.1922811747	0.6341690725	-0.8508679866	0.4269778937	-1.332749833	0.00638041334	-0.08057488709	-0.1639213798	0.9068744179
-0.2026996173	0.07540067023	-0.8868279968	-1.09209418	-0.2802477925	0.1551301245	0.3632309741	0.3024581737	0.1139184363	-0.3626894738	0.5841260197	0.1046022573	-0.4923796866	0.6804675608	-0.3552623633	0.4570926923	0.9898511842	-0.533554899	1.614937152	0.1062062356	-0.03754522249	0.6570802622	-0.9343747132	-0.3980657475	0.1464613008	0.1262687288	1.048397304	-1.05801701	1.313964796	-0.3025726535	0.8789811718	0.3413095297	1.896868463	-0.5827470501	-0.07503996657	0.4261075897	1.13366774	-0.2192926828	-1.156285819	-0.5289253523	0.4081560924	-0.6759854921	0.3367259004	0.4692411178	-0.4046676034	0.5912380356	-1.205143877	1.936060648	-0.6582986856	-1.075666951	0.3290085372	0.3468500498	-0.9733894559	0.7334885454	-0.4093452747	0.2253990732	0.0136878509	0.7302746555	-0.07269773474	0.04949880319	-1.02912076	0.7516105337	-0.7669928043	0.4601204505	-0.1739936269	0.5646364245	-0.2146190557	-0.7647065394	0.07426552564	-0.3610317585	1.19215394	-0.6007960433	-0.04140529685	-0.9073070544	0.2108006867	0.9357881041	-0.1844878328	0.2305623902	0.4534559363	0.309379558	1.689106138	-0.4328185232	-0.08867733869	0.6294951217	0.3597491062	0.6011571957	0.9419104669	0.7678286301	0.01902922932	0.3823553855	-0.117635902	0.3330540019	0.6886197261	-0.4799930499	-2.463498376	-1.127875023	0.5576826207	-0.117858595	1.332838712	0.3027678672	0.2382602305	1.598952637	1.535730073	0.5187910147	0.3839490448	-1.767030951	0.5804320627	0.2724147275	-0.3663643201	-0.1828388492	1.435709228	0.5451980164	-0.9706118852	0.51019489	0.4839063722	-0.8842228387	0.9612360934	0.410323665	1.022948152	-0.07269332442	-0.4380454247	-1.826777346	0.2415701143	0.218972709	0.5502812199	0.2451311474	0.6499110868	-0.1820065956	0.4025591965	0.6015954603	0.1529861701	0.07393439753	0.4344245797	0.6038342262	1.783417223	0.7238831934	-0.6780397856	-1.268546044	-0.5518814051	0.3153811713	-0.295902467	0.9640839385	0.5077586183	-0.063928528	0.2811682269	1.258632526	0.07792247812	0.4090321997	0.06347663752	0.539236793	1.356818628	0.4120719125	0.7036050849	-0.2857802706	1.201933051	-1.682437198	1.156610031	-0.5312912905	1.666653937	0.2757714673
-0.7657159567	0.01277503926	0.876814718	1.074048187	-0.7786679486	0.3348368496	-1.204176487	0.3242206415	0.1680364399	0.1272833342	0.432124329	0.2548917716	-0.551751522	-0.7022887166	-0.06575195766	0.3946620844	0.4552129063	-0.2640209106	0.3921214296	0.08028616165	0.6720789223	0.933070884	-2.139601042	-0.5032634037	-0.4871540666	-0.2734956224	0.9027354322	-0.3753583586	1.422404144	1.063752372	0.3778125074	0.224500882	0.1761519956	0.04074433819	0.1353125815	-0.4200251567	0.5249400048	0.5075676513	0.4262657181	-0.558269835	-0.7570052169	1.093101371	0.6163414605	0.2993497177	-0.3720168193	-0.26809122	0.1995422157	0.9796580863	-0.1741889808	-1.825548034	-0.1506068034	0.3544664643	0.339555285	0.2441246409	-0.2320147941	0.7053058838	1.35486795	1.184040792	-0.07334121667	-0.3858913611	-1.376667924	2.741668596	-0.876231424	0.5751377939	1.192443427	-0.8698790888	-0.9505721366	1.804440625	0.7549758054	-1.220417443	-0.6793446696	0.6762586642	-0.09165153674	-0.8324806131	0.5758372365	-0.2072836762	-0.2449123856	0.6774805391	-0.8749728988	-0.306049225	-0.833734087	-0.5258489403	0.4442278902	0.04484752425	0.4021647685	0.5301384776	-0.8648609856	1.075687785	0.8142041035	-0.4810809349	0.2838677642	-0.3176065926	0.5242552802	0.2444300175	-2.514154027	-0.8307724242	-0.1917319894	1.906926008	0.8866759179	0.09153008146	-0.007929942887	0.930693778	0.3360380955	0.3653092604	0.6205035878	-1.093694244	-0.2381627592	-0.1691867303	0.7944009742	-0.5084570592	-0.7220345596	0.4342867583	-0.4556624796	0.3446909077	-0.7559763926	0.1168221966	-0.1249758374	1.304483437	0.8031306371	0.02878055897	-1.150631947	0.7260519698	0.3546104634	0.05925224778	0.8465826017	0.5716159865	-0.1387698424	0.9470622008	1.323447736	0.0770214837	-0.5706034106	-0.1770091922	1.54944283	-0.1794639265	1.146528415	-0.279967496	0.5076236326	-0.1288199709	-0.6728693782	-0.3229471412	-0.5322412671	0.1493423178	0.3430266336	-0.002028654185	0.7920543342	1.396247042	0.9983789804	-0.4029306664	0.02090817514	-0.02963794722	0.6749695258	0.3130520584	0.523472402	-1.432137398	0.584291754	0.223074323	-0.4548740073	0.2656394144	1.063623189	-0.6652055379
0.2315184554	-0.1342329661	-0.1816346734	-0.3068528283	0.6267120467	0.03344186074	0.8355493097	0.05844570438	-0.01370993954	1.023233909	0.06337183598	0.5768907645	-0.04939047057	1.165397481	-0.5296834099	0.7785628204	-0.380487197	-0.04858869939	-0.1679043094	-0.654410311	-0.4978001175	1.504650117	-2.43584135	-0.2173592281	1.071089015	-0.5854873239	-0.2675231039	-0.6465017699	1.959848768	0.7937860299	-0.2430232177	-0.688811238	2.086510235	-0.5733231778	0.3991738156	-1.12802023	0.5923152315	-1.383615804	-1.88850642	-0.1258459429	1.897011005	-0.2302619568	-0.3814473531	-0.1751138946	0.8572635002	0.1498137558	-0.8483762322	-0.05994060944	-0.4543206072	0.1390798941	-0.7650807686	0.4976385242	-0.4093898241	-0.03009675577	-0.1722200356	0.5200416892	1.987362674	-0.1952002715	-0.1240272982	-0.6385698141	-0.6691681822	-0.321923343	-0.7112186918	0.5486419549	-0.2402133681	1.043184011	-0.1661168539	0.5023415396	-0.3787548193	-1.131654297	-0.1428615986	-0.1361007919	0.2556407945	-0.2834798542	0.1530214787	-0.01161864043	-0.1680527251	1.054265696	1.509280663	-0.03063218476	-0.08811230964	0.04309614242	0.7605603719	0.4473676965	0.2983786073	-0.01583439773	0.1927773727	1.106191257	-0.3789786688	0.948225711	0.2555325833	0.8585921765	-0.3858058645	-0.6638770474	-0.7862522405	-1.186958612	-0.1058627326	1.024736211	1.544914442	0.5625687304	-0.4029805426	0.4251784208	-0.08643091032	-1.077757752	0.3037458015	-0.9026128991	1.646720638	0.5143967901	-1.270873708	-0.2029743711	-0.5206341701	0.7520169788	-0.5038346895	-0.1805140017	-0.3823134011	-0.4601557179	0.6287876448	0.8785991829	1.16002734	-1.533033674	-1.239670477	-0.6755838569	1.273098357	1.140259913	0.3923849701	0.7774020029	-0.8946542892	0.9163060837	1.367957466	0.9472061037	-1.34472164	-0.8118875755	0.443038205	0.5511452148	0.05293032716	-0.6920921879	-0.1558091418	1.066698465	-0.6328121982	-0.2314700988	-0.1031543188	-0.4488728627	-0.7701543375	-0.6494415331	-0.160132222	-0.505209346	0.3312915941	-0.312590159	0.5848877569	0.4180253359	0.00498632103	0.5274324807	-0.2170504317	-1.247503793	1.389498385	-0.6588352749	0.5772253461	0.7547051484	-0.1794122423	0.1792251467
-1.380208188	0.3087210523	0.4144617848	1.198067443	-0.6361822985	-0.2401553454	-0.8069592289	0.4539748712	0.6592373296	1.056216048	-0.2872827304	0.815588403	0.4799729441	-0.7186491615	-0.3011044672	1.005170716	-0.7836066297	-0.5551490272	-0.2194300681	-1.421406751	0.3586543258	1.476527047	-2.183400847	-0.5915207166	-0.9957384566	-0.3217586156	1.189012013	1.077111919	1.650903841	-0.1083839874	0.1279086604	-0.9237554659	-0.3715014469	0.5575072847	0.3590801592	0.0378606691	-0.5383172793	0.0976347214	1.217009993	-0.6885464374	-0.7246857712	0.4264595293	0.4392266045	1.218404171	0.4486898958	-0.1327225269	0.1131246595	-0.7704820586	0.09602335498	1.164518314	-1.145469547	0.01423140163	0.2771557791	-0.1719152948	0.7290894668	-0.2748332314	1.725607518	0.7327163071	-0.1529691362	-1.42827059	-0.495968705	-0.0397074106	-0.6081654254	-0.01519218482	0.2606763029	-0.6579098832	0.2896908307	-0.1682361727	1.620521204	-0.3638388158	1.250794924	0.1069928467	0.2077755002	-0.5738153338	-0.1965541626	0.5210724326	-0.3495717368	0.4214452561	0.8814219945	0.1319156301	0.6652539217	-0.1080016828	0.2347187978	1.009866326	-1.555144299	-0.2142621014	0.1246241418	0.5619614032	-0.5667184147	0.5201937972	0.4071192003	0.8073077699	0.2258145071	-0.9105867641	0.1573900783	-0.7801041175	0.6976252692	0.2729341524	-1.705852744	0.5713313084	-0.2270610497	0.9825544313	-2.20072073	0.3618955686	-0.8982660594	-0.2759023944	0.3289800455	0.1681063699	0.9775588888	0.606490013	-0.9087487395	0.555317384	-0.2326145204	-0.6256719082	0.05605875386	-1.13256456	1.849500196	0.5268561196	1.179203447	-0.006017350881	-0.3166715467	2.441465352	-0.2757800204	-0.2040888132	0.3863372264	2.054297771	0.6986515874	-0.146203245	1.169329277	0.778423734	-0.6104330089	0.2999681545	1.220118971	0.8463213444	0.0432603564	-0.2663557131	0.470081897	0.5796414258	0.6986044395	1.563247266	-0.2715248501	-0.924680611	-1.40340246	0.2618603854	0.31657714	-0.9766293496	1.096820939	0.1600231084	0.4034545381	-0.4514866794	-0.01775611298	-0.06536334587	-0.4811337908	-0.875422101	0.09768537842	-0.1806473221	-1.175040796	1.31161572	0.9423923834	-1.217450362
1.146281704	-0.2246982231	-0.03865265146	-0.4030136815	1.815194184	-0.3513495761	2.26361014	0.4710628745	0.3545444353	1.421654311	-0.7329246889	0.4052106197	0.09458178943	1.127515304	0.5506966338	0.7158601333	-0.9574359199	0.005332363173	-0.4836709545	-1.760977838	0.7312916165	1.086046049	-1.837087616	-1.184482076	0.6068110094	-0.4004378189	0.8637008132	1.20640968	1.500238483	0.5084269386	0.3014413138	-1.343742159	-1.379685148	0.2663906791	0.6886162368	-0.1910536995	-2.836933727	1.608307178	0.5691650287	-0.7570050188	-0.797144734	-0.2578387263	0.1544070883	0.551110081	-0.8390062554	-0.5230737848	-0.8171956081	-1.049684081	0.3539850284	-0.9301187335	0.02179232927	0.004941208459	-0.0440151994	-0.4588198258	0.8122056882	0.153125138	2.50705201	0.3101780488	-0.1264044725	-1.232554932	-0.4499178496	0.09919687608	-0.9413322211	0.1564822975	-0.1658653916	-0.4453137393	0.4470812029	0.2683501777	0.2342975406	-0.2267733248	-1.231488896	-0.2525094708	0.310005841	-0.3495748533	-0.6942573116	-0.02422508173	-0.7046466256	0.3961324992	1.622170704	-0.200705158	-0.5113589122	-0.7264499395	-0.2891295232	-0.2318957685	1.729949247	-0.7766578625	-0.6229201945	0.0704497412	1.514971191	-0.2793514587	0.6896668957	0.9167547741	0.1152555877	-0.5039930818	0.4339119856	0.1418119185	-2.199567886	0.8419123313	-1.167917116	0.1430258863	-0.04697102566	1.344794863	-3.137099502	0.9657776801	-1.051564749	-0.7151405128	-0.621511804	-0.3509726	1.148737343	-0.1886275658	-1.272177808	-1.741575515	2.427457587	0.01084417007	0.8876900079	0.1727961739	2.280712871	0.4669472578	0.1447389505	-0.8858926822	-0.520359303	0.5737812612	0.1646234721	-1.364944582	-0.2679100744	0.8161390151	-1.377323502	-1.004954116	0.8417534081	-0.6758314698	0.3712993041	1.093578241	0.8355767467	1.199538465	0.4028011817	-0.5224724688	-0.02899517799	0.6931229251	0.3065082792	1.806417478	-0.866647749	-0.6991890453	-0.9526439091	-0.4874472481	0.1874968398	-1.091001208	-0.2177143093	-1.115289428	0.755418013	-1.049084858	-0.8097315123	0.08538599033	-1.105478791	0.1590084825	1.73356358	0.9013421135	-1.180644311	1.062622552	-0.2601988444	-3.898763863
